time,time,flux,flux_err
1571.0171673644452,1571.0171673644452,1.0002318042808602,0.0009208366836402082
1571.0255007662397,1571.0255007662397,1.0000527850576189,0.0009172743783126371
1571.0331397179566,1571.0331397179566,0.9999585517366674,0.0008347556813205744
1571.0400842194097,1571.0400842194097,1.000367203527761,0.0008324378363487202
1571.0470287209562,1571.0470287209562,1.00060321479089,0.0008298581130188849
1571.0539732224097,1571.0539732224097,1.000602987079359,0.0008272034481995585
1571.0609177239573,1571.0609177239573,1.0001115125615072,0.0008247541381978815
1571.067862225504,1571.067862225504,0.9992602462483168,0.0008222291072814616
1571.0748067269574,1571.0748067269574,1.0001373127744269,0.0008199293416798885
1571.0817512284107,1571.0817512284107,1.0012072274755004,0.0008177946277192717
1571.0886957299572,1571.0886957299572,0.9987639234254887,0.0008149074939146341
1571.0956402315046,1571.0956402315046,1.0005549192800993,0.0008129110311445913
1571.1025847329583,1571.1025847329583,0.9992292446833861,0.0008104758719639351
1571.1095292344116,1571.1095292344116,1.0000217890779581,0.0008087769968410984
1571.1164737359582,1571.1164737359582,0.9996867241541766,0.000806849601279613
1571.1234182374114,1571.1234182374114,1.0002611308339238,0.0008051229174115181
1571.1303627389584,1571.1303627389584,0.9999323552705126,0.000803434388502417
1571.1373072403194,1571.1373072403194,1.0004840316499197,0.0008017206290091011
1571.144251741773,1571.144251741773,0.9996281406602365,0.0007995446720657915
1571.151196243319,1571.151196243319,0.999695213991753,0.000798050742085382
1571.1581407447725,1571.1581407447725,1.0002297619966207,0.0007968729039015035
1571.1650852462267,1571.1650852462267,0.9997529292039093,0.0007951989582511308
1571.1720297475872,1571.1720297475872,1.0010434502294117,0.0007940201464898212
1571.1789742490407,1571.1789742490407,1.0010898431350967,0.0007931038420373871
1571.1859187504942,1571.1859187504942,0.9989169472244628,0.0007913561537780927
1571.192863251947,1571.192863251947,0.9991905197992317,0.000790340489610807
1571.1998077532148,1571.1998077532148,0.9998064842015875,0.0007890444782289183
1571.2067522546695,1571.2067522546695,1.0006733021474032,0.0007885383012685732
1571.2136967561223,1571.2136967561223,0.9994505180141975,0.0007869445760540639
1571.2206412573898,1571.2206412573898,1.0000449384538328,0.0007859688167708137
1571.227585758843,1571.227585758843,0.9995755924451151,0.0007850398803757602
1571.23453026011,1571.23453026011,1.0008306489021674,0.0007840375890751292
1571.2414747614716,1571.2414747614716,1.0000327322867464,0.0007829662606515982
1571.248419262832,1571.248419262832,1.0007391663900094,0.0007815491598950001
1571.2553637640988,1571.2553637640988,1.0001803620363474,0.000780259398574862
1571.2623082654588,1571.2623082654588,1.0002359825881137,0.0007790172709889306
1571.269252766726,1571.269252766726,0.9993740719840399,0.0007776357270186553
1571.276197267994,1571.276197267994,1.0002914272295402,0.0007767171781346531
1571.2831417693546,1571.2831417693546,0.9998056408189282,0.0007754424966657794
1571.2900862705287,1571.2900862705287,0.9991863963088198,0.0007743793334271707
1571.2970307717956,1571.2970307717956,1.0006267644986688,0.0007732420708542306
1571.3039752730624,1571.3039752730624,1.0017674560630074,0.000772083003031136
1571.310919774237,1571.310919774237,0.9997275709554525,0.0007703755023920364
1571.3178642754117,1571.3178642754117,0.9994827803646729,0.0007686147492689092
1571.3248087765858,1571.3248087765858,1.000769650367761,0.0007677565496145274
1571.33175327776,1571.33175327776,0.9991630316510461,0.0007656850731284205
1571.3386977789337,1571.3386977789337,0.9982535339264931,0.0007645373935385581
1571.3456422800148,1571.3456422800148,0.9999700715495546,0.0007629528787209666
1571.3525867811893,1571.3525867811893,0.9999052194575933,0.0007618777503424642
1571.3595312822706,1571.3595312822706,1.0020274383896364,0.0007605341048463045
1571.3664757833517,1571.3664757833517,1.0007796996414136,0.000759185232697142
1571.3734202844323,1571.3734202844323,0.9986057295039898,0.000757229940737769
1571.3803647854197,1571.3803647854197,1.000647657624547,0.0007560099421180486
1571.387309286408,1571.387309286408,0.9989316948574866,0.0007544849201775487
1571.3942537874896,1571.3942537874896,1.0004803977147336,0.0007535505729726478
1571.4011982884774,1571.4011982884774,0.9996408815477107,0.0007517443984180292
1571.4081427894653,1571.4081427894653,0.9998250721096709,0.0007507831585307084
1571.4150872903597,1571.4150872903597,1.0002114825470492,0.0007500292713798598
1571.4220317913473,1571.4220317913473,1.0003653623185393,0.0007487232960132414
1571.4289762922424,1571.4289762922424,0.9999220320912121,0.0007480820172937354
1571.4359207930447,1571.4359207930447,1.0007927735559596,0.0007475921598530059
1571.4428652939391,1571.4428652939391,1.000535029632026,0.0007464626234845699
1571.4498097947405,1571.4498097947405,1.0004182861630364,0.000746054200427921
1571.4567542956352,1571.4567542956352,0.9983651635139195,0.0007451236445583908
1571.4636987964368,1571.4636987964368,0.9993257254461732,0.0007451125307062177
1571.4706432973323,1571.4706432973323,0.99866362694605,0.0007446280124194704
1571.4775877981338,1571.4775877981338,1.001089933770788,0.0007448470174986281
1571.484532298749,1571.484532298749,1.0005177453047263,0.0007448290890852046
1571.4914767995504,1571.4914767995504,0.9999453219287787,0.0007445323786164525
1571.4984213002585,1571.4984213002585,1.0011953221976642,0.0007444908624563756
1571.5053658008749,1571.5053658008749,0.9996705201887167,0.0007438644822606142
1571.5123103015835,1571.5123103015835,1.0003398908062675,0.0007440528564137094
1571.5192548021982,1571.5192548021982,0.999734283964466,0.0007435324593987724
1571.5261993028137,1571.5261993028137,0.9990974198777692,0.0007429004387742008
1571.5331438034289,1571.5331438034289,0.9992241048503656,0.0007429781619133305
1571.540088303951,1571.540088303951,1.0002941801368237,0.0007431945961260641
1571.5470328044744,1571.5470328044744,1.0010831401679372,0.0007430566639827967
1571.5539773049961,1571.5539773049961,1.0000287965790213,0.0007423302154299241
1571.560921805425,1571.560921805425,1.0006799394699135,0.0007420312956189401
1571.567866305854,1571.567866305854,0.998773823339457,0.0007418183361897785
1571.5748108063758,1571.5748108063758,1.0002749058233529,0.0007416433573474391
1571.5817553068057,1571.5817553068057,0.9999654162517884,0.0007415572791275706
1571.588699807142,1571.588699807142,0.9999346243261128,0.0007414205402582342
1571.5956443074776,1571.5956443074776,0.9993310863402417,0.0007411039545793737
1571.6025888079066,1571.6025888079066,1.0011243550352185,0.000741499606330586
1571.6095333081491,1571.6095333081491,0.9997545302635927,0.0007412277173102418
1571.616477808392,1571.616477808392,0.9999752179509158,0.0007408321693074974
1571.623422308729,1571.623422308729,0.9998322743120248,0.0007406441759544061
1571.6303668088785,1571.6303668088785,1.0001111106558251,0.0007405069468658503
1571.6373113091208,1571.6373113091208,0.9994305065875009,0.0007403451289007741
1571.6442558092708,1571.6442558092708,1.00029760050345,0.0007401027994775084
1571.65120030942,1571.65120030942,0.9999232505319879,0.0007398519006282798
1571.6581448094762,1571.6581448094762,0.9999698301736997,0.0007396368870166842
1571.665089309534,1571.665089309534,1.0006720193074325,0.0007394826231617371
1571.6720338096834,1571.6720338096834,0.9998822307539875,0.0007389323538090359
1571.67897830974,1571.67897830974,1.0001395180950454,0.0007386253941505663
1571.6859228096098,1571.6859228096098,0.9996776052758175,0.0007381558158559097
1571.6928673096663,1571.6928673096663,0.9997905064541903,0.0007381088148792126
1571.6998118095373,1571.6998118095373,0.9991638210670335,0.0007373200741739325
1571.706756309501,1571.706756309501,1.0006242313456983,0.0007369999875764066
1571.7137008092777,1571.7137008092777,1.000274801328727,0.000736660912555139
1571.7206453093338,1571.7206453093338,1.000792629031454,0.0007359819391560634
1571.7275898090181,1571.7275898090181,0.9996528271406868,0.0007355244498950802
1571.734534308702,1571.734534308702,0.9998068710225543,0.0007348160324124203
1571.7414788083865,1571.7414788083865,0.9998789791925955,0.0007341752078272769
1571.7484233084438,1571.7484233084438,1.0000625055221986,0.0007334501130379711
1571.7553678082206,1571.7553678082206,0.9996280724049935,0.0007326448190947556
1571.762312307625,1571.762312307625,1.0007529568951552,0.0007322611493513776
1571.7692568071225,1571.7692568071225,0.9993300226770423,0.0007314980605325507
1571.776201306806,1571.776201306806,1.0009784914998492,0.0007306811682452829
1571.7831458064913,1571.7831458064913,0.9995446310356166,0.0007296882994985965
1571.7900903061754,1571.7900903061754,0.9983542977910181,0.0007292591156518744
1571.7970348053932,1571.7970348053932,1.0004633055423047,0.0007291423952528389
1571.803979305077,1571.803979305077,0.9996282173604859,0.0007281300335233812
1571.8109238043885,1571.8109238043885,1.0004085243415457,0.0007276538474773783
1571.817868303886,1571.817868303886,1.0000646575181595,0.0007272365896838781
1571.8248128031987,1571.8248128031987,0.9987797919457291,0.0007265865176720158
1571.8317573025101,1571.8317573025101,1.0014255960570546,0.0007263781538391358
1571.838701801821,1571.838701801821,0.9999849286923345,0.0007257598332361847
1571.8456463011328,1571.8456463011328,0.9995130268820198,0.0007253214472371653
1571.8525908003508,1571.8525908003508,0.9996082950402971,0.0007250994644221918
1571.8595352995694,1571.8595352995694,0.9998068749515095,0.0007245637583391986
1571.8664797987883,1571.8664797987883,1.0003846901925681,0.0007241726076325635
1571.8734242979135,1571.8734242979135,1.0008398246433639,0.0007242238112866321
1571.8803687970385,1571.8803687970385,1.0003368161861173,0.0007234209208441128
1571.8873132960705,1571.8873132960705,0.9998894038016335,0.0007232880361164349
1571.894257795102,1571.894257795102,0.9992890031236058,0.0007231024745471016
1571.9012022941345,1571.9012022941345,0.9993656189227382,0.0007231361734907361
1571.9081467930741,1571.9081467930741,1.0006087898305616,0.0007234206483295553
1571.91509129192,1571.91509129192,0.9998945769533023,0.0007234456661390991
1571.9220357908587,1571.9220357908587,1.0009985030161475,0.0007233723104872554
1571.9289802897974,1571.9289802897974,0.9991155420775856,0.00072270738553474
1571.93592478855,1571.93592478855,1.0000498823072468,0.000723017390870384
1571.9428692873028,1571.9428692873028,1.000580694020917,0.0007228798570648201
1571.949813786056,1571.949813786056,0.9999435846770168,0.0007224248761137574
1571.956758284809,1571.956758284809,0.9994457157751502,0.0007220342365510205
1571.963702783468,1571.963702783468,0.9992857811597871,0.0007222682096619435
1571.9706472821276,1571.9706472821276,0.9996122287777359,0.000722025194228208
1571.9775917807867,1571.9775917807867,1.0007206076904926,0.0007221938415245845
1571.98453627926,1571.98453627926,1.0003320347305666,0.0007212700077579144
1571.9914807778275,1571.9914807778275,1.000624993106361,0.0007215604951878019
1571.9984252763006,1571.9984252763006,0.9994705496277563,0.0007206866454719145
1572.0053697748667,1572.0053697748667,0.9996996125409213,0.0007207020710313237
1572.012314273154,1572.012314273154,1.0002054323077105,0.0007205456601181286
1572.0192587715335,1572.0192587715335,1.0002494351774147,0.0007201873249758152
1572.0262032699143,1572.0262032699143,0.9993672607143275,0.0007194121368040032
1572.0331477682018,1572.0331477682018,0.9994660487240254,0.0007191280940752597
1572.0400922664885,1572.0400922664885,1.0004313084343834,0.0007188997807205794
1572.0470367646824,1572.0470367646824,1.0000967344728615,0.0007185393867931356
1572.0539812628763,1572.0539812628763,1.001371832519414,0.0007185690254413811
1572.0609257610697,1572.0609257610697,1.0001486557926371,0.0007181464442031227
1572.0678702591708,1572.0678702591708,0.9990027794592556,0.0007173824762969996
1572.074814757179,1572.074814757179,0.9995792079263864,0.000717258808576358
1572.0817592552796,1572.0817592552796,1.0002625378435905,0.0007168332949809433
1572.0887037532873,1572.0887037532873,1.0000933405379833,0.0007171933191443597
1572.0956482512015,1572.0956482512015,0.9997668732431914,0.0007166865916687221
1572.1025927491155,1572.1025927491155,0.9995469643820197,0.0007157303594605159
1572.1095372470304,1572.1095372470304,0.9998689710055084,0.0007156396412034498
1572.1164817448525,1572.1164817448525,1.0009197607338531,0.0007154386197398396
1572.1234262425805,1572.1234262425805,1.0003239753492397,0.0007148676831838813
1572.1303707404018,1572.1303707404018,1.0003565867742543,0.000715136053024427
1572.13731523813,1572.13731523813,0.999342683528704,0.0007146445120161682
1572.144259735765,1572.144259735765,0.9996065478824934,0.0007143545963314136
1572.1512042333995,1572.1512042333995,1.0009559279066642,0.0007146921175729151
1572.1581487309427,1572.1581487309427,0.998965016103585,0.0007139554917337921
1572.1650932285777,1572.1650932285777,1.0000383186738222,0.0007136471477758791
1572.172037725933,1572.172037725933,0.9999629133712657,0.0007133318909517217
1572.178982223475,1572.178982223475,0.9999464885656432,0.000713422194679816
1572.1859267211098,1572.1859267211098,0.9999744010932197,0.0007132996780837918
1572.1928712184656,1572.1928712184656,0.9997313530177545,0.0007128305440777255
1572.1998157158218,1572.1998157158218,1.0011433621256436,0.0007130359484778118
1572.2067602131776,1572.2067602131776,0.9995708897238049,0.0007124474764641509
1572.2137047100675,1572.2137047100675,0.9996368778555013,0.000712609345718982
1572.2206492074233,1572.2206492074233,1.0007295819246678,0.0007123595905011411
1572.2275937047787,1572.2275937047787,0.999983961839882,0.0007122643310468197
1572.2345382016683,1572.2345382016683,0.999299023645077,0.0007121644058860138
1572.2414826989311,1572.2414826989311,1.0001231259597518,0.0007124671049617531
1572.2484271959154,1572.2484271959154,1.0002509611135106,0.000711672616229843
1572.2553716928983,1572.2553716928983,1.0004470882765404,0.0007121666727151097
1572.2623161898814,1572.2623161898814,1.000420949197934,0.0007116798114793585
1572.269260686864,1572.269260686864,1.0001576025907535,0.0007112959965446331
1572.2762051836612,1572.2762051836612,0.9988310634451125,0.0007111480138479671
1572.2831496805507,1572.2831496805507,1.000018540923001,0.0007110005001599038
1572.290094177349,1572.290094177349,1.0010394109379792,0.0007110171925638735
1572.2970386740524,1572.2970386740524,1.0007826765772767,0.00071101819723427
1572.303983170756,1572.303983170756,0.9998604652759685,0.0007103760666672212
1572.31092766746,1572.31092766746,0.9996621929003384,0.0007099715407302364
1572.31787216407,1572.31787216407,0.9990214105939043,0.0007097239186736758
1572.3248166605874,1572.3248166605874,0.9999820165359621,0.0007097896195272957
1572.3317611571988,1572.3317611571988,1.0001964552017681,0.000709211826875907
1572.3387056537165,1572.3387056537165,1.0006362850040955,0.0007086710008145892
1572.345650150141,1572.345650150141,0.9993786602572688,0.0007079412000031763
1572.3525946465647,1572.3525946465647,0.9999791956755661,0.0007078825214891355
1572.359539142896,1572.359539142896,1.0004939205094359,0.0007078319404194833
1572.3664836392268,1572.3664836392268,0.9998070482295833,0.0007068988746995262
1572.3734281353723,1572.3734281353723,1.0002322327381468,0.0007069180425095609
1572.3803726316114,1572.3803726316114,1.000257900044007,0.0007065033838246744
1572.387317127756,1572.387317127756,1.0013572149432926,0.0007061982065623168
1572.394261623994,1572.394261623994,0.9994389517610592,0.0007053919905766009
1572.4012061201388,1572.4012061201388,0.9990815023967888,0.000705272932076331
1572.408150616097,1572.408150616097,1.0004085481210825,0.0007050066847353898
1572.4150951121487,1572.4150951121487,0.9987276564890248,0.0007043581118513509
1572.4220396081084,1572.4220396081084,0.999901727600861,0.000704323368685543
1572.4289841040672,1572.4289841040672,0.999470921048405,0.0007040365869774585
1572.4359285998396,1572.4359285998396,1.0005136551774085,0.0007042298951436641
1572.4428730956115,1572.4428730956115,1.0002406277805458,0.0007036681973387803
1572.4498175914773,1572.4498175914773,1.0006755616478864,0.0007037303209295156
1572.4567620871562,1572.4567620871562,1.000288325874098,0.0007036244914531927
1572.4637065829288,1572.4637065829288,1.0001006460856217,0.0007032005518285253
1572.470651078516,1572.470651078516,1.0007219032060952,0.0007031320730372772
1572.4775955741018,1572.4775955741018,0.9998964399553213,0.0007026482237556108
1572.4845400695947,1572.4845400695947,0.9997908756445877,0.0007025413976295763
1572.4914845651808,1572.4914845651808,0.9982899891586575,0.0007028223656377943
1572.4984290605803,1572.4984290605803,0.9998585868710126,0.0007030106335741597
1572.5053735559802,1572.5053735559802,1.0000697405687817,0.0007025850437414567
1572.512318051288,1572.512318051288,1.0008568359606413,0.0007031496237766105
1572.5192625466875,1572.5192625466875,1.0002513594582487,0.0007029076210639408
1572.5262070419017,1572.5262070419017,1.000159919794937,0.0007025588515093728
1572.533151537208,1572.533151537208,0.9999039080691322,0.000702431827710448
1572.5400960322352,1572.5400960322352,1.0006121759844882,0.0007022061627816449
1572.5470405272624,1572.5470405272624,0.9994806118981279,0.0007020408564569753
1572.55398502229,1572.55398502229,1.000272772146588,0.0007025480265184922
1572.5609295173183,1572.5609295173183,0.9991994537440437,0.0007019768815405815
1572.5678740123453,1572.5678740123453,1.0001856828033047,0.000702226703653305
1572.5748185073726,1572.5748185073726,0.9994291195368005,0.0007020250416219015
1572.5817630023998,1572.5817630023998,1.0009913105845138,0.0007018307775416064
1572.5887074970542,1572.5887074970542,0.9997412767712135,0.0007018476686263106
1572.5956519919885,1572.5956519919885,1.0002053622986264,0.0007022911184730047
1572.6025964866437,1572.6025964866437,1.000743069238304,0.0007016535594826165
1572.6134298984211,1572.6134298984211,0.9984746586358874,0.0007012273515184248
1572.6262077684332,1572.6262077684332,1.0009760359041846,0.0007019479892293396
1572.6331522629948,1572.6331522629948,0.9994237761871625,0.0007015138284353583
1572.6400967574632,1572.6400967574632,0.9998637107550122,0.0007014502042602819
1572.6470412518386,1572.6470412518386,1.0006690473048134,0.0007016507934324102
1572.653985746215,1572.653985746215,0.9998931220221536,0.0007013460665916767
1572.6609302405905,1572.6609302405905,1.0010861893647816,0.0007015447062724742
1572.6678747348724,1572.6678747348724,0.9995198370664014,0.0007010700858359259
1572.6748192290615,1572.6748192290615,0.9991450948086669,0.0007009562392240373
1572.6817637233437,1572.6817637233437,0.9995988603865072,0.0007008643526411298
1572.6887082174394,1572.6887082174394,1.0002435549095496,0.0007011761183863649
1572.6956527115356,1572.6956527115356,1.0000368497551344,0.0007008137923240422
1572.7025972055394,1572.7025972055394,1.0003701388043473,0.0007007847823828127
1572.7095416996356,1572.7095416996356,1.0004568585071987,0.0007011133140631387
1572.7164861934518,1572.7164861934518,0.9997733613113062,0.0007007902758656387
1572.7234306873613,1572.7234306873613,0.9999343445335928,0.0007005989993053174
1572.730375181178,1572.730375181178,1.0000117134767343,0.0007005139519080786
1572.737319675088,1572.737319675088,0.9995599218121096,0.0007003733674671397
1572.744264168718,1572.744264168718,0.99974418962211,0.0007001403114646995
1572.7512086624424,1572.7512086624424,1.0005102416968632,0.0007001007338767178
1572.758153156073,1572.758153156073,1.0000536968007303,0.0007000660865939877
1572.7650976497032,1572.7650976497032,1.0002861652483908,0.0006999275484228913
1572.77204214324,1572.77204214324,0.9998226854441308,0.0006998974174885527
1572.7789866367773,1572.7789866367773,0.9998549979325582,0.0006993644349399981
1572.785931130128,1572.785931130128,0.9996801540188225,0.0006993557717249938
1572.7928756235724,1572.7928756235724,0.9999813043822595,0.0006993033941852121
1572.7998201169241,1572.7998201169241,0.9993285178763328,0.0006987335114221459
1572.806764610275,1572.806764610275,1.0010353102492477,0.0006993565467412318
1572.8137091034396,1572.8137091034396,1.0004234255458944,0.0006986837777860001
1572.8206535966042,1572.8206535966042,0.9982196517071378,0.0006982674826286363
1572.827598089769,1572.827598089769,1.0015242758568825,0.0006991000645122394
1572.83454258284,1572.83454258284,0.9995529853941788,0.0006986455343938467
1572.841487075912,1572.841487075912,1.000144562417247,0.0006981301235749277
1572.8484315689843,1572.8484315689843,1.0001364710677285,0.0006981823574816918
1572.8553760617765,1572.8553760617765,0.9996708176832427,0.000698032554011579
1572.862320554755,1572.862320554755,0.9990818608885691,0.0006981559081611572
1572.8692650476398,1572.8692650476398,1.0008506073312675,0.0006980901738024875
1572.8762095403388,1572.8762095403388,1.000355605068834,0.0006975852172049692
1572.8831540330375,1572.8831540330375,1.0000908677827538,0.0006974606006768322
1572.890098525737,1572.890098525737,1.000476689698876,0.0006977709417568667
1572.897043018437,1572.897043018437,1.0002754232425108,0.0006973381877207295
1572.9039875110425,1572.9039875110425,0.9992690714424812,0.0006975966535023395
1572.910932003369,1572.910932003369,0.9994177946697779,0.000697562425902459
1572.9178764960682,1572.9178764960682,0.9996806597049261,0.0006972852569704323
1572.924820988301,1572.924820988301,1.0002476626944485,0.0006973538124652187
1572.9317654807205,1572.9317654807205,1.0010071173369108,0.0006973971419402392
1572.9387099730473,1572.9387099730473,0.9995820662566286,0.0006973324451551359
1572.9456544653744,1572.9456544653744,0.9987521420464693,0.0006970047498043771
1572.952598957515,1572.952598957515,1.0011509698467327,0.0006977296940740838
1572.9595434497478,1572.9595434497478,0.9990906284461873,0.0006969749010157624
1572.9664879418883,1572.9664879418883,0.9996022941241602,0.0006973088288903065
1572.973432433842,1572.973432433842,1.0009249876555717,0.0006966825401141419
1572.9803769258888,1572.9803769258888,1.0008824402137577,0.0006969623755059848
1572.9873214177496,1572.9873214177496,1.0010044377903553,0.000696595543238033
1572.9942659097044,1572.9942659097044,0.9988136797506177,0.0006963294600468537
1573.0012104015655,1573.0012104015655,0.9998350886618302,0.0006967323397031333
1573.0081548933333,1573.0081548933333,0.9995408556082875,0.0006963627522797326
1573.0150993851007,1573.0150993851007,0.9983955618333109,0.0006965240070858507
1573.0220438767751,1573.0220438767751,0.9989580345116842,0.0006964544400633771
1573.0289883684497,1573.0289883684497,0.999794773905505,0.0006970237656308217
1573.0359328599377,1573.0359328599377,1.0015855109192322,0.0006966498514702123
1573.0428773515196,1573.0428773515196,0.9996454910791508,0.000696822525232235
1573.0498218430087,1573.0498218430087,0.9996818510502639,0.0006964016469316539
1573.0567663344036,1573.0567663344036,0.9998923502754344,0.0006964619747033609
1573.0637108257988,1573.0637108257988,0.9988599428616075,0.0006960045648399175
1573.0706553171008,1573.0706553171008,1.000450271253707,0.0006967977313431784
1573.0775998084025,1573.0775998084025,1.0002273032292408,0.0006961063851561615
1573.0845442996113,1573.0845442996113,1.0002032175990236,0.0006960889838655999
1573.091488790727,1573.091488790727,1.0003490108614763,0.0006961772097271263
1573.0984332818439,1573.0984332818439,0.9999289187101301,0.0006958315285842942
1573.1053777729594,1573.1053777729594,1.0006446898272223,0.0006960193336495626
1573.112322263889,1573.112322263889,1.0005724703337853,0.0006959734009933351
1573.1192667548185,1573.1192667548185,0.9987759523251978,0.0006958213143675644
1573.1262112457478,1573.1262112457478,0.9991355185112084,0.0006957794244614805
1573.1331557365843,1573.1331557365843,1.0010173099820903,0.0006957577174556935
1573.140100227327,1573.140100227327,1.0002063349110952,0.0006956770768385953
1573.147044718071,1573.147044718071,1.0003022321262793,0.000695361464393466
1573.1539892087217,1573.1539892087217,0.9993954845962559,0.0006954164727534603
1573.1609336993715,1573.1609336993715,1.0005829680687395,0.0006958282110265405
1573.1678781899284,1573.1678781899284,0.9995888169831252,0.000695342401409656
1573.174822680299,1573.174822680299,1.0001738427032794,0.0006952692864464419
1573.1817671708563,1573.1817671708563,0.9999856289379151,0.0006950533996584339
1573.188711661506,1573.188711661506,0.9994443618791748,0.0006947764545699901
1573.195656151597,1573.195656151597,0.9989260998103022,0.000694535796315725
1573.202600641783,1573.202600641783,1.0005145956147006,0.0006949728115379205
1573.2095451321536,1573.2095451321536,1.0005778541449113,0.0006948958564491173
1573.2164896224308,1573.2164896224308,0.99909297820274,0.0006947635115163253
1573.223434112429,1573.223434112429,1.0013232247858688,0.0006950296528185194
1573.23037860252,1573.23037860252,1.001235846799281,0.0006952539514883618
1573.2373230926112,1573.2373230926112,0.9994427324216234,0.0006945763460561261
1573.2442675825162,1573.2442675825162,1.0000542025643433,0.0006948746430243495
1573.2512120724218,1573.2512120724218,0.9986967215645379,0.000694335484873388
1573.2581565622345,1573.2581565622345,0.9999338857243035,0.0006946798360506991
1573.2651010520462,1573.2651010520462,1.0000553620840098,0.0006946310905576099
1573.272045541858,1573.272045541858,1.0003013983450504,0.0006944352247526446
1573.2789900314833,1573.2789900314833,0.9998357000193518,0.0006943293935059703
1573.285934521109,1573.285934521109,0.9996043199203847,0.0006942352030597911
1573.2928790107344,1573.2928790107344,1.0016608847787871,0.000694898354471862
1573.299823500267,1573.299823500267,0.9998403156288639,0.0006940654713112282
1573.3067679897072,1573.3067679897072,0.9992216591242415,0.0006940853022884059
1573.313712479147,1573.313712479147,0.9994544805436589,0.0006938411548869767
1573.3206569684,1573.3206569684,0.9997044304159749,0.0006941943777842084
1573.3276014578391,1573.3276014578391,1.000706086726305,0.0006939620229938395
1573.3345459470922,1573.3345459470922,0.9999521535523559,0.0006941297173502661
1573.3414904362521,1573.3414904362521,0.999591372275424,0.0006940345510209591
1573.3484349253185,1573.3484349253185,1.000758502278201,0.0006937613040134599
1573.3553794143854,1573.3553794143854,1.0003756839205615,0.0006936290499166574
1573.3623239034532,1573.3623239034532,0.9994563208445006,0.0006933043254444322
1573.369268392334,1573.369268392334,0.9994635588292983,0.0006933202856364459
1573.3762128813078,1573.3762128813078,0.9999712478605426,0.0006937689812691122
1573.3831573701887,1573.3831573701887,0.9999509190375331,0.0006934131950786704
1573.3901018589754,1573.3901018589754,1.0005176620155285,0.0006935097106122807
1573.3970463476696,1573.3970463476696,1.000154798459495,0.0006931016854628024
1573.403990836364,1573.403990836364,1.000482754340676,0.0006933761808369795
1573.410935325058,1573.410935325058,0.9987643660684519,0.0006930087848462105
1573.4178798135672,1573.4178798135672,1.0009675129158637,0.0006936869338433903
1573.4248243020752,1573.4248243020752,0.9990540137176502,0.0006930272061420558
1573.4317687904902,1573.4317687904902,1.000304087510665,0.000692740512020865
1573.4387132789984,1573.4387132789984,1.0001888802930121,0.0006931633442888834
1573.4456577673197,1573.4456577673197,0.9998472691940246,0.000692810220896576
1573.4526022555485,1573.4526022555485,1.0002263728941165,0.0006932534122407919
1573.4595467436836,1573.4595467436836,1.000505571930025,0.0006928615017169138
1573.4664912320986,1573.4664912320986,1.0003818872268113,0.0006929965790630598
1573.4734357201419,1573.4734357201419,0.99904550666567,0.0006925059734394803
1573.4803802081847,1573.4803802081847,1.0006408968224467,0.0006933576606814491
1573.4873246962268,1573.4873246962268,1.0003636137881418,0.0006927962324987313
1573.494269184176,1573.494269184176,1.0003236764149344,0.0006930422734031088
1573.5012136718458,1573.5012136718458,0.9994480782635936,0.0006925974911633767
1573.508158159888,1573.508158159888,0.9995487478893905,0.0006927557387437718
1573.5151026475578,1573.5151026475578,0.9999339380689225,0.0006926576895535946
1573.522047135321,1573.522047135321,1.0008370311466066,0.0006927479017782927
1573.528991622991,1573.528991622991,0.9998088919646475,0.0006924682282976457
1573.5359361105686,1573.5359361105686,0.9998285138131923,0.000692220338427733
1573.5428805980523,1573.5428805980523,1.0003323520315415,0.0006923443032393054
1573.5498250856285,1573.5498250856285,0.9999578320926586,0.0006921173232216375
1573.556769573019,1573.556769573019,0.9991759453222411,0.0006920624937979745
1573.5637140603162,1573.5637140603162,1.0009673101063494,0.0006922535272353055
1573.5706585477997,1573.5706585477997,0.9999230710428317,0.0006922443355272619
1573.577603035004,1573.577603035004,1.0006388023836608,0.0006921967698861991
1573.584547522115,1573.584547522115,0.9997998523916527,0.0006920585122689517
1573.5914920093203,1573.5914920093203,1.0005525804834179,0.0006925465252801886
1573.5984364964313,1573.5984364964313,0.9991860877651362,0.0006917778781613236
1573.605380983449,1573.605380983449,0.9996579451520187,0.0006923193969167004
1573.6123254703737,1573.6123254703737,0.9989870177225549,0.0006918147692155448
1573.6192699572985,1573.6192699572985,1.000211947259174,0.000692103509795555
1573.6262144441298,1573.6262144441298,0.9998892973495727,0.000691798611025392
1573.6331589309616,1573.6331589309616,1.0008226018163375,0.0006921945307701789
1573.6401034177002,1573.6401034177002,1.0003195182441278,0.0006922585479669323
1573.6470479043464,1573.6470479043464,0.9998493620455798,0.0006920941488583734
1573.6539923909918,1573.6539923909918,1.0011242760034538,0.000692124205717194
1573.660936877544,1573.660936877544,0.9994780332914948,0.000692048026270484
1573.667881364096,1573.667881364096,1.0005626146401023,0.0006917489807808131
1573.6748258504624,1573.6748258504624,0.999178367277674,0.0006921661227479735
1573.681770336921,1573.681770336921,0.9985928971893324,0.0006916394651538679
1573.6887148231938,1573.6887148231938,0.9992626051752824,0.00069193206624305
1573.695659309467,1573.695659309467,1.0015782743033208,0.0006925870544004702
1573.70260379574,1573.70260379574,1.0004053995081787,0.0006922579662066032
1573.7095482818272,1573.7095482818272,1.0019045066867933,0.0006924908699565827
1573.7164927680071,1573.7164927680071,1.0001472504417044,0.0006922419010814935
1573.7234372539074,1573.7234372539074,0.9996792082710207,0.000692136873222755
1573.7303817399938,1573.7303817399938,0.9990530729622886,0.0006915852604987315
1573.7373262258009,1573.7373262258009,0.9998198063418631,0.0006924210379955356
1573.7442707118873,1573.7442707118873,0.9989428302862908,0.0006917258837033704
1573.7512151976011,1573.7512151976011,0.9993335503842037,0.0006919824839143043
1573.7581596833154,1573.7581596833154,1.000786037445074,0.0006923627448915374
1573.7651041690303,1573.7651041690303,1.0007272072361906,0.0006918806666592996
1573.7720486547446,1573.7720486547446,1.0011691714215247,0.000692296185203298
1573.7789931399932,1573.7789931399932,0.9999214296421677,0.0006916636295262036
1573.785937625707,1573.785937625707,1.0000361248430536,0.0006916140808335074
1573.7928821110484,1573.7928821110484,0.9996555414162673,0.0006916630864768189
1573.799826596483,1573.799826596483,0.999429509563522,0.0006912381488451017
1573.8067710818245,1573.8067710818245,0.9997587199477141,0.0006917517531465451
1573.8137155670727,1573.8137155670727,1.0002356041671099,0.0006917165671064073
1573.8206600523215,1573.8206600523215,1.0012255921440756,0.0006921632323634241
1573.8276045374776,1573.8276045374776,1.0000484678085875,0.000691856288993635
1573.8345490225397,1573.8345490225397,0.9986272943613843,0.0006920454324474651
1573.8414935075089,1573.8414935075089,0.9990672543935896,0.0006915242943677377
1573.8484379924773,1573.8484379924773,1.000467105179781,0.0006919414527467213
1573.8553824774467,1573.8553824774467,0.9995890530912732,0.000691910277302257
1573.8623269623226,1573.8623269623226,1.0010155594381256,0.0006920696052093938
1573.8692714471047,1573.8692714471047,0.9996083600272915,0.0006917336760976395
1573.8762159317946,1573.8762159317946,1.000480742845058,0.0006919323198256238
1573.8831604164839,1573.8831604164839,1.0007101955730504,0.0006921245891725636
1573.8901049010815,1573.8901049010815,0.9997166848746601,0.0006921338965423055
1573.897049385585,1573.897049385585,1.0002932738231134,0.0006923160244910614
1573.9039938701815,1573.9039938701815,1.0000360989506596,0.000691800698899062
1573.9109383545915,1573.9109383545915,0.9991390681180295,0.0006918600815427306
1573.9178828390015,1573.9178828390015,0.9992479703895263,0.0006919446072257543
1573.9248273233184,1573.9248273233184,1.0003063305921913,0.0006924411324991055
1573.9317718075424,1573.9317718075424,0.9998586625952705,0.0006916291935880187
1573.9387162916732,1573.9387162916732,1.0000685553807283,0.0006919253395699793
1573.945660775897,1573.945660775897,1.000506677313876,0.0006919560744336083
1573.9526052599363,1573.9526052599363,0.9999270712448929,0.0006916514861084171
1573.9595497439736,1573.9595497439736,1.0002215894267081,0.0006922384356039122
1573.9664942279182,1573.9664942279182,1.0004982647584033,0.0006919826751567678
1573.9734387117692,1573.9734387117692,1.0003587194782155,0.0006921854825120612
1573.9803831956208,1573.9803831956208,0.9996345687408337,0.0006916585672499196
1573.9873276793792,1573.9873276793792,0.9999294979127867,0.000691704942364822
1573.994272163137,1573.994272163137,0.9987611590894356,0.0006914263619462031
1574.0012166468025,1574.0012166468025,1.0006814111939264,0.0006919333640718031
1574.008161130374,1574.008161130374,0.9989097833454677,0.000691502072034216
1574.015105613761,1574.015105613761,1.0007047895408652,0.0006920708421574728
1574.0220500972403,1574.0220500972403,0.9999516377075619,0.0006918786783067824
1574.028994580998,1574.028994580998,1.0006399100252374,0.0006920626941051926
1574.0359390639182,1574.0359390639182,1.0002029599767683,0.0006922097694759628
1574.0428835473042,1574.0428835473042,0.9998253594145735,0.0006919818271288883
1574.0498280306892,1574.0498280306892,1.0002721998608755,0.0006920353516034313
1574.056772513796,1574.056772513796,0.9998699026572744,0.0006916842880182318
1574.0637169969953,1574.0637169969953,0.9989938972992253,0.000691753046147818
1574.070661479915,1574.070661479915,1.0002283391714222,0.0006918114158771477
1574.0776059629293,1574.0776059629293,1.0002835201878317,0.0006918835140114394
1574.0845504458498,1574.0845504458498,0.9998591631703558,0.000691939240789892
1574.0914949287696,1574.0914949287696,1.0002712487750305,0.0006919798788423628
1574.0984394115037,1574.0984394115037,1.000019719011323,0.0006914991413902035
1574.105383894237,1574.105383894237,1.0003787958465715,0.0006919300100529026
1574.112328376971,1574.112328376971,0.999911982168814,0.0006916361335716647
1574.119272859612,1574.119272859612,0.9995161893124218,0.0006915490520805395
1574.126217342159,1574.126217342159,1.000902143176635,0.0006918634167985075
1574.1331618246136,1574.1331618246136,0.9996125482232989,0.0006917374162476769
1574.1401063070678,1574.1401063070678,0.9995623418939765,0.000691926351535219
1574.1470507893373,1574.1470507893373,0.9993814652073366,0.0006914465438273475
1574.1539952717917,1574.1539952717917,1.0005689180559845,0.0006919912161184053
1574.1609397540597,1574.1609397540597,1.0002839799605046,0.0006917164932725432
1574.1678842362348,1574.1678842362348,1.000573808926053,0.0006924135575381355
1574.1748287182231,1574.1748287182231,0.9998416447677505,0.0006919984158378886
1574.1817732003053,1574.1817732003053,0.9990222168154563,0.0006917442743045131
1574.188717682387,1574.188717682387,0.9993623440256754,0.0006915635776115292
1574.1956621642826,1574.1956621642826,1.0009417014173798,0.0006922098471574598
1574.202606646178,1574.202606646178,1.00077392713637,0.0006919806303134676
1574.2095511279815,1574.2095511279815,0.9998844741057225,0.0006920844009772071
1574.2164956097845,1574.2164956097845,1.0003950552066796,0.0006921474560129051
1574.2234400914008,1574.2234400914008,0.9992673354882392,0.0006920058686560913
1574.2303845730162,1574.2303845730162,0.999730947385945,0.0006918301043028152
1574.237329054633,1574.237329054633,0.9998338071809642,0.0006918001478116838
1574.244273536156,1574.244273536156,1.000520197969267,0.0006918412354285904
1574.2512180176789,1574.2512180176789,0.9992531332569772,0.0006917245005169491
1574.2581624990157,1574.2581624990157,1.0001693429956513,0.0006918202689821507
1574.2651069802591,1574.2651069802591,1.0004325492394113,0.0006921188208752521
1574.272051461596,1574.272051461596,1.0005290897672903,0.0006919343826636925
1574.2789959428408,1574.2789959428408,1.000831728853639,0.0006916962733784394
1574.2859404238984,1574.2859404238984,0.9981255663667596,0.0006914757166853365
1574.2928849049556,1574.2928849049556,1.0007205459378121,0.0006918887329221118
1574.2998293860132,1574.2998293860132,0.9983879544842813,0.0006916327791461019
1574.3067738670702,1574.3067738670702,1.0003122197605285,0.0006916471006041048
1574.3137183477552,1574.3137183477552,1.000615742455981,0.000691727078269192
1574.3206628287196,1574.3206628287196,1.0013020872979896,0.000692083997568486
1574.3276073093111,1574.3276073093111,1.0006605224527605,0.0006919729389081389
1574.3345517900893,1574.3345517900893,1.0004160139976523,0.0006917221515148155
1574.3414962707743,1574.3414962707743,0.9994361174207796,0.0006916710271149473
1574.3484407513665,1574.3484407513665,0.9997675986774842,0.0006917937910086361
1574.355385231866,1574.355385231866,0.9999316843285593,0.0006919437864893898
1574.3623297122713,1574.3623297122713,1.0000602283054931,0.0006917992663998602
1574.3692741926766,1574.3692741926766,0.9990960130179094,0.0006915073030962276
1574.376218672989,1574.376218672989,0.9999650442246196,0.00069167268116534
1574.3831631533012,1574.3831631533012,1.0008150513352927,0.0006918948324652153
1574.3901076334273,1574.3901076334273,1.0004767550448812,0.000691912052583288
1574.3970521135532,1574.3970521135532,0.9999588528845134,0.0006919161165348576
1574.4039965935863,1574.4039965935863,0.9998126471926974,0.0006921938943894383
1574.4109410737124,1574.4109410737124,0.9999585624436834,0.0006920490647374948
1574.4178855536525,1574.4178855536525,1.0004289178550771,0.0006919168748616082
1574.4248300334998,1574.4248300334998,0.9997937399179833,0.0006920537071471682
1574.4317745133467,1574.4317745133467,0.9990187615395977,0.0006914795316997604
1574.4387189931,1574.4387189931,0.9996832310791662,0.0006916731023015508
1574.4456634727608,1574.4456634727608,1.0010765803221218,0.0006919744334508333
1574.4526079524207,1574.4526079524207,0.9998338374117793,0.0006918211034465344
1574.4595524319882,1574.4595524319882,1.0002070967656949,0.0006917073795319691
1574.4664969115556,1574.4664969115556,0.9988772772612778,0.0006915854507510731
1574.4734413909366,1574.4734413909366,1.0005941372381257,0.0006922220536803867
1574.4803858703174,1574.4803858703174,1.000535969567062,0.0006919592812601637
1574.4873303496054,1574.4873303496054,1.0003010774141479,0.0006919249017731009
1574.4942748288945,1574.4942748288945,0.9997278398797997,0.0006917561507013931
1574.5012193080893,1574.5012193080893,0.9995990433455944,0.0006912366771604242
1574.5081637871906,1574.5081637871906,0.9998799039233186,0.0006917499903978492
1574.5151082661991,1574.5151082661991,1.0004347008149934,0.0006915948145353451
1574.5220527453941,1574.5220527453941,1.000429704338442,0.0006917778872218169
1574.528997224123,1574.528997224123,0.9994640709127858,0.0006918762388388271
1574.5359417031316,1574.5359417031316,0.9989533517384075,0.0006918452193484186
1574.542886182047,1574.542886182047,1.0005418849796617,0.0006921004100640477
1574.5498306607758,1574.5498306607758,1.0002852209910356,0.0006919067243164186
1574.5567751395047,1574.5567751395047,1.000076598746068,0.0006919447819471814
1574.5637196178618,1574.5637196178618,1.0001912863397702,0.0006919204713605259
1574.5706640964988,1574.5706640964988,1.0000081033793606,0.0006918217123638756
1574.5776085750415,1574.5776085750415,1.0003098375835893,0.000692065271346981
1574.5845530534912,1574.5845530534912,0.9998649909000061,0.0006918081276791304
1574.5914975317548,1574.5914975317548,0.9987504974898618,0.0006919261610416966
1574.5984420101113,1574.5984420101113,1.000942027938106,0.0006920687529938138
1574.6053864883745,1574.6053864883745,0.9999522689368812,0.0006920656209522854
1574.612330966452,1574.612330966452,1.0003825822552979,0.0006921069857844322
1574.6192754446217,1574.6192754446217,0.9996540779408086,0.0006917556938829566
1574.626219922606,1574.626219922606,1.0006202371293693,0.0006919472368656506
1574.633164400683,1574.633164400683,1.0002098606262293,0.00069186131611512
1574.640108878481,1574.640108878481,0.999186240022825,0.0006919570858471061
1574.6470533563731,1574.6470533563731,0.9992543194427043,0.00069169897149262
1574.653997834171,1574.653997834171,0.9994855825096023,0.0006919955252633974
1574.6609423119685,1574.6609423119685,1.0004653332110678,0.0006918731183165717
1574.6678867894868,1574.6678867894868,1.0011100821819803,0.0006922061277742097
1574.6748312670984,1574.6748312670984,1.0001419211366354,0.0006918800927359868
1574.6817757446165,1574.6817757446165,1.0004231382138957,0.0006921463488206012
1574.6887202222283,1574.6887202222283,1.0000567524056687,0.0006920804000138366
1574.69566469956,1574.69566469956,0.9993791147581597,0.0006919102007615391
1574.7026091768923,1574.7026091768923,1.000464075904533,0.0006919239116398656
1574.7095536541315,1574.7095536541315,0.9990346227850557,0.0006916173372744913
1574.7164981313701,1574.7164981313701,0.9990667232298776,0.0006919637455875933
1574.7234426085172,1574.7234426085172,1.0002146373668357,0.0006923189193655999
1574.7303870856636,1574.7303870856636,1.0002425993256552,0.000691667314542412
1574.7373315626223,1574.7373315626223,0.9999447013155217,0.000691733008737826
1574.7442760396757,1574.7442760396757,1.0005298390212438,0.0006918694446064714
1574.7512205164487,1574.7512205164487,0.9993601139847952,0.0006915768062857724
1574.758164993315,1574.758164993315,1.0011266865588309,0.0006922212888806502
1574.7651094701816,1574.7651094701816,1.0010101572385781,0.0006918742594611482
1574.7720539467687,1574.7720539467687,1.000323122480275,0.0006922586777756623
1574.778998423449,1574.778998423449,0.9979981615887196,0.0006915456763252942
1574.7859428998495,1574.7859428998495,1.000058533896292,0.0006917196737135764
1574.7928873764363,1574.7928873764363,1.0001297068546875,0.000692204528978603
1574.7998318531174,1574.7998318531174,0.9993968332408351,0.0006918854180042548
1574.8067763292393,1574.8067763292393,0.9999281765727366,0.0006918098162734015
1574.8137208054536,1574.8137208054536,1.0006931586496806,0.0006921885449106853
1574.8206652818542,1574.8206652818542,1.0002384311628993,0.0006921617515113359
1574.827609757976,1574.827609757976,0.9999001971039678,0.0006919382309657782
1574.8345542341906,1574.8345542341906,1.0003709963853809,0.0006923788854296046
1574.8414987101255,1574.8414987101255,0.9992853974455727,0.0006916153787208462
1574.8484431861539,1574.8484431861539,1.0006620284724748,0.0006920273550228838
1574.8553876620888,1574.8553876620888,0.9998797569753612,0.0006919070976721176
1574.8623321378375,1574.8623321378375,0.9997729306770171,0.0006922645848998725
1574.8692766136796,1574.8692766136796,0.9996055639201241,0.0006916269253662147
1574.8762210894283,1574.8762210894283,1.0006778035246633,0.0006920860543015411
1574.8831655650847,1574.8831655650847,0.9996205272754137,0.0006918889746125036
1574.890110040648,1574.890110040648,1.0007063816205783,0.0006919548924738822
1574.8970545162106,1574.8970545162106,0.9989832857960386,0.0006917900183522166
1574.9039989915868,1574.9039989915868,1.0001312997686287,0.0006919145476886068
1574.9109434670565,1574.9109434670565,0.9999156998730667,0.0006919373681580188
1574.9178879422464,1574.9178879422464,1.0004010386686564,0.0006921890085966765
1574.9248324175294,1574.9248324175294,0.9995723348230898,0.000691616358244852
1574.9317768927194,1574.9317768927194,1.0005197804113606,0.0006922007164804398
1574.9387213680027,1574.9387213680027,0.9998673376981078,0.0006917306706673814
1574.9456658430067,1574.9456658430067,1.0002621114117844,0.0006916652752687349
1574.95261031801,1574.95261031801,0.9998570317367281,0.0006920472500844681
1574.959554792921,1574.959554792921,0.9994530408694867,0.0006919016331481686
1574.9664992678322,1574.9664992678322,1.0010804809421938,0.000691808216766935
1574.97344374265,1574.97344374265,0.9997923017661858,0.0006918359080350263
1574.980388217375,1574.980388217375,0.9998316441645899,0.0006922163257155574
1574.987332692006,1574.987332692006,1.0003697689670457,0.0006921725796210812
1574.9942771666372,1574.9942771666372,0.9998973951504375,0.0006923375228151011
1575.0012216411753,1575.0012216411753,0.9997861899772799,0.0006920278345289271
1575.0081661156205,1575.0081661156205,0.998829161330845,0.0006918887571214413
1575.0151105900654,1575.0151105900654,1.0004919892298179,0.0006920078819351065
1575.0220550644171,1575.0220550644171,1.0000405189857493,0.0006920215249190185
1575.0289995385824,1575.0289995385824,0.999504109136074,0.0006921720460170077
1575.035944013028,1575.035944013028,1.0005053450049801,0.0006924949297518242
1575.0428884871,1575.0428884871,1.0002817573031255,0.000691838491696114
1575.0498329611726,1575.0498329611726,1.000522947820936,0.0006918935357715058
1575.0567774352462,1575.0567774352462,0.9993511584972191,0.0006915484697886074
1575.0637219090393,1575.0637219090393,1.0004679690618237,0.0006919056195718627
1575.0706663829255,1575.0706663829255,0.998942767215558,0.0006916852139741026
1575.0776108567184,1575.0776108567184,1.0001030175756145,0.0006920330801261194
1575.0845553305119,1575.0845553305119,1.000627762679271,0.000691983321327323
1575.091499804212,1575.091499804212,1.0002980678330191,0.0006920136641577809
1575.0984442778185,1575.0984442778185,1.001060359632934,0.0006922487941121251
1575.1053887513322,1575.1053887513322,1.0000218527508933,0.0006918965781994417
1575.1123332248458,1575.1123332248458,0.9991439854012837,0.0006918390862941653
1575.1192776982664,1575.1192776982664,0.9993256265294388,0.0006919014369246088
1575.1262221715938,1575.1262221715938,1.000288544506647,0.0006920039140093217
1575.1331666449212,1575.1331666449212,0.999456368668396,0.0006918220631023771
1575.1401111180621,1575.1401111180621,0.999349064429372,0.0006918849644902256
1575.1470555912974,1575.1470555912974,0.9997818444078164,0.0006918522960726102
1575.154000064346,1575.154000064346,1.0009710595101993,0.0006924630557307299
1575.1609445373938,1575.1609445373938,1.0001679290028034,0.0006918258323452732
1575.1678890102557,1575.1678890102557,1.0010302746976016,0.0006921706083594668
1575.1748334832105,1575.1748334832105,0.9993659369725897,0.0006914959549855287
1575.181777956072,1575.181777956072,1.0000201693841082,0.0006918338237117065
1575.188722428748,1575.188722428748,1.0004969864851883,0.0006921960079381681
1575.195666901423,1575.195666901423,0.9996702964818793,0.0006915537749179851
1575.2026113740053,1575.2026113740053,0.9996835084065381,0.0006919065413719707
1575.2095558466806,1575.2095558466806,0.9999573744245989,0.0006916688977708909
1575.216500319077,1575.216500319077,1.0002660577828872,0.0006918969244260046
1575.2234447914732,1575.2234447914732,1.0000230706348114,0.0006924614940128813
1575.2303892638688,1575.2303892638688,0.9994818812966969,0.0006920612449634309
1575.2373337361726,1575.2373337361726,0.9995668580445741,0.0006919433707748696
1575.244278208383,1575.244278208383,0.9999516860359243,0.0006921768205422541
1575.2512226804997,1575.2512226804997,0.9999866689895287,0.0006917819157496465
1575.2581671526164,1575.2581671526164,1.000575282780376,0.000691703354102417
1575.2651116246398,1575.2651116246398,1.000201046644961,0.0006918066094100744
1575.2720560965704,1575.2720560965704,0.9997925017300722,0.0006919620397543276
1575.2790005683148,1575.2790005683148,1.0008508611735936,0.0006917820655659723
1575.2859450400588,1575.2859450400588,1.0002804394922227,0.0006917758424684593
1575.292889511803,1575.292889511803,0.9992805992287431,0.0006915213388396558
1575.2998339835467,1575.2998339835467,1.0001802970739684,0.0006914813074559887
1575.306778455291,1575.306778455291,0.9994724724762885,0.0006918396582673742
1575.313722926849,1575.313722926849,0.999091027063319,0.0006914859968816182
1575.3206673983136,1575.3206673983136,1.0005691831168224,0.0006922078379894623
1575.3276118696854,1575.3276118696854,0.9997807029926632,0.0006917459616680319
1575.3345563410574,1575.3345563410574,1.0009669542540482,0.0006921071475957713
1575.3415008123363,1575.3415008123363,1.0002400860747456,0.0006923670965205159
1575.3484452836153,1575.3484452836153,0.9995212931200534,0.0006915886770913162
1575.3553897547076,1575.3553897547076,0.9997780817945852,0.0006922852363969664
1575.3623342257995,1575.3623342257995,0.9999005523425453,0.0006919549877312295
1575.3692786967988,1575.3692786967988,0.999904512811255,0.0006921524034884686
1575.3762231677047,1575.3762231677047,1.0009577189500773,0.0006919470345879249
1575.3831676386108,1575.3831676386108,0.9994875230148927,0.0006919236477675252
1575.3901121093306,1575.3901121093306,0.9998426154865321,0.0006918808933938788
1575.3970565801428,1575.3970565801428,0.9998475447409373,0.0006920183242293633
1575.40400105077,1575.40400105077,1.0004266849349839,0.0006921975293388379
1575.4109455213031,1575.4109455213031,0.9998993883559146,0.0006919825975851659
1575.4178899919295,1575.4178899919295,0.9989522707002385,0.0006914911532830408
1575.42483446237,1575.42483446237,1.0001441678801808,0.0006919161710359278
1575.4317789328102,1575.4317789328102,1.0005258224962348,0.000692050706264397
1575.4387234030655,1575.4387234030655,1.0006172360855203,0.0006917484380095848
1575.4456678734127,1575.4456678734127,0.9997856343398104,0.0006918438072990574
1575.4526123435737,1575.4526123435737,1.0000072987725241,0.0006917342182372533
1575.4595568137345,1575.4595568137345,0.9997713864140849,0.0006916094530042033
1575.466501283709,1575.466501283709,0.9990462553944971,0.0006915355685234661
1575.4734457536838,1575.4734457536838,1.0006938599626323,0.0006920744515414482
1575.4803902236586,1575.4803902236586,1.0006145873940446,0.0006919327450041015
1575.4873346935399,1575.4873346935399,0.9999131603876744,0.0006918330096006753
1575.4942791633282,1575.4942791633282,1.0001232205010901,0.0006918908308667099
1575.5012236329305,1575.5012236329305,1.0005726032698874,0.000691854289986714
1575.5081681027189,1575.5081681027189,0.9997357170820113,0.0006918073184069664
1575.515112572228,1575.515112572228,0.999251139834007,0.0006916043582343215
1575.5220570416436,1575.5220570416436,0.9999789330144464,0.0006916229248435339
1575.5290015110593,1575.5290015110593,1.001125469468394,0.0006917903587046442
1575.5359459804754,1575.5359459804754,0.999601999613032,0.0006913561794620168
1575.542890449892,1575.542890449892,1.0000351766044997,0.0006919473484082279
1575.549834919122,1575.549834919122,0.9989618905794815,0.0006913357485421415
1575.5567793882583,1575.5567793882583,1.0005563195062996,0.0006915043191734983
1575.563723857395,1575.563723857395,1.0005470505429692,0.0006917854108687518
1575.5706683264382,1575.5706683264382,0.9996426568159162,0.0006913731613574228
1575.5776127953886,1575.5776127953886,0.9999331388082873,0.0006914265481548107
1575.5845572642452,1575.5845572642452,1.0004958638314752,0.0006913641461215005
1575.5915017331026,1575.5915017331026,0.9999636222775597,0.0006913997903049689
1575.5984462017732,1575.5984462017732,0.9995998730232761,0.0006911109008568271
1575.60539067063,1575.60539067063,0.9996119890698058,0.000691604914597797
1575.6123351392082,1575.6123351392082,0.9999913891510875,0.0006916001925469326
1575.6192796076925,1575.6192796076925,1.0005037007497948,0.0006918246456482503
1575.6262240761769,1575.6262240761769,0.9998617310131133,0.0006914486733402385
1575.6331685446612,1575.6331685446612,1.000284590735107,0.0006914788868780881
1575.6401130129598,1575.6401130129598,0.9995335808077588,0.0006914224292312226
1575.6470574812581,1575.6470574812581,1.0001814726630844,0.0006914328268376602
1575.654001949464,1575.654001949464,0.9990833481316981,0.0006914114890051912
1575.6609464175763,1575.6609464175763,1.0000817999785225,0.0006917347783605952
1575.6678908856884,1575.6678908856884,0.9998631995378526,0.000691287722100266
1575.6748353537073,1575.6748353537073,0.9996727030858583,0.00069141442696182
1575.681779821633,1575.681779821633,1.0020546721795514,0.000692116751406102
1575.6887242894652,1575.6887242894652,0.9999227916105393,0.0006915379000116888
1575.6956687572983,1575.6956687572983,0.9998476449394239,0.000691478399924802
1575.7026132249446,1575.7026132249446,0.9999782755246672,0.0006918240683605461
1575.7095576926838,1575.7095576926838,0.9987157263853816,0.0006909957854917985
1575.7165021602373,1575.7165021602373,1.0001517148067165,0.0006915955582457532
1575.7234466276968,1575.7234466276968,1.0008016191276912,0.0006920447598003232
1575.73039109525,1575.73039109525,1.0002033501983798,0.0006917456498064936
1575.7451133658483,1575.7451133658483,0.9992959054590026,0.0006910661401526466
1575.7540022838136,1575.7540022838136,1.0003628336262422,0.0006911867597449286
1575.7609467511804,1575.7609467511804,1.0005435184273004,0.0006913561030757056
1575.7678912180822,1575.7678912180822,0.9998136494166256,0.0006910974305164335
1575.7748356850775,1575.7748356850775,0.998932043041826,0.0006912177255238301
1575.781780152165,1575.781780152165,1.0003765140097882,0.000691037969134644
1575.788724618973,1575.788724618973,1.0001361565932836,0.0006911398083233806
1575.7956690858748,1575.7956690858748,1.001268793997855,0.0006915181363591862
1575.8026135524963,1575.8026135524963,0.9995218543319085,0.000690732045344521
1575.8095580192114,1575.8095580192114,0.9999450642820327,0.0006909262249246164
1575.816502485833,1575.816502485833,0.9984854097228698,0.0006909800904148862
1575.8234469522688,1575.8234469522688,1.0002025548626967,0.0006910165326476235
1575.8303914187977,1575.8303914187977,0.9998672228031047,0.000690985890306023
1575.83733588514,1575.83733588514,0.9997856339287114,0.000690810906003652
1575.8442803514822,1575.8442803514822,1.0005634504309349,0.0006910924578469129
1575.8512248176387,1575.8512248176387,1.0008287414148733,0.0006910971368819634
1575.8581692838877,1575.8581692838877,1.0000609046081448,0.0006910114275391905
1575.865113749858,1575.865113749858,0.9999672619996154,0.0006909533853179415
1575.8720582160142,1575.8720582160142,0.9997188837874166,0.0006909594157325036
1575.8790026819838,1575.8790026819838,0.999343241781118,0.0006910951432014623
1575.8859471478609,1575.8859471478609,1.0001758316250975,0.0006911767610212711
1575.892891613552,1575.892891613552,0.9996751856006553,0.0006912023119144185
1575.8998360794296,1575.8998360794296,1.0007165406346208,0.0006917138027482339
1575.9067805450272,1575.9067805450272,0.9994906751538863,0.0006917586869967435
1575.9137250107174,1575.9137250107174,1.0007405291260743,0.0006916192769361234
1575.9206694762215,1575.9206694762215,1.0002502912086275,0.0006913931085782892
1575.9276139417263,1575.9276139417263,0.9995853039125219,0.0006920550070843144
1575.934558407044,1575.934558407044,0.9996795539449881,0.0006915247048983304
1575.9415028724552,1575.9415028724552,0.9994836185878585,0.0006914086346335789
1575.94844733768,1575.94844733768,0.9994554579361157,0.0006918096686838318
1575.9553918028118,1575.9553918028118,1.0003670452301168,0.0006915356993542277
1575.962336268037,1575.962336268037,1.0013223362773735,0.0006916662493510921
1575.9692807329823,1575.9692807329823,0.999621372865773,0.0006914221612684646
1575.976225198021,1575.976225198021,1.0005113418358245,0.0006913202314748344
1575.9831696627798,1575.9831696627798,1.0005593186879593,0.0006914634545478794
1575.9901141275395,1575.9901141275395,0.999878194638776,0.0006912995361667932
1575.9970585922988,1575.9970585922988,1.0012505762733255,0.0006912224742298089
1576.0040030570576,1576.0040030570576,0.9987284611034966,0.000690842969237826
1576.0109475218171,1576.0109475218171,0.9987320401304863,0.0006908401638362107
1576.0178919863895,1576.0178919863895,0.9997798655891466,0.0006912516952448218
1576.0248364508705,1576.0248364508705,1.0008155215680474,0.0006916144335356079
1576.031780915258,1576.031780915258,0.999972855192351,0.0006913126644078216
1576.0387253796441,1576.0387253796441,1.0017039689129559,0.0006914657943955735
1576.045669843938,1576.045669843938,0.9992058466971976,0.0006909632769736122
1576.0526143081383,1576.0526143081383,0.9994970076833998,0.0006910454509184156
1576.0595587721527,1576.0595587721527,0.9996217028684085,0.0006913686658162291
1576.0665032363531,1576.0665032363531,1.0003815586242752,0.0006910609912159313
1576.073447700274,1576.073447700274,0.9983071211196132,0.0006905390255415058
1576.080392164195,1576.080392164195,0.9996683092136033,0.0006910956478991408
1576.0873366280232,1576.0873366280232,1.0004756076798735,0.0006915914436363623
1576.094281091851,1576.094281091851,1.00079555097058,0.0006913078012339077
1576.1012255553992,1576.1012255553992,1.0005196606768405,0.000691567666474487
1576.1081700191341,1576.1081700191341,0.9999886331429305,0.0006913065297695402
1576.1151144825894,1576.1151144825894,0.9991573443007052,0.000691211956057195
1576.1220589462312,1576.1220589462312,1.000151223044512,0.0006911194386035722
1576.1290034095935,1576.1290034095935,0.9997152858414576,0.0006911531873597193
1576.1359478729555,1576.1359478729555,1.0000945300273318,0.0006909986934384323
1576.1428923362248,1576.1428923362248,0.9995621231086782,0.0006910757631382455
1576.1498367994936,1576.1498367994936,0.9996702584636384,0.0006908081796930768
1576.1567812624835,1576.1567812624835,1.0005568779052258,0.0006910969375410762
1576.1637257256596,1576.1637257256596,1.0005988509256423,0.0006912451800411359
1576.17067018865,1576.17067018865,0.9998179344810628,0.0006911248038482842
1576.1776146515472,1576.1776146515472,1.0003095388632908,0.0006909451964049164
1576.1845591143506,1576.1845591143506,0.9997482792974124,0.0006909361082205795
1576.191503577154,1576.191503577154,0.9999107354917885,0.0006913321352230046
1576.1984480399576,1576.1984480399576,1.0005312581467027,0.0006914470676941836
1576.2053925024813,1576.2053925024813,1.0000757340611162,0.0006909985772624421
1576.2123369649123,1576.2123369649123,0.9995660374787043,0.0006911836990815955
1576.2192814273435,1576.2192814273435,0.9996198110412319,0.0006910406633352906
1576.2262258897742,1576.2262258897742,1.0000616951788808,0.0006909398480939602
1576.2331703522054,1576.2331703522054,0.9998841221279555,0.0006911099247487926
1576.240114814636,1576.240114814636,1.0007493171168835,0.0006912128679723176
1576.2470592767875,1576.2470592767875,0.9999924761462399,0.0006909949470572611
1576.2540037390324,1576.2540037390324,0.9995878467217952,0.0006915784423883479
1576.2609482009973,1576.2609482009973,0.9994313482677765,0.0006911446312440399
1576.2678926629628,1576.2678926629628,1.0003865803022878,0.0006916675536479935
1576.2748371248351,1576.2748371248351,1.0002308691298487,0.0006913221472858819
1576.2817815867068,1576.2817815867068,0.999625134901746,0.0006909177456849499
1576.2887260485793,1576.2887260485793,1.0004313294656355,0.0006913308110507155
1576.295670510172,1576.295670510172,1.0004688618836828,0.0006911745230813021
1576.3026149718576,1576.3026149718576,0.9991733874363092,0.0006910163080439596
1576.3095594334504,1576.3095594334504,1.0001219249885698,0.000691073257459779
1576.31650389495,1576.31650389495,1.0001817446293937,0.0006916243399115478
1576.3234483562635,1576.3234483562635,0.9992189689493258,0.0006911266623943317
1576.3303928177645,1576.3303928177645,1.000835570401045,0.0006913619452211865
1576.3373372789843,1576.3373372789843,1.000276954472905,0.0006917116625659674
1576.3442817401115,1576.3442817401115,1.0001478625455662,0.0006914954613744053
1576.351226201239,1576.351226201239,0.99960000989827,0.0006908699343820159
1576.3581706622724,1576.3581706622724,1.0000452597546503,0.0006910623355468785
1576.3651151233066,1576.3651151233066,0.9996438392462149,0.0006910711521482681
1576.3720595842472,1576.3720595842472,0.9990276433546118,0.000691234954080166
1576.3790040450017,1576.3790040450017,1.0004384841861447,0.0006914483124081864
1576.3859485058497,1576.3859485058497,1.0004655812418133,0.0006914067669755201
1576.392892966511,1576.392892966511,1.0007003782401205,0.0006914348817849251
1576.399837427079,1576.399837427079,1.000031929670169,0.0006918676418587214
1576.4067818876472,1576.4067818876472,0.9997390130692132,0.0006910854958561768
1576.4137263481225,1576.4137263481225,0.9990509971692665,0.000691134491549226
1576.4206708085046,1576.4206708085046,1.0002049195975309,0.0006911257543735287
1576.4276152688865,1576.4276152688865,0.9990630677818173,0.0006908354622975619
1576.4345597291754,1576.4345597291754,0.999448918902563,0.0006909979454568307
1576.4415041892782,1576.4415041892782,1.0003859081116528,0.000691341702738473
1576.4484486493805,1576.4484486493805,1.0002693360465356,0.0006911595965087665
1576.455393109483,1576.455393109483,1.0010488152192685,0.0006911878421502215
1576.462337569493,1576.462337569493,1.000501730764821,0.0006919497098931145
1576.4692820292228,1576.4692820292228,1.000717839910616,0.0006911966842170061
1576.4762264891392,1576.4762264891392,0.9986622130889392,0.0006909627408362541
1576.4831709488694,1576.4831709488694,0.9986593656752575,0.0006910018055635431
1576.4901154085062,1576.4901154085062,0.9996036347566338,0.0006910690658735198
1576.4970598681434,1576.4970598681434,0.999175213064342,0.0006909140815959358
1576.504004327688,1576.504004327688,1.0015177639503197,0.0006914799477053386
1576.510948787139,1576.510948787139,1.0002475710171488,0.0006909771199120223
1576.5178932464967,1576.5178932464967,0.9997611437623208,0.000691178300906823
1576.524837705761,1576.524837705761,1.0011919411081787,0.000691558121484767
1576.5317821650256,1576.5317821650256,1.0004346949657799,0.000691392257071151
1576.5387266241964,1576.5387266241964,1.0001129545327374,0.0006911144612108437
1576.5456710832746,1576.5456710832746,0.9994306771389203,0.0006912924755624357
1576.5526155421671,1576.5526155421671,0.9999926952766065,0.0006913157721102683
1576.5595600011518,1576.5595600011518,0.9994073967987106,0.0006908990948802446
1576.5665044600437,1576.5665044600437,0.9992347494487293,0.0006907418893328024
1576.5734489188426,1576.5734489188426,1.0001067813389524,0.0006911247415172366
1576.580393377641,1576.580393377641,0.9999327722422174,0.0006911086895352614
1576.5873378362537,1576.5873378362537,0.9995704578019664,0.0006911613071267684
1576.594282294773,1576.594282294773,1.0013097000081992,0.0006918445448026656
1576.6012267532922,1576.6012267532922,0.9997006402087294,0.0006912777358970932
1576.6081712118116,1576.6081712118116,1.0011683308308157,0.000691958999052746
1576.6151156701449,1576.6151156701449,0.9988452219514399,0.0006916491208928042
1576.6220601283849,1576.6220601283849,1.000492885894332,0.0006915048881212608
1576.6290045865317,1576.6290045865317,1.000360882351523,0.0006912105499718511
1576.6359490446785,1576.6359490446785,0.9990843441960097,0.0006907229468208246
1576.6428935028252,1576.6428935028252,0.9987841554178069,0.0006907307864404788
1576.6498379606924,1576.6498379606924,0.9990495483102778,0.0006910784592198506
1576.656782418467,1576.656782418467,1.0002887475065612,0.0006915919525921656
1576.6637268767067,1576.6637268767067,1.000832151865318,0.0006913500030229848
1576.670671334295,1576.670671334295,1.0000642893235185,0.0006914857162304062
1576.6776157917898,1576.6776157917898,1.0007967823442496,0.0006915915294440597
1576.684560249564,1576.684560249564,0.9999549225985239,0.0006912762709608473
1576.6915047070593,1576.6915047070593,0.9995675203686136,0.0006909058084677382
1576.6984491646474,1576.6984491646474,1.00006977073884,0.0006914385613893397
1576.705393621956,1576.705393621956,1.0001312893988867,0.0006910267856255132
1576.7123380792657,1576.7123380792657,0.999180319794559,0.0006909643726664244
1576.7192825364812,1576.7192825364812,1.0001150868764308,0.0006914571706365596
1576.7262269936969,1576.7262269936969,1.0001721561517696,0.0006919348487247682
1576.733171450726,1576.733171450726,1.000498165105883,0.0006917831855172705
1576.7401159077551,1576.7401159077551,0.9998528179224973,0.0006912261240583486
1576.7470603646914,1576.7470603646914,1.0000740601933806,0.0006916292693428154
1576.7540048216274,1576.7540048216274,1.0008389379485152,0.000691719701797052
1576.7609492784704,1576.7609492784704,0.9990696321161995,0.0006911006886339237
1576.767893735034,1576.767893735034,0.9985741384963065,0.000691144542498675
1576.774838191691,1576.774838191691,1.000144056914351,0.0006913151812545937
1576.7817826482544,1576.7817826482544,0.9999435822944349,0.0006916753058286623
1576.7887271049108,1576.7887271049108,1.0007244472308916,0.0006917907291307723
1576.7956715612884,1576.7956715612884,1.0000639357945615,0.0006915204304899955
1576.8026160175727,1576.8026160175727,1.0002608208876917,0.000691569226536319
1576.809560473857,1576.809560473857,1.0009908758419643,0.0006915651159759484
1576.8165049300476,1576.8165049300476,1.0006805914559556,0.000691311296927823
1576.823449386239,1576.823449386239,1.00023483130601,0.0006910928468369164
1576.830393842244,1576.830393842244,1.0004298008052845,0.000691400771156714
1576.8373382982484,1576.8373382982484,0.9986372595057477,0.0006906532601882831
1576.8442827541598,1576.8442827541598,0.999628387626988,0.0006913162629043219
1576.8512272099783,1576.8512272099783,1.0012676381928602,0.0006912874044477769
1576.858171665704,1576.858171665704,0.9992246013608839,0.0006909601237299579
1576.8651161214295,1576.8651161214295,1.0003871754854452,0.0006915538278388747
1576.8720605768754,1576.8720605768754,1.0008924676473492,0.0006911902363641733
1576.8790050323216,1576.8790050323216,1.000165776345293,0.0006911084427397801
1576.885949487767,1576.885949487767,1.0002971421629483,0.0006911854150315628
1576.8928939432135,1576.8928939432135,0.9997204180644659,0.000690805354366479
1576.8998383986593,1576.8998383986593,0.9990561749454049,0.0006909083468002342
1576.9067828539191,1576.9067828539191,1.0005803460297593,0.0006917391013897647
1576.9137273090857,1576.9137273090857,1.0010584604198012,0.0006917653847164979
1576.920671764066,1576.920671764066,0.9993391196924433,0.0006908272665622757
1576.9276162191393,1576.9276162191393,1.000343883006632,0.0006913134406265579
1576.9345606739337,1576.9345606739337,0.9993714661353753,0.0006911960198573852
1576.9415051288208,1576.9415051288208,0.9994423371678115,0.0006910739136407379
1576.9484495837078,1576.9484495837078,0.9997707296716534,0.0006908776928853612
1576.9553940383157,1576.9553940383157,1.0000996457669067,0.0006908915673671761
1576.9623384930178,1576.9623384930178,0.9999119437132193,0.0006911266066158171
1576.9692829475327,1576.9692829475327,1.000259589831359,0.0006914098339030327
1576.9762274019545,1576.9762274019545,1.001333385843949,0.0006913851062921324
1576.9831718564687,1576.9831718564687,0.9995435145129345,0.0006911591902030712
1576.9901163107043,1576.9901163107043,1.000021216816409,0.0006911148873545399
1576.9970607649398,1576.9970607649398,0.9995647448273182,0.0006908506309638089
1577.0040052190816,1577.0040052190816,0.9995561873537664,0.0006906137314971684
1577.0109496732239,1577.0109496732239,1.0007190586556116,0.0006913357291051423
1577.0178941271795,1577.0178941271795,1.000207067245346,0.0006906916022604239
1577.0248385811356,1577.0248385811356,0.9998647315431806,0.0006912748862698044
1577.0317830349982,1577.0317830349982,0.9995275719693278,0.0006914966809433743
1577.0387274887678,1577.0387274887678,0.9999221637666735,0.0006916463937265008
1577.0456719424444,1577.0456719424444,1.000751628252409,0.0006917948462872789
1577.0526163961206,1577.0526163961206,1.0002586333513759,0.0006915499945158916
1577.059560849704,1577.059560849704,0.9996053737882458,0.0006915843338666845
1577.0665053031946,1577.0665053031946,0.9994523903395992,0.0006914830491444428
1577.0734497564983,1577.0734497564983,0.9992033264185745,0.0006915044758307022
1577.0803942099888,1577.0803942099888,1.0000708086454093,0.000691620609497628
1577.087338663106,1577.087338663106,1.0005427040960138,0.0006919217588400657
1577.0942831162238,1577.0942831162238,1.0008350539951478,0.0006917079386544108
1577.1012275693417,1577.1012275693417,0.9999406931202914,0.0006915828850290743
1577.1081720224593,1577.1081720224593,1.0003154413431445,0.0006916121763409765
1577.115116475484,1577.115116475484,0.9996410496819281,0.0006918867296847018
1577.1220609282293,1577.1220609282293,0.9995375273323,0.0006914790981464038
1577.129005381067,1577.129005381067,0.9998954197988972,0.0006915911098032457
1577.1359498338127,1577.1359498338127,1.0000604270287285,0.0006919255790057673
1577.1428942863713,1577.1428942863713,0.9987224865717949,0.0006916570238419482
1577.1498387390234,1577.1498387390234,1.0014032836589848,0.0006921338680493888
1577.1567831914892,1577.1567831914892,1.0001443391675786,0.0006921520555642145
1577.1637276438619,1577.1637276438619,0.9999401217498922,0.000692111411766426
1577.1706720961415,1577.1706720961415,1.0005389233372055,0.0006916923274956669
1577.177616548514,1577.177616548514,0.9995280506508177,0.0006916122265022037
1577.184561000607,1577.184561000607,1.0000214809439303,0.0006919342685563249
1577.1915054527938,1577.1915054527938,0.9991201619558419,0.0006916625030883691
1577.1984499047005,1577.1984499047005,1.0002295969594397,0.0006917284731846865
1577.2053943567005,1577.2053943567005,1.0006051125616195,0.0006920564859120981
1577.2123388086075,1577.2123388086075,0.9999396144248205,0.0006917841197643831
1577.2192832603287,1577.2192832603287,0.9997534136812337,0.0006915900613949129
1577.226227712142,1577.226227712142,0.99969633851886,0.0006916238195072944
1577.2331721636765,1577.2331721636765,1.0004213945647114,0.0006919182784877718
1577.2401166152108,1577.2401166152108,0.9993887523253301,0.0006913655350914177
1577.2470610668388,1577.2470610668388,1.0004666130323447,0.0006914244589920758
1577.2540055181867,1577.2540055181867,1.0004364814936977,0.0006916687965713538
1577.260949969535,1577.260949969535,0.9997763981124728,0.0006915289029017281
1577.2678944207898,1577.2678944207898,1.000433210069519,0.0006915480701382784
1577.2748388719517,1577.2748388719517,1.0000522801272749,0.0006914694457180992
1577.2817833229276,1577.2817833229276,0.9992339154724448,0.0006912138248984854
1577.2887277741825,1577.2887277741825,0.9996923211589503,0.0006910035406390575
1577.2956722249717,1577.2956722249717,1.0009206483728712,0.0006920223545349646
1577.3026166757613,1577.3026166757613,0.999962744219418,0.0006915334048200946
1577.3095611265505,1577.3095611265505,1.000291035831364,0.0006916586481412237
1577.31650557734,1577.31650557734,0.9992190560292531,0.00069126573884862
1577.3234500280364,1577.3234500280364,1.0004944211457958,0.0006916969607727891
1577.330394478453,1577.330394478453,0.9991287556750589,0.0006917336403398939
1577.3373389289634,1577.3373389289634,1.000160726757746,0.0006916831874722099
1577.3442833793817,1577.3442833793817,0.9999847234107028,0.000691714465065921
1577.351227829705,1577.351227829705,1.000772265345411,0.0006917495707851599
1577.3581722799358,1577.3581722799358,0.9997434868291976,0.0006916452005688485
1577.3651167301664,1577.3651167301664,0.9996674245564299,0.000691517363187499
1577.3720611802103,1577.3720611802103,0.9996006579187157,0.0006914258577242417
1577.379005630255,1577.379005630255,0.9999789505761637,0.0006917354701126956
1577.3859500801132,1577.3859500801132,1.0007665079375172,0.0006921374867141065
1577.3928945299708,1577.3928945299708,1.0002854134483588,0.0006915355985326152
1577.399838979736,1577.399838979736,1.0001644474570928,0.000691375288831341
1577.4067834293146,1577.4067834293146,0.9999325933984411,0.0006914126970545051
1577.4137278789865,1577.4137278789865,0.9995294598666415,0.0006912937486578785
1577.4206723285654,1577.4206723285654,0.9995221327672995,0.0006913213981901749
1577.4276167780504,1577.4276167780504,1.0008165121714954,0.0006915966884036972
1577.4345612274433,1577.4345612274433,0.9989526069377961,0.0006916733588811764
1577.441505676649,1577.441505676649,1.0002777619647099,0.0006915570302728324
1577.4484501258553,1577.4484501258553,1.0004796812302317,0.0006917984830418255
1577.4553945750615,1577.4553945750615,1.0003280060960786,0.0006916206751162871
1577.4623390241745,1577.4623390241745,1.0003904333968547,0.000691917640181714
1577.469283473101,1577.469283473101,0.999774532109868,0.0006913805516155565
1577.4762279220279,1577.4762279220279,0.9991572749506918,0.0006910339274851652
1577.4831723707684,1577.4831723707684,0.999428721693676,0.0006914593205056802
1577.4901168196022,1577.4901168196022,0.9999803877527519,0.0006916596836482761
1577.497061268156,1577.497061268156,1.0009238298868766,0.0006916386080319961
1577.5040057169897,1577.5040057169897,1.000697254942162,0.0006916338885131195
1577.5109501654508,1577.5109501654508,0.9993990689768802,0.0006914212548767857
1577.5178946139117,1577.5178946139117,1.000590405470321,0.0006920103718951363
1577.5248390620936,1577.5248390620936,0.9990738458193814,0.0006913923959488949
1577.5317835103683,1577.5317835103683,0.9992902308723736,0.0006913746447121124
1577.5387279585498,1577.5387279585498,0.9998669678084419,0.0006916108962521679
1577.5456724067321,1577.5456724067321,1.0005781277041734,0.0006916584825791636
1577.5526168547271,1577.5526168547271,1.0009838592588913,0.0006918038986427893
1577.5595613026296,1577.5595613026296,0.9994135906882521,0.0006915275094634846
1577.5665057505316,1577.5665057505316,0.9999023363752528,0.0006914158887911025
1577.5734501983407,1577.5734501983407,1.000387953856972,0.0006918322430434705
1577.580394646057,1577.580394646057,0.9995749662472907,0.0006913871460925938
1577.58733909368,1577.58733909368,1.000200032581158,0.0006917752029540372
1577.5942835412093,1577.5942835412093,1.0005228064521423,0.0006919181569303371
1577.6012279887395,1577.6012279887395,0.9997353139431453,0.0006913780121614613
1577.608172436083,1577.608172436083,0.9995007603406517,0.0006918790052486549
1577.6151168834263,1577.6151168834263,1.0002312209234032,0.000691906330659513
1577.6220613306768,1577.6220613306768,0.9999008461059848,0.0006918171485388177
1577.6290057777405,1577.6290057777405,0.9998048054232973,0.0006920055634949016
1577.635950224898,1577.635950224898,1.000132175327494,0.0006918367141173145
1577.642894671869,1577.642894671869,0.9993179186630037,0.0006915616029301065
1577.6498391187465,1577.6498391187465,1.0007405766669222,0.0006921113832841527
1577.6567835656247,1577.6567835656247,1.000351763274611,0.0006916279207430296
1577.6637280123161,1577.6637280123161,0.9997617213567725,0.0006915233931372215
1577.6706724590076,1577.6706724590076,0.9992375036508289,0.0006913334655958441
1577.677616905606,1577.677616905606,1.0006850190309193,0.0006914746742268807
1577.6845613521114,1577.6845613521114,0.9998431138066068,0.0006918300006644328
1577.6915057984304,1577.6915057984304,1.0001555663049901,0.0006915806311953842
1577.6984502450287,1577.6984502450287,0.9999735763794962,0.0006913366182609226
1577.7053946911615,1577.7053946911615,0.9996905785415982,0.0006915726776939064
1577.7123391372945,1577.7123391372945,0.9996058277070489,0.0006918809860365431
1577.7192835834269,1577.7192835834269,1.0008869062561951,0.0006920112845727256
1577.7262280295597,1577.7262280295597,1.0008867805856032,0.0006918590819540757
1577.7331724754135,1577.7331724754135,1.000058391070148,0.0006913745358098522
1577.7401169213597,1577.7401169213597,0.9995307150316515,0.000691706988544685
1577.747061367027,1577.747061367027,0.9987914647401828,0.0006914798151255231
1577.7540058127872,1577.7540058127872,1.0003524624498796,0.0006916960598415127
1577.7609502584542,1577.7609502584542,0.9998725674913608,0.0006916321750356943
1577.7678947039353,1577.7678947039353,1.0000013606384388,0.0006918629324147091
1577.7748391494158,1577.7748391494158,1.0006326117478137,0.0006916958698479624
1577.7817835947105,1577.7817835947105,1.0001936077579328,0.0006914025473428219
1577.7887280400985,1577.7887280400985,0.999964504806195,0.0006919424758386689
1577.7956724852993,1577.7956724852993,0.9998125948878556,0.0006915800259223198
1577.802616930408,1577.802616930408,0.9994713048877971,0.0006917235473043628
1577.8095613755163,1577.8095613755163,1.0001294143528827,0.0006915671616101648
1577.8165058204381,1577.8165058204381,1.0000455958541123,0.0006914579102807749
1577.8234502652672,1577.8234502652672,0.9996759248616275,0.0006912736977217167
1577.8303947100962,1577.8303947100962,1.0005150265003222,0.0006917323026708302
1577.837339154832,1577.837339154832,1.0005749419276,0.0006913081036366871
1577.844283599568,1577.844283599568,0.999758035866203,0.0006913558025792536
1577.8512280440239,1577.8512280440239,0.9987430265558663,0.0006912291613461308
1577.858172488574,1577.858172488574,0.9999641789316129,0.0006913096047950829
1577.8651169329369,1577.8651169329369,1.0014379199718058,0.0006917294855970385
1577.872061377207,1577.872061377207,0.9999206001376229,0.0006913887171660835
1577.879005821477,1577.879005821477,0.9998404529008706,0.0006915298633881424
1577.885950265561,1577.885950265561,0.9996314283501772,0.000691641532682078
1577.892894709738,1577.892894709738,1.0004302514987222,0.0006914916821075533
1577.8998391535424,1577.8998391535424,0.9997662670357113,0.0006915415671482443
1577.9067835976261,1577.9067835976261,1.0005104677384724,0.0006916308369159237
1577.9137280416173,1577.9137280416173,1.0000428540086035,0.0006914441087515039
1577.9206724849557,1577.9206724849557,0.9995780366097448,0.0006914263726957189
1577.9276169287602,1577.9276169287602,0.9992662320308077,0.0006916370069864633
1577.9345613723785,1577.9345613723785,1.0007342562102532,0.0006919369210185422
1577.9415058159034,1577.9415058159034,0.9993008137312931,0.0006918944071165921
1577.9484502592425,1577.9484502592425,0.9992222665401839,0.0006913460888540504
1577.955394702581,1577.955394702581,1.00031222091954,0.0006916991207942311
1577.9623391458267,1577.9623391458267,0.9997867174096833,0.0006914069012652123
1577.9692835889796,1577.9692835889796,1.0008300634569796,0.0006917005631191348
1577.9762280321318,1577.9762280321318,1.0000333992533066,0.0006914085849056572
1577.9831724750052,1577.9831724750052,1.0013261465206944,0.0006916914375441887
1577.9901169179716,1577.9901169179716,1.0001599990114498,0.0006913635987953021
1577.9970613608443,1577.9970613608443,0.9994867877570537,0.0006913511941214828
1578.0040058035313,1578.0040058035313,0.9997784389389555,0.0006910508727508974
1578.010950246125,1578.010950246125,0.9987635850352008,0.0006911492740461355
1578.0178946888118,1578.0178946888118,1.0005134205184691,0.0006912648680658444
1578.0248391312193,1578.0248391312193,0.9996010168043291,0.0006911782532564379
1578.03178357372,1578.03178357372,0.999593976435605,0.0006912705780285493
1578.0387280159412,1578.0387280159412,1.000744203792875,0.000691398148421152
1578.045672458256,1578.045672458256,1.0005096956144615,0.0006914220714926878
1578.0526169003836,1578.0526169003836,0.9995697436645419,0.0006912727482589008
1578.0595613425116,1578.0595613425116,1.0016614869168887,0.0006916123424485628
1578.0665057844537,1578.0665057844537,0.9996148805344351,0.0006911954875276881
1578.0734502263022,1578.0734502263022,0.9994574955542248,0.0006911920034354624
1578.080394668244,1578.080394668244,0.9987893592539286,0.0006909328269433519
1578.0873391099065,1578.0873391099065,0.999509016115217,0.0006913212898881076
1578.094283551662,1578.094283551662,1.0012038877776823,0.0006920149833938407
1578.1012279931383,1578.1012279931383,1.0005949103689935,0.000691553134005398
1578.1081724346143,1578.1081724346143,0.9993960080370716,0.000691386831784418
1578.1151168760905,1578.1151168760905,0.9995998977977806,0.0006913730121130227
1578.1220613174733,1578.1220613174733,1.0006865600860988,0.0006914060019747419
1578.129005758577,1578.129005758577,0.9992794622856668,0.0006912807753036143
1578.135950199774,1578.135950199774,1.0003398200709648,0.0006912401796345612
1578.142894640784,1578.142894640784,1.000093180620422,0.0006909836282016931
1578.1498390817947,1578.1498390817947,0.999573534412354,0.0006910729998410175
1578.1567835227124,1578.1567835227124,1.0007510822451013,0.0006916997864331112
1578.1637279634433,1578.1637279634433,1.0003159327931639,0.0006914205259490947
1578.1706724041746,1578.1706724041746,1.0001476886439231,0.0006914456071787651
1578.1776168449055,1578.1776168449055,0.9998941358146048,0.000691353895769301
1578.1845612854502,1578.1845612854502,0.9995067245017708,0.0006911739877420196
1578.1915057259023,1578.1915057259023,0.999023352291115,0.0006907480360417407
1578.1984501662605,1578.1984501662605,0.9999447083041261,0.0006908039349633464
1578.2053946065262,1578.2053946065262,1.0002667389221944,0.0006912164833208763
1578.2123390468848,1578.2123390468848,1.0002583048315608,0.0006911387942875067
1578.2192834869634,1578.2192834869634,0.9998386582227472,0.0006913218426072269
1578.22622792695,1578.22622792695,1.0010370631984649,0.0006909858868801782
1578.233172366936,1578.233172366936,1.000100748025477,0.0006907584364902451
1578.2401168068286,1578.2401168068286,0.9998012125683843,0.0006910493608823082
1578.2470612466277,1578.2470612466277,0.9994145638125349,0.0006908638188462929
1578.2540056863338,1578.2540056863338,0.999396744584541,0.0006909774851876218
1578.2609501259474,1578.2609501259474,1.0002372440575846,0.0006910984288617971
1578.2678945654677,1578.2678945654677,1.0005872402160214,0.0006912926952883024
1578.274839004895,1578.274839004895,1.0001645317569727,0.0006911368099520754
1578.281783444229,1578.281783444229,0.9999112539828632,0.0006909189501628793
1578.2887278836565,1578.2887278836565,1.0004859276935498,0.0006915002223088349
1578.2956723228042,1578.2956723228042,0.9999325931195486,0.0006909230292060072
1578.3026167619519,1578.3026167619519,0.9990578114320285,0.0006910080119211072
1578.3095612008206,1578.3095612008206,1.0014683911110924,0.0006911016981143659
1578.3165056397822,1578.3165056397822,0.9995636214593322,0.0006910268289491033
1578.3234500785575,1578.3234500785575,1.000185512152584,0.00069161929883778
1578.3303945173325,1578.3303945173325,0.999805069069232,0.0006910250999830643
1578.3373389560152,1578.3373389560152,0.9996084744809783,0.0006916379884912717
1578.344283394604,1578.344283394604,1.0002744321878136,0.0006908972907349096
1578.3512278330998,1578.3512278330998,1.0002691165684485,0.00069142695705494
1578.3581722715958,1578.3581722715958,1.0004744753124288,0.0006911434485097367
1578.365116709812,1578.365116709812,0.9996495462913388,0.0006912415676396265
1578.372061148029,1578.372061148029,0.9995970584888882,0.0006911022868543277
1578.3790055861523,1578.3790055861523,1.000581113967506,0.0006915970535344808
1578.3859500242756,1578.3859500242756,1.0000588111948736,0.000691199355384665
1578.392894462213,1578.392894462213,1.0001089457485535,0.0006913669707270754
1578.3998389001495,1578.3998389001495,0.9999963091569256,0.0006913859102056811
1578.4067833379006,1578.4067833379006,1.0003946453233816,0.0006913145358902518
1578.4137277756515,1578.4137277756515,0.9991322203824371,0.0006910923102919973
1578.4206722133094,1578.4206722133094,1.000095985254486,0.0006916784400888822
1578.427616650781,1578.427616650781,0.9996511846214078,0.0006909684643757768
1578.4345610882524,1578.4345610882524,0.9989941987369175,0.0006909122132685779
1578.4415055256304,1578.4415055256304,1.0002818574571486,0.0006911561697730444
1578.448449962916,1578.448449962916,1.0009781918799618,0.0006918274196513919
1578.455394400015,1578.455394400015,1.0001222937326093,0.0006912535748420038
1578.4623388372067,1578.4623388372067,1.0011486432284031,0.0006912446786419802
1578.4692832740263,1578.4692832740263,0.9994729979846702,0.0006912215929984507
1578.4762277112184,1578.4762277112184,1.0001402712614118,0.0006912024166134468
1578.483172148131,1578.483172148131,0.9992609017656877,0.0006908064036460092
1578.4901165845783,1578.4901165845783,0.9989517984499917,0.00069054120409548
1578.4970610213045,1578.4970610213045,1.000028983241545,0.0006912144252740127
1578.5040054579379,1578.5040054579379,0.9995280807908944,0.0006909817955641645
1578.510949894385,1578.510949894385,1.0005808040815825,0.0006913233731576138
1578.5178943307387,1578.5178943307387,1.0003529705383576,0.0006918011227578476
1578.5248387670927,1578.5248387670927,1.0012418251643127,0.0006914905881922226
1578.5317832032601,1578.5317832032601,1.000862359800808,0.0006921864696133913
1578.5387276394279,1578.5387276394279,1.0015374186629469,0.0006921541882941117
1578.5456720755024,1578.5456720755024,1.000187390890957,0.000692742911832433
1578.5526165113906,1578.5526165113906,0.9987985729472282,0.0006921507724782396
1578.5595609471857,1578.5595609471857,0.9966428943720136,0.0006919635817979379
1578.5665053830737,1578.5665053830737,0.9947112501327722,0.0006919540706657931
1578.5734498187758,1578.5734498187758,0.9928515738682864,0.0006911725695131256
1578.5803942542916,1578.5803942542916,0.9911988136404654,0.0006913223370235927
1578.587338689807,1578.587338689807,0.9913355015917642,0.0006910419765993566
1578.59428312523,1578.59428312523,0.9903555066720436,0.0006908025918926009
1578.601227560559,1578.601227560559,0.9901684895141127,0.000690896060775076
1578.6081719957954,1578.6081719957954,0.9907910294076174,0.0006905874612833595
1578.6151164308455,1578.6151164308455,0.9906836656427584,0.0006903703590449165
1578.6220608659883,1578.6220608659883,0.9912061462384155,0.0006908695697808526
1578.629005300851,1578.629005300851,0.9904783735616934,0.0006907574399252953
1578.6359497358078,1578.6359497358078,0.9899867212218065,0.0006907131965158263
1578.6428941705788,1578.6428941705788,0.9887502271999955,0.0006907217016288729
1578.649838605256,1578.649838605256,0.9909379935008765,0.0006906594683000718
1578.656783039747,1578.656783039747,0.9880442990898869,0.0006899773684769968
1578.6637274742384,1578.6637274742384,0.9891097607126442,0.0006903204422334063
1578.67067190873,1578.67067190873,0.9906928706071089,0.0006907353144967246
1578.6776163432212,1578.6776163432212,0.9896553026010318,0.0006906073917090637
1578.6845607772466,1578.6845607772466,0.9902094528470944,0.0006902686088217731
1578.6915052115517,1578.6915052115517,0.9909108359350511,0.0006905117998039586
1578.698449645577,1578.698449645577,0.9903370719925269,0.0006901996105029484
1578.7053940795092,1578.7053940795092,0.9905415969383616,0.0006903436280063178
1578.7123385134423,1578.7123385134423,0.9899853515184814,0.0006903494592792693
1578.7192829471883,1578.7192829471883,0.9909381231780827,0.0006907967651203287
1578.7262273809342,1578.7262273809342,0.9906336243702587,0.0006900594799971868
1578.733171814494,1578.733171814494,0.9914212965963246,0.0006907241518401554
1578.7401162479612,1578.7401162479612,0.9906514523227358,0.0006903928428031998
1578.7470606815211,1578.7470606815211,0.9926101480907734,0.0006910618134017481
1578.7540051148014,1578.7540051148014,0.9949167558421766,0.0006915765833163858
1578.7609495478955,1578.7609495478955,0.9966072876334442,0.0006923247235719418
1578.7678939810835,1578.7678939810835,0.9967159470728131,0.000691295376652142
1578.7748384141773,1578.7748384141773,0.9972839565921309,0.000690364078945317
1578.7817828470857,1578.7817828470857,1.0004461753723113,0.0006916209953738754
1578.7887272799933,1578.7887272799933,1.0010908230916438,0.00069158271174262
1578.7956717127151,1578.7956717127151,1.0007939370691272,0.0006917140549437453
1578.802616145437,1578.802616145437,1.0003685506321434,0.0006920709766653503
1578.8095605780654,1578.8095605780654,1.0009359669799232,0.0006915014564714392
1578.816505010601,1578.816505010601,0.9998043169940726,0.000691483450987385
1578.8234494428568,1578.8234494428568,1.0000562874728307,0.000691302241125731
1578.830393875206,1578.830393875206,0.9998027315993486,0.0006913785280711332
1578.8373383076485,1578.8373383076485,1.0011680544631962,0.0006919190729111202
1578.8453938486782,1578.8453938486782,0.9987539274280202,0.0006912730680247657
1578.8526160579413,1578.8526160579413,0.9994456482583665,0.0006914254085911575
1578.863449371743,1578.863449371743,0.9997099300965614,0.0006917368603293653
1578.8762271261771,1578.8762271261771,0.9995705338240786,0.0006918583880088214
1578.8831715577803,1578.8831715577803,0.9996021628996867,0.0006913510844511141
1578.8901159892914,1578.8901159892914,1.0003493441920233,0.0006923155933077154
1578.8970604207093,1578.8970604207093,1.0000772449180533,0.0006913753408659253
1578.9040048520337,1578.9040048520337,0.9990337780562346,0.000691293995852656
1578.9109492832656,1578.9109492832656,1.0012821545303185,0.0006918857889250393
1578.9178937143108,1578.9178937143108,0.9995082286383324,0.0006917381465685569
1578.9248381453563,1578.9248381453563,1.0010852573123081,0.0006923670511618611
1578.9317825763087,1578.9317825763087,1.0001882077396105,0.000691369984298208
1578.9387270072607,1578.9387270072607,1.0004899516099082,0.0006920611176304039
1578.945671438027,1578.945671438027,0.9994518608925972,0.0006914770218256096
1578.9526158686992,1578.9526158686992,0.999708599801113,0.0006916340623578049
1578.959560299186,1578.959560299186,0.9999622988860459,0.0006918898064610607
1578.9665047296726,1578.9665047296726,0.9991790912313263,0.0006917084614031794
1578.9734491600655,1578.9734491600655,0.9998803285243619,0.0006919591708083592
1578.9803935903662,1578.9803935903662,1.000174203146678,0.0006922380231869801
1578.9873380204804,1578.9873380204804,1.0002312917552203,0.0006918045126515276
1578.9942824506873,1578.9942824506873,1.0008490927090343,0.0006917975781629722
1579.0012268806151,1579.0012268806151,1.0001448075736867,0.0006916289270591295
1579.0081713104496,1579.0081713104496,0.9993941245472573,0.0006913990013359064
1579.0151157402845,1579.0151157402845,0.9994043805788906,0.0006914988727043897
1579.0220601701192,1579.0220601701192,1.0002378126848075,0.0006915920417832804
1579.0290045995812,1579.0290045995812,1.0000121926086567,0.0006912648558953207
1579.0359490292296,1579.0359490292296,0.9995902628899541,0.0006916346486974956
1579.0428934585984,1579.0428934585984,1.0009464536241437,0.0006916030821519284
1579.0498378878742,1579.0498378878742,0.9998090134279456,0.0006914934539004367
1579.05678231715,1579.05678231715,1.000415702866421,0.0006916210280990746
1579.063726746333,1579.063726746333,0.9995731016448202,0.0006913443643259143
1579.0706711753292,1579.0706711753292,0.9997927083988513,0.0006916042569290895
1579.0776156042325,1579.0776156042325,0.9999187523536737,0.0006911094647584475
1579.0845600331345,1579.0845600331345,0.9997622822516371,0.0006912375349767341
1579.0915044618516,1579.0915044618516,1.000901791034194,0.0006916628857241032
1579.0984488904755,1579.0984488904755,1.0003387196835125,0.0006916615524276911
1579.1053933190992,1579.1053933190992,0.9994068824903192,0.0006917009024993335
1579.1123377475367,1579.1123377475367,1.0002057669570026,0.0006914644016706641
1579.119282175881,1579.119282175881,1.0007451467283717,0.0006917897684313107
1579.1262266041329,1579.1262266041329,0.9983835321130989,0.0006912848694820993
1579.133171032291,1579.133171032291,1.0002008934975088,0.0006915694084725003
1579.1401154603561,1579.1401154603561,0.9994698574503815,0.000692184165626079
1579.1470598883284,1579.1470598883284,1.0000137055781466,0.0006915701447856719
1579.1540043162072,1579.1540043162072,1.0006233467893209,0.0006917306269475058
1579.1609487439928,1579.1609487439928,1.0011975811917595,0.0006918858614837662
1579.1678931714991,1579.1678931714991,1.000845929003377,0.0006918449629140209
1579.1748375991915,1579.1748375991915,1.0003358212181372,0.0006920666056321613
1579.1817820265117,1579.1817820265117,0.9994083504595771,0.0006917500972406222
1579.188726454018,1579.188726454018,0.998485773523328,0.0006914879388306252
1579.195670881431,1579.195670881431,1.0001058408967076,0.0006919550097335889
1579.2026153085649,1579.2026153085649,1.000261754973516,0.0006912150168104943
1579.2095597356056,1579.2095597356056,1.0002762117998731,0.0006918867269482189
1579.2165041625528,1579.2165041625528,1.0004393913068963,0.0006914224628205519
1579.2234485895005,1579.2234485895005,1.0001614898605025,0.0006915776460725547
1579.230393016262,1579.230393016262,0.999619574233708,0.0006916223069206929
1579.237337443023,1579.237337443023,1.000195478320406,0.0006917361223937682
1579.2442818695051,1579.2442818695051,1.0000209606482784,0.0006915600698655549
1579.2512262960797,1579.2512262960797,1.0009099580949665,0.000691831045383828
1579.258170722468,1579.258170722468,0.9979542995438813,0.0006911073163483494
1579.265115148763,1579.265115148763,1.0005066148042718,0.0006915600263294035
1579.272059574872,1579.272059574872,1.0012986857529487,0.0006915904723970935
1579.2790040009818,1579.2790040009818,0.998706853894635,0.0006911489556963193
1579.285948426998,1579.285948426998,1.0004383245405897,0.0006914212702198117
1579.2928928528277,1579.2928928528277,1.000035208796952,0.0006916157011839007
1579.2998372786576,1579.2998372786576,0.9999325980011742,0.0006915191172850063
1579.3067817043016,1579.3067817043016,1.0007930890311374,0.0006917030197504099
1579.313726129945,1579.313726129945,1.0003042978284087,0.0006916373232176704
1579.3206705553093,1579.3206705553093,0.9995530994858622,0.0006915188169718668
1579.3276149808598,1579.3276149808598,0.999476967349028,0.0006914435689702516
1579.334559406038,1579.334559406038,0.998533295713932,0.0006913472486136474
1579.3415038312155,1579.3415038312155,1.001687245967044,0.0006918193061689054
1579.3484482563938,1579.3484482563938,0.9994703819538193,0.0006919112778221092
1579.3553926811994,1579.3553926811994,0.9999869215910355,0.0006916146886196995
1579.362337106191,1579.362337106191,0.9993030877591844,0.0006913669668917701
1579.3692815309034,1579.3692815309034,1.0003657401634465,0.0006917680310675746
1579.3762259555224,1579.3762259555224,1.0008658073897463,0.000691880511249026
1579.383170380142,1579.383170380142,1.0011170223301888,0.0006921191187428773
1579.390114804575,1579.390114804575,0.9995892194350582,0.0006914573962470714
1579.3970592289147,1579.3970592289147,0.9997714326801521,0.0006915471079277398
1579.4040036532544,1579.4040036532544,0.9988763871100371,0.0006913997388592701
1579.410948077315,1579.410948077315,1.000039485632566,0.0006914582984105999
1579.417892501281,1579.417892501281,0.9995586863150272,0.0006915992986454342
1579.4248369253412,1579.4248369253412,1.0001708180187392,0.0006916637808530867
1579.4317813492155,1579.4317813492155,1.0000310126309708,0.0006916324615436069
1579.4387257729963,1579.4387257729963,1.0007721675860684,0.0006915183708326945
1579.4456701965914,1579.4456701965914,1.000395689125662,0.0006918610035421908
1579.4526146200928,1579.4526146200928,0.9997046101000194,0.0006915403732734857
1579.4595590435013,1579.4595590435013,1.0000376725488775,0.0006920895666493485
1579.466503466817,1579.466503466817,0.999096814717786,0.0006916370336195182
1579.4734478900386,1579.4734478900386,1.0008818151594776,0.0006916646000107024
1579.480392313261,1579.480392313261,1.0002447075121115,0.0006913251375795999
1579.487336736204,1579.487336736204,0.9996726548958497,0.0006913769355788003
1579.4942811590536,1579.4942811590536,1.0004676191686879,0.0006914218675432427
1579.5012255819033,1579.5012255819033,0.998268369560838,0.0006908414453517514
1579.5081700046599,1579.5081700046599,0.9989097858202067,0.0006911450197769992
1579.5151144271372,1579.5151144271372,0.9995732582532291,0.0006913628244710153
1579.5220588496145,1579.5220588496145,1.0013031243423156,0.0006915805572162125
1579.5290032720914,1579.5290032720914,1.0004577224263742,0.0006913551618004388
1579.5359476942892,1579.5359476942892,0.9996230600282197,0.0006909014332202477
1579.5437254471358,1579.5437254471358,0.9999281662479319,0.0006914628754651073
1579.5512254229754,1579.5512254229754,1.0001834991520189,0.000690861592312905
1579.5581698448934,1579.5581698448934,1.0003719856619573,0.0006910334567496212
1579.5651142666243,1579.5651142666243,0.9998811743776684,0.0006910628985365533
1579.5720586883567,1579.5720586883567,0.9993861539577452,0.0006909834247261917
1579.5790031099955,1579.5790031099955,1.0001908730064613,0.0006913117435715013
1579.5859475315415,1579.5859475315415,1.0001991206486458,0.0006916130463160121
1579.5928919529943,1579.5928919529943,0.9995531669045299,0.0006910192540205028
1579.5998363742603,1579.5998363742603,1.0004875093947123,0.0006909114447258463
1579.6067807954337,1579.6067807954337,1.000728818855112,0.000691478915222671
1579.6137252165142,1579.6137252165142,0.9995921026333205,0.0006911706884281321
1579.620669637408,1579.620669637408,1.000331210067727,0.0006914701106228166
1579.627614058209,1579.627614058209,0.9993973636406309,0.000691434885374724
1579.6345584791957,1579.6345584791957,0.9999860811595791,0.0006915518497640381
1579.6415028997171,1579.6415028997171,0.9990388353148655,0.0006913295411666993
1579.6484473202388,1579.6484473202388,1.0001503965319405,0.0006911825053975493
1579.65539174076,1579.65539174076,1.0006402173413957,0.0006915084653540351
1579.662336160909,1579.662336160909,0.999780702703228,0.0006915060262063596
1579.6692805811513,1579.6692805811513,1.0000182357725154,0.0006908781050783514
1579.6762250012994,1579.6762250012994,0.9996070457466066,0.0006908984670095232
1579.6831694212626,1579.6831694212626,1.0008499159743307,0.000691161649390361
1579.6903916178592,1579.6903916178592,0.9998319464793924,0.00069011765434864
1579.698447144825,1579.698447144825,0.9991103636552581,0.0006901093824341376
1579.7053915645083,1579.7053915645083,1.000989269074641,0.0006905582661867638
1579.7123359840048,1579.7123359840048,1.0000297196315253,0.0006902465290149057
1579.719280403409,1579.719280403409,0.9998613709632952,0.0006899900970774628
1579.7262248227194,1579.7262248227194,0.9998311051207475,0.0006904416007882291
1579.733169241937,1579.733169241937,1.0009662029694237,0.0006900934918848036
1579.740669214517,1579.740669214517,0.9993698951621083,0.0006900481989432409
1579.7484469638243,1579.7484469638243,0.9999892468359711,0.0006904513193177846
1579.7565024895805,1579.7565024895805,1.0004277039861313,0.0006903240313885473
1579.7637246850597,1579.7637246850597,0.9992341328537746,0.0006907718550723978
1579.7706691036258,1579.7706691036258,1.00208443743599,0.0006906524245012988
1579.777613522098,1579.777613522098,0.9990456149051476,0.0006903489452521302
1579.7845579405707,1579.7845579405707,0.9989047480795403,0.0006902842986224887
1579.7915023587636,1579.7915023587636,1.001378330557657,0.0006905090401854251
1579.798446776957,1579.798446776957,1.0006511922036465,0.000691050973944548
1579.8053911948705,1579.8053911948705,1.0007523668124008,0.0006905558944810226
1579.8123356128772,1579.8123356128772,1.0003452997734414,0.0006909146450399856
1579.8192800306035,1579.8192800306035,0.9999079615709366,0.0006906058430252895
1579.8262244482376,1579.8262244482376,0.9996905193139878,0.00069056069174799
1579.833168865872,1579.833168865872,0.9993611994012033,0.0006904481304962269
1579.84011328332,1579.84011328332,1.0004765071181925,0.0006905497335420688
1579.847057700675,1579.847057700675,0.9993148933023257,0.0006907495555966512
1579.854002117937,1579.854002117937,1.0018891101836964,0.0006908917294540142
1579.860946535012,1579.860946535012,1.0002965114802935,0.0006907084177688991
1579.8678909519945,1579.8678909519945,0.9992795948455921,0.0006908932539977139
1579.8748353688839,1579.8748353688839,1.0006972835954324,0.0006906611746633363
1579.8817797856798,1579.8817797856798,1.000833679202453,0.0006913682425669027
1579.8887242022897,1579.8887242022897,1.0003260347134375,0.000690909995779183
1579.8956686188997,1579.8956686188997,0.9990274092246467,0.0006907218774549501
1579.9026130353232,1579.9026130353232,0.9990022475542059,0.000690861529059597
1579.9095574516537,1579.9095574516537,1.0011332467261365,0.0006907307995631714
1579.9178907509709,1579.9178907509709,0.9994540886349329,0.0006908639340033117
1579.9248351671151,1579.9248351671151,1.000724124822248,0.0006908985295854919
1579.9317795829795,1579.9317795829795,0.9999704438973162,0.0006908134668817161
1579.9387239988432,1579.9387239988432,0.9997412281833078,0.0006907229772703453
1579.946223967791,1579.946223967791,1.0003439198473294,0.0006905802715546558
1579.954001713187,1579.954001713187,0.9994295317658244,0.0006910454618142137
1579.960946128586,1579.960946128586,1.000089171006552,0.0006904949665697841
1579.967890543892,1579.967890543892,0.9995552259681931,0.0006904179788052935
1579.9748349591978,1579.9748349591978,1.0007192192312642,0.0006903856164032246
1579.9817793742247,1579.9817793742247,0.9996155303022298,0.0006902254767670708
1579.9887237892513,1579.9887237892513,1.0000413540335025,0.0006903884545731237
1579.9956682040915,1579.9956682040915,0.9993065370850921,0.0006901899824685471
1580.0026126188386,1580.0026126188386,1.0006424967002112,0.0006903371371609467
1580.0095570333065,1580.0095570333065,1.0010792500845018,0.0006905819694276955
1580.0165014478673,1580.0165014478673,0.9991213413709715,0.0006902377561599615
1580.023445862335,1580.023445862335,1.0002472580638149,0.0006907242011577907
1580.0303902764304,1580.0303902764304,1.00063463705421,0.0006904659080048151
1580.0373346906192,1580.0373346906192,0.9999445246338231,0.0006902123438126561
1580.04427910462,1580.04427910462,0.9992687533011182,0.0006902906804872183
1580.0512235186218,1580.0512235186218,1.0001858900905687,0.0006902936228466784
1580.058167932158,1580.058167932158,1.0003172958455266,0.0006906971301259307
1580.0651123458806,1580.0651123458806,0.9991714334437592,0.0006902869950651973
1580.0720567592314,1580.0720567592314,0.9997768710166696,0.000690501344717437
1580.0790011727674,1580.0790011727674,0.9992878482030914,0.0006907758302092252
1580.085945586118,1580.085945586118,1.000304984541968,0.0006907910530956656
1580.092889999282,1580.092889999282,1.002278499613436,0.0006913695697690133
1580.0998344122593,1580.0998344122593,1.0001608096382513,0.0006905821749391825
1580.1067788252371,1580.1067788252371,0.9992984785211123,0.0006907255352002001
1580.1137232379356,1580.1137232379356,0.9991952611087369,0.0006908406109569826
1580.1206676506338,1580.1206676506338,0.9998688464498237,0.0006908972154025944
1580.127612063239,1580.127612063239,0.9993263268124245,0.0006902810384365752
1580.1345564755648,1580.1345564755648,1.0003093171411703,0.0006911446664600158
1580.1415008878903,1580.1415008878903,1.0001009342752845,0.0006908876361276428
1580.1484453000292,1580.1484453000292,1.0006104195355507,0.0006913940381900313
1580.1553897120748,1580.1553897120748,1.000081944411038,0.0006910633935082215
1580.162334123935,1580.162334123935,0.9999121858663317,0.000691144077065604
1580.1692785357955,1580.1692785357955,1.0004051249808392,0.000691318624291714
1580.1762229473757,1580.1762229473757,1.0000673357919012,0.0006908190921496884
1580.1831673590495,1580.1831673590495,0.9990724696369602,0.0006906724581701442
1580.1901117702575,1580.1901117702575,1.0009503022301192,0.0006912128565343102
1580.1970561814662,1580.1970561814662,0.9997493458816005,0.0006909525546791466
1580.2040005926742,1580.2040005926742,0.9990214496433504,0.0006903495243571753
1580.2109450038822,1580.2109450038822,0.9996501907575098,0.0006906108363647391
1580.2178894147178,1580.2178894147178,0.9994533919695622,0.0006906358969262127
1580.2248338255536,1580.2248338255536,1.0000817490420313,0.0006905187464425692
1580.231778236203,1580.231778236203,1.0012666693556096,0.0006907000989041381
1580.238722646666,1580.238722646666,1.0004214754333987,0.0006907699663472397
1580.245667057036,1580.245667057036,0.9998993185379719,0.0006909384388674004
1580.2526114673117,1580.2526114673117,1.0006703092241775,0.0006910894045930013
1580.2595558774021,1580.2595558774021,0.9999284563073475,0.0006908093195854049
1580.2665002873994,1580.2665002873994,1.0001245227920956,0.0006909479244029675
1580.2734446973038,1580.2734446973038,0.9997466090266569,0.0006909763268390944
1580.280389107115,1580.280389107115,1.0000561958742806,0.0006909261184897925
1580.2873335166469,1580.2873335166469,0.9989588641768063,0.0006908339780432455
1580.2942779260857,1580.2942779260857,0.9994576521239485,0.0006912112938462488
1580.301222335524,1580.301222335524,0.9995068719750428,0.0006911358880894107
1580.3081667446836,1580.3081667446836,1.0007070890521625,0.0006913932278187603
1580.315111153843,1580.315111153843,1.0005906493756729,0.0006911045827857978
1580.3220555627227,1580.3220555627227,1.0001140116330114,0.000691330800316947
1580.3289999716023,1580.3289999716023,0.9997892529527869,0.0006917722260801029
1580.335944380203,1580.335944380203,1.0000727799140319,0.000691223596194901
1580.3428887888033,1580.3428887888033,0.9997921542824357,0.0006914775433661837
1580.3498331971234,1580.3498331971234,1.000367676884561,0.000690814472624843
1580.3567776054442,1580.3567776054442,0.9983821107740394,0.0006908255101930759
1580.363722013672,1580.363722013672,1.0014120405842706,0.0006915614130245855
1580.3706664216209,1580.3706664216209,1.0007256721224806,0.0006911012848003517
1580.3776108294758,1580.3776108294758,0.999298262048072,0.0006908271875367686
1580.3845552371452,1580.3845552371452,0.9997974838508809,0.0006909219032013211
1580.3914996449078,1580.3914996449078,1.0018189380061369,0.0006915043066696374
1580.398444052297,1580.398444052297,0.999416873909254,0.0006911934386174328
1580.405388459687,1580.405388459687,0.9986160375794204,0.0006908335030831981
1580.412332866797,1580.412332866797,0.998796574948352,0.0006905333341451029
1580.4192772739077,1580.4192772739077,1.000903506058132,0.0006913954062051393
1580.4262216808318,1580.4262216808318,1.001025349211844,0.000691670357803745
1580.4331660875696,1580.4331660875696,1.0001998741277913,0.0006913649993955303
1580.4401104941207,1580.4401104941207,0.9999632254084092,0.000691451889443209
1580.4470549006712,1580.4470549006712,0.9991013743756385,0.0006909786116320604
1580.4539993072228,1580.4539993072228,0.9994921999234456,0.000691049662773709
1580.4609437133088,1580.4609437133088,1.0015898291851144,0.0006912870916327806
1580.4678881194877,1580.4678881194877,0.9994370380735578,0.0006911114973111314
1580.4748325253875,1580.4748325253875,0.9991123504061864,0.0006910111852809213
1580.4817769312872,1580.4817769312872,1.0004710559797552,0.0006915074515531628
1580.488721336907,1580.488721336907,0.9997753066248187,0.0006913274824426909
1580.4956657424343,1580.4956657424343,1.0007786827385483,0.000691174826430164
1580.5026101478684,1580.5026101478684,1.0012655209374817,0.000691621194796351
1580.509554553023,1580.509554553023,0.9991372574144479,0.0006910724440541253
1580.5164989580846,1580.5164989580846,0.998941705845753,0.0006911833973649977
1580.5234433631456,1580.5234433631456,0.999757729329032,0.0006911792488825308
1580.5303877679273,1580.5303877679273,1.0002379025806731,0.0006908557904118546
1580.5373321726154,1580.5373321726154,0.9996685375889498,0.00069084953924202
1580.5442765770247,1580.5442765770247,0.9998129967650307,0.0006913207891953445
1580.5512209817139,1580.5512209817139,1.0012881835520686,0.0006915983879928577
1580.5581653859372,1580.5581653859372,1.0008026451777048,0.0006912739825023318
1580.5651097897876,1580.5651097897876,0.9993298820800476,0.000691146919336775
1580.572054193825,1580.572054193825,0.9994522000469217,0.0006913837681371212
1580.5789985975823,1580.5789985975823,1.0006300784978612,0.000691382482958982
1580.5859430012467,1580.5859430012467,0.9994568972380613,0.0006908142697483263
1580.5928874047254,1580.5928874047254,0.9999125382794674,0.0006916103923636026
1580.59983180811,1580.59983180811,0.999902686701908,0.0006909680853629005
1580.6067762114021,1580.6067762114021,0.9999825344052773,0.000691672580822801
1580.6137206145079,1580.6137206145079,1.0006478417940334,0.0006914426631271679
1580.6206650173328,1580.6206650173328,0.998630118763914,0.0006911014729970094
1580.6276094200657,1580.6276094200657,1.0008364904957998,0.0006913549521978534
1580.6345538227988,1580.6345538227988,1.0004924958598456,0.000691634318811153
1580.6414982252525,1580.6414982252525,0.9996579879610982,0.0006914859272156594
1580.6484426275201,1580.6484426275201,0.9992447981117462,0.0006915682232359088
1580.6553870296943,1580.6553870296943,1.0002486389134042,0.0006911262675805088
1580.6623314315896,1580.6623314315896,1.0002962818599233,0.0006919653447397637
1580.6692758334843,1580.6692758334843,1.000867079800075,0.0006915769772204335
1580.6762202353793,1580.6762202353793,1.0012278979347928,0.0006918991793573836
1580.6831646368087,1580.6831646368087,0.9990436814304507,0.0006910687245368439
1580.6901090383308,1580.6901090383308,0.9987964359087954,0.0006911475898211542
1580.697053439481,1580.697053439481,0.9986111046381081,0.0006915282958646761
1580.7039978406297,1580.7039978406297,1.001430854200065,0.0006921000022702289
1580.7109422415929,1580.7109422415929,0.9998404419030852,0.0006915555006984976
1580.7178866424636,1580.7178866424636,0.9991206226949725,0.0006912331628713833
1580.7248310429616,1580.7248310429616,1.001551108663599,0.000692075921761213
1580.7317754434594,1580.7317754434594,0.9994895787491789,0.0006912222309621985
1580.7387198437712,1580.7387198437712,0.9996232579952788,0.0006915740795084928
1580.7456642439897,1580.7456642439897,1.0007891864884413,0.0006916292789148886
1580.752608644022,1580.752608644022,1.0000019677919583,0.0006914767311079131
1580.7595530436818,1580.7595530436818,1.0007839776966143,0.0006915164279393843
1580.766497443714,1580.766497443714,0.9991197224370006,0.0006914135101720511
1580.7734418430944,1580.7734418430944,1.0000588933935566,0.0006913917477042755
1580.7803862423818,1580.7803862423818,0.9999484519204025,0.0006914293898432074
1580.7873306416677,1580.7873306416677,0.999214671540088,0.0006917057856812993
1580.7942750406755,1580.7942750406755,0.9995418648721458,0.0006917732943381431
1580.8012194394967,1580.8012194394967,1.0005743685096846,0.0006920251414443326
1580.8081638383185,1580.8081638383185,1.0005844432200415,0.000691915766093827
1580.8151082368609,1580.8151082368609,0.9993726416977623,0.000691601355483355
1580.8220526352166,1580.8220526352166,1.0011302715266628,0.00069181745474225
1580.8289970335725,1580.8289970335725,0.9993749280001711,0.0006915215220483178
1580.835941431649,1580.835941431649,1.000914486863183,0.0006917499422405603
1580.8428858295392,1580.8428858295392,0.9985445196764395,0.0006912342129914054
1580.8498302272433,1580.8498302272433,1.0006822385457703,0.0006918311742793338
1580.856774624854,1580.856774624854,1.000080491549605,0.0006918075306529236
1580.8637190222785,1580.8637190222785,0.9990986966621008,0.0006913575430080558
1580.8706634195157,1580.8706634195157,1.0003493320332004,0.0006917879722713265
1580.8776078166609,1580.8776078166609,1.0009616110738921,0.0006917069069157085
1580.8845522135266,1580.8845522135266,0.9999756950382734,0.0006914063838124793
1580.891496610206,1580.891496610206,0.9991373678253137,0.0006917100545259406
1580.8984410068856,1580.8984410068856,1.0001179428949858,0.0006916242291354405
1580.9053854031931,1580.9053854031931,0.9996691495954867,0.0006916348976036713
1580.9123297994997,1580.9123297994997,0.9999754486208898,0.0006917561826805689
1580.9192741956208,1580.9192741956208,1.000562955760919,0.0006919561134701486
1580.9262185914617,1580.9262185914617,1.0007055618485512,0.0006920212988308176
1580.93316298721,1580.93316298721,0.999797917641766,0.000691587621624235
1580.940107382772,1580.940107382772,0.9987477218249193,0.0006915359095963573
1580.9470517780533,1580.9470517780533,0.9996745854245275,0.000691438802087781
1580.9539961733358,1580.9539961733358,1.0007440338306022,0.0006918823462675696
1580.9609405682459,1580.9609405682459,0.9998701961325039,0.0006918245545576554
1580.9678849631557,1580.9678849631557,1.0005173157493086,0.0006920288903348942
1580.9748293578796,1580.9748293578796,1.0001046192568126,0.0006917949232261902
1580.9817737524172,1580.9817737524172,1.0005157410792112,0.0006916101830751343
1580.9887181467682,1580.9887181467682,0.9996224179609865,0.0006912725711885854
1580.9956625409336,1580.9956625409336,0.9999568543344383,0.000691686714079987
1581.0026069348191,1581.0026069348191,0.9987557904548835,0.0006912280191300706
1581.0095513285182,1581.0095513285182,1.0003750210648994,0.0006918662204196682
1581.0164957222175,1581.0164957222175,1.0001363992341283,0.0006919020336511488
1581.0234401157293,1581.0234401157293,1.000611235439416,0.0006921916867438246
1581.0303845088697,1581.0303845088697,0.9998266102976439,0.0006922269668044233
1581.0373289020104,1581.0373289020104,1.0000757327262444,0.0006917830310283256
1581.0442732949643,1581.0442732949643,1.0006103908942192,0.0006920553872990376
1581.0512176876393,1581.0512176876393,0.9993419237467455,0.0006914602565952163
1581.058162080221,1581.058162080221,0.9997913897576213,0.0006917899381052373
1581.0651064724302,1581.0651064724302,0.9996539113593048,0.0006923002343045598
1581.0720508646396,1581.0720508646396,1.0003419641154185,0.0006920576357403171
1581.0789952565692,1581.0789952565692,0.9995148038343252,0.0006918904966086288
1581.0859396484059,1581.0859396484059,1.0005890759476737,0.0006922394008482037
1581.0928840399624,1581.0928840399624,0.9997176498785615,0.0006913945878112384
1581.099828431426,1581.099828431426,1.0000316937681908,0.0006920409689225265
1581.1067728225175,1581.1067728225175,1.0018129369089437,0.0006923301041975342
1581.113717213609,1581.113717213609,0.9999129291988232,0.0006919510587791494
1581.1206616044215,1581.1206616044215,0.9997202444248681,0.0006921613227145091
1581.1276059950474,1581.1276059950474,1.0004013833872234,0.0006923127503484468
1581.1345503855798,1581.1345503855798,0.9996264694170861,0.0006922624823853553
1581.1414947758335,1581.1414947758335,1.0000692860630624,0.0006921181987390047
1581.1484391659005,1581.1484391659005,0.9997027062617496,0.000692155455414797
1581.1553835557816,1581.1553835557816,0.9999167529533377,0.0006923807244294189
1581.1623279453831,1581.1623279453831,0.9994654511950261,0.000692194120221011
1581.1692723348904,1581.1692723348904,0.99907076267449,0.0006920256922585934
1581.176216724212,1581.176216724212,1.0005462143541093,0.0006926022301522218
1581.1831611132548,1581.1831611132548,1.0008462610617972,0.0006925019341046373
1581.190105502204,1581.190105502204,1.0001594048577716,0.0006921848366008517
1581.1970498908745,1581.1970498908745,1.0002743048896434,0.0006925862579961515
1581.2039942793585,1581.2039942793585,1.0003509589646011,0.000692096843343607
1581.210938667656,1581.210938667656,0.9999219827552317,0.0006920359589423677
1581.217883055581,1581.217883055581,0.9987792090030073,0.0006915049555743783
1581.2248274435062,1581.2248274435062,1.0009656854592452,0.0006922402078574878
1581.2317718314312,1581.2317718314312,0.9997014486487137,0.000691890394207541
1581.238716218797,1581.238716218797,0.999904360129876,0.0006923832921707178
1581.2456606061628,1581.2456606061628,1.0000105268557151,0.0006923309227116622
1581.2526049931564,1581.2526049931564,1.0000497395612977,0.0006929656352837302
1581.259549379964,1581.259549379964,0.9999335601316893,0.0006925702561214871
1581.2664937667712,1581.2664937667712,1.0005147105929493,0.0006925973366534307
1581.2734381532064,1581.2734381532064,0.9999036134832398,0.0006924742278213205
1581.2803825393619,1581.2803825393619,1.0002602087228887,0.0006926893890594605
1581.2873269255174,1581.2873269255174,0.9998816889771787,0.0006926702215063499
1581.2942713111145,1581.2942713111145,1.0007113299924053,0.0006928663531605348
1581.3012156967113,1581.3012156967113,0.9986751809206116,0.0006924055386875376
1581.3081600823075,1581.3081600823075,0.999445701490633,0.0006922865464269124
1581.315104467531,1581.315104467531,0.9993410302559805,0.0006922308224889422
1581.3220488524755,1581.3220488524755,1.0003069961644981,0.0006926209077356644
1581.3289932372347,1581.3289932372347,0.9996060905668245,0.0006927969666828347
1581.3359376218066,1581.3359376218066,1.0002708692554614,0.0006924974086066828
1581.3428820060997,1581.3428820060997,1.0012157473897976,0.0006925991452546717
1581.349826390206,1581.349826390206,1.0004354095746941,0.0006922074879757247
1581.3567707741267,1581.3567707741267,1.0003255457593496,0.0006921026266630585
1581.363715157768,1581.363715157768,1.0002249050891308,0.0006921775655676872
1581.3706595410363,1581.3706595410363,0.9996554751561977,0.0006920491459716986
1581.3776039243044,1581.3776039243044,0.9995275246321821,0.0006925047649807975
1581.384548307479,1581.384548307479,0.9998002232549051,0.0006922574538886703
1581.3914926902812,1581.3914926902812,0.999726619731236,0.0006920310004263583
1581.3984370728983,1581.3984370728983,0.999946591626248,0.0006924420405320048
1581.405381455142,1581.405381455142,0.999285491580674,0.0006927551927106513
1581.412325837293,1581.412325837293,1.00083213680117,0.000693161926980987
1581.4192702190717,1581.4192702190717,1.0005918717589755,0.0006930188939464454
1581.42621460085,1581.42621460085,1.0000920586281195,0.000692493720601339
1581.4331589822555,1581.4331589822555,0.9995564911107178,0.0006922847000343132
1581.4401033634754,1581.4401033634754,0.9996592401221992,0.0006923909591802785
1581.4470477444142,1581.4470477444142,0.9999482370365544,0.000692513038072816
1581.4539921251678,1581.4539921251678,1.000608246940691,0.0006923583697618777
1581.4609365056428,1581.4609365056428,0.9992582473509684,0.0006926294930380168
1581.4678808858375,1581.4678808858375,0.9996104452275658,0.0006927344504135806
1581.4748252659397,1581.4748252659397,1.0004682578083757,0.0006920420822210916
1581.481769645762,1581.481769645762,1.0009055697626543,0.0006924672934409038
1581.4887140252126,1581.4887140252126,0.9998233327331374,0.0006918169227058216
1581.4956584045694,1581.4956584045694,1.0006427852293913,0.0006921876616374522
1581.5026027835536,1581.5026027835536,0.9993081452401953,0.0006922487653215902
1581.5095471626307,1581.5095471626307,0.9997709053216826,0.0006921539006183579
1581.516491541149,1581.516491541149,0.9994050460248951,0.0006920827861528122
1581.523435919388,1581.523435919388,1.0006067540777757,0.0006923596015558054
1581.5303802975343,1581.5303802975343,1.0000254017390489,0.0006923355100567863
1581.5373246754011,1581.5373246754011,0.99966268764352,0.0006923352087339423
1581.5442690529885,1581.5442690529885,1.0006560983861088,0.0006925428389814775
1581.5512134303897,1581.5512134303897,0.9998473251861968,0.0006923968177905695
1581.5581578075114,1581.5581578075114,1.0002854509306622,0.0006925639420824171
1581.5651021843537,1581.5651021843537,0.9994704905941486,0.0006923150986378839
1581.5720465609168,1581.5720465609168,0.9996241285224299,0.000692306128738009
1581.5789909374785,1581.5789909374785,1.0000262715760546,0.0006925094706859171
1581.5859353133894,1581.5859353133894,1.0001826938649376,0.0006922230548570714
1581.5928796893936,1581.5928796893936,0.9999065987196118,0.0006930405256994074
1581.5998240648387,1581.5998240648387,1.0000817299371516,0.000692157340550096
1581.6067684402844,1581.6067684402844,0.9998513508127382,0.0006926986000644818
1581.6137128153568,1581.6137128153568,1.000904382840667,0.0006927178081193198
1581.6206571903372,1581.6206571903372,0.9992525169315922,0.0006922419250730684
1581.6276015648511,1581.6276015648511,1.000066718850444,0.0006923890114243537
1581.6345459389922,1581.6345459389922,0.999987865871191,0.0006926844932861482
1581.6414903133193,1581.6414903133193,1.000654349849332,0.0006926239597759705
1581.6484346869015,1581.6484346869015,0.9998651745155123,0.0006927365008452251
1581.6553790605776,1581.6553790605776,0.9998255087864754,0.0006926396522613433
1581.6623234336948,1581.6623234336948,0.9988717852368835,0.0006923571292872412
1581.6692678068114,1581.6692678068114,1.0008305328960838,0.0006924442437079375
1581.6762121795564,1581.6762121795564,0.9993818548765117,0.000692454061595563
1581.6831565520213,1581.6831565520213,1.0004355162411451,0.0006929425748965184
1581.690100924207,1581.690100924207,1.0002190079937183,0.0006926909194280721
1581.6970452962064,1581.6970452962064,0.9999500971143291,0.0006925839587012577
1581.7039896678325,1581.7039896678325,1.001021236954914,0.0006926545526676408
1581.7109340391798,1581.7109340391798,0.9999245607613447,0.0006928394458951825
1581.7178784103412,1581.7178784103412,0.999534733568938,0.0006923427741943125
1581.7248227811297,1581.7248227811297,0.9997696897134105,0.0006922741234192018
1581.7317671516394,1581.7317671516394,0.9989802809735826,0.0006921610049796768
1581.7387115219622,1581.7387115219622,0.9999243355296595,0.0006927593658097826
1581.745655891913,1581.745655891913,1.0000059931765022,0.000692202847218688
1581.75260026177,1581.75260026177,1.0008309955145775,0.0006926740216721183
1581.7595446310686,1581.7595446310686,1.0000660344842423,0.0006921743926531041
1581.7664890003664,1581.7664890003664,0.9999697489661864,0.0006924219322996143
1581.7734333691064,1581.7734333691064,0.9995338965644815,0.0006920064781368142
1581.780377737846,1581.780377737846,1.000262316695094,0.0006920496363875771
1582.3717598979572,1582.3717598979572,0.9999990850921581,0.0007256349619877366
1584.716455443369,1584.716455443369,0.9997380431722036,0.0008448211357336421
1584.723399827212,1584.723399827212,1.0001137161073994,0.0008427716330187034
1584.7317330878996,1584.7317330878996,1.000010922008532,0.0008405781922307511
1584.7386774718368,1584.7386774718368,1.0004334905445427,0.0008383744066213798
1584.745621855681,1584.745621855681,0.9997621861182442,0.0008362457841072392
1584.752566239525,1584.752566239525,0.9994369940856401,0.0008342020678283521
1584.7595106235544,1584.7595106235544,1.0006829315340715,0.000832504110204332
1584.7664550073987,1584.7664550073987,1.0010563528061347,0.0008306803502319769
1584.7733993912425,1584.7733993912425,0.9986935549393502,0.0008287722222176232
1584.78034377518,1584.78034377518,1.0000471580795096,0.0008274980531287766
1584.7872881590242,1584.7872881590242,0.999299233859713,0.0008259853063691854
1584.7942325428671,1584.7942325428671,1.0011228189530474,0.0008252836568585647
1584.8011769267114,1584.8011769267114,1.0009368404718655,0.0008241944206167778
1584.8081213106489,1584.8081213106489,1.0005815237511224,0.0008228819523960641
1584.8150656944927,1584.8150656944927,0.9991073536459343,0.0008213869928388202
1584.8220100783367,1584.8220100783367,0.9981842062216009,0.0008196388883982819
1584.8289544620868,1584.8289544620868,1.000135013172741,0.0008190987108468286
1584.8358988459308,1584.8358988459308,0.9997818044005852,0.0008185832715782784
1584.8428432298683,1584.8428432298683,0.9996229567376922,0.0008177961597488159
1584.8497876136194,1584.8497876136194,1.000384663190394,0.0008175646114968099
1584.8567319974632,1584.8567319974632,0.9997041401752975,0.0008171556038755766
1584.863676381213,1584.863676381213,0.9996673412158861,0.0008169533160885279
1584.870620764964,1584.870620764964,1.0011146285151562,0.0008169808767342152
1584.8775651488081,1584.8775651488081,1.000529802907959,0.0008167373011818809
1584.8845095325596,1584.8845095325596,0.9999346961167961,0.0008159786585762764
1584.8914539163102,1584.8914539163102,1.000217788523655,0.0008158098558485019
1584.8983983000603,1584.8983983000603,0.9993527107811555,0.0008148890502311391
1584.9053426838109,1584.9053426838109,0.9996792031893872,0.0008146220378293298
1584.9122870675626,1584.9122870675626,1.0001779690905994,0.0008141686004238318
1584.91923145122,1584.91923145122,1.0001880848858762,0.0008135300933623032
1584.9261758348778,1584.9261758348778,1.0003999506494434,0.0008132137346901954
1584.933120218628,1584.933120218628,0.9992229970427597,0.0008116183080166591
1584.940064602286,1584.940064602286,0.9998084869681492,0.0008109674877704885
1584.947008986037,1584.947008986037,0.9998900848421102,0.0008104232768676898
1584.9539533696018,1584.9539533696018,1.0000299791306235,0.0008096291159611121
1584.960897753259,1584.960897753259,0.9986456495348672,0.0008081279932299436
1584.967842136823,1584.967842136823,1.0008398188577285,0.0008075409213223461
1584.9747865205736,1584.9747865205736,1.0009579417314254,0.0008068460063126303
1584.9817309040454,1584.9817309040454,0.9998665672899152,0.0008052609707449764
1584.9886752876105,1584.9886752876105,1.0004508708310038,0.0008044745196984584
1584.9956196712678,1584.9956196712678,1.000168989073771,0.0008034609658276034
1585.0025640546453,1585.0025640546453,1.0002834023362421,0.0008022581984310599
1585.0095084383968,1585.0095084383968,0.9992677115778159,0.0008011208105467018
1585.0164528217751,1585.0164528217751,1.0000942058115272,0.0008003671042548226
1585.023397205433,1585.023397205433,1.0007505986139136,0.000799132834980717
1585.0303415887174,1585.0303415887174,0.9990438271889263,0.0007975333065819056
1585.037285972375,1585.037285972375,0.9997881389378165,0.0007966812680037134
1585.0442303557534,1585.0442303557534,0.9998765078632612,0.0007956393197340305
1585.0511747390387,1585.0511747390387,0.999654275480674,0.0007942289770258946
1585.0581191226968,1585.0581191226968,1.0007260566798295,0.0007933605956760122
1585.0650635060738,1585.0650635060738,1.000149147419448,0.000791968509572343
1585.0720078893596,1585.0720078893596,0.9990647127842628,0.000790395320902121
1585.0789522726445,1585.0789522726445,1.0006089397525646,0.0007893397842396591
1585.0858966559301,1585.0858966559301,0.9998342730244836,0.0007883834169101813
1585.0928410392157,1585.0928410392157,1.0011272327293512,0.0007874045311087067
1585.099785422779,1585.099785422779,0.9995827301211324,0.0007861950092149907
1585.1067298062508,1585.1067298062508,0.9996310864360879,0.0007846038894502048
1585.1136741890705,1585.1136741890705,1.0000280494680525,0.0007832555278851625
1585.1206185723554,1585.1206185723554,0.9996730851711083,0.0007820477399520772
1585.127562955641,1585.127562955641,1.0004645786476183,0.0007811003904325602
1585.1345073389248,1585.1345073389248,1.000217123862368,0.000780565276364768
1585.1414517222104,1585.1414517222104,0.9985280599968374,0.0007791014038906237
1585.148396105496,1585.148396105496,1.0012374166968008,0.0007780656677184671
1585.1553404883157,1585.1553404883157,1.0001003492804401,0.0007771863683558907
1585.1622848716008,1585.1622848716008,1.0000740276919367,0.0007758639728246718
1585.1692292547918,1585.1692292547918,1.0002174162028414,0.0007748347929857935
1585.1761736377048,1585.1761736377048,0.9999306300216533,0.0007739083151104186
1585.1831180209902,1585.1831180209902,0.9989307939007309,0.0007727128844771584
1585.1900624038099,1585.1900624038099,1.0007510986953534,0.0007718877076396569
1585.197006786908,1585.197006786908,0.9992311394749178,0.0007708378361608691
1585.2039511699136,1585.2039511699136,0.999858891010977,0.000770128905171156
1585.2108955528263,1585.2108955528263,0.9998947699597018,0.0007692542376989048
1585.2178399358322,1585.2178399358322,1.0007637473407198,0.0007685174008442771
1585.2247843187452,1585.2247843187452,1.0006096901023187,0.0007674319701805692
1585.2317287016572,1585.2317287016572,1.0005810268838367,0.0007669674242893758
1585.2386730844767,1585.2386730844767,0.9989797385568343,0.0007657572197615639
1585.2456174673894,1585.2456174673894,0.9999346364002613,0.0007651904348652012
1585.2525618502095,1585.2525618502095,1.000644028557539,0.0007643306400120115
1585.2595062330286,1585.2595062330286,0.9986780598193885,0.0007634993346251416
1585.2664506158476,1585.2664506158476,1.0002560101359774,0.0007632683033694625
1585.2733949984809,1585.2733949984809,0.9995370820176843,0.0007624575645614198
1585.280339381207,1585.280339381207,1.0011243905017306,0.000761898296393143
1585.287283763934,1585.287283763934,0.9992878783577662,0.0007608792210001581
1585.2942281466599,1585.2942281466599,1.000413839221723,0.0007602014351343813
1585.3011725292924,1585.3011725292924,1.000680852402547,0.0007595426922391773
1585.3081169119262,1585.3081169119262,0.9995809435703217,0.0007585159564627412
1585.3150612945597,1585.3150612945597,0.9993481687574259,0.0007580410975866504
1585.3220056771,1585.3220056771,0.9999051472426597,0.000756780227639521
1585.328950059546,1585.328950059546,1.0005651161359546,0.000756566355269643
1585.335894442086,1585.335894442086,1.0003688440406582,0.0007556830578390303
1585.3428388246261,1585.3428388246261,0.9999861783018315,0.0007546077368930143
1585.3497832070734,1585.3497832070734,1.000119642938282,0.0007537830891929286
1585.3567275895207,1585.3567275895207,1.0003453946377905,0.0007528191875749589
1585.3636719719666,1585.3636719719666,0.999056781666517,0.0007517465258823334
1585.3706163543209,1585.3706163543209,1.0005405209290787,0.0007505506630026778
1585.3775607366747,1585.3775607366747,0.9999559772808297,0.0007496201526214191
1585.3845051190292,1585.3845051190292,0.9996615408318069,0.0007485304039893838
1585.3914495012891,1585.3914495012891,0.9994402960441618,0.0007472782492033605
1585.3983938836423,1585.3983938836423,1.0013274816555342,0.0007465545916245785
1585.40533826581,1585.40533826581,1.0007790012112845,0.0007459140982758848
1585.4122826480714,1585.4122826480714,1.000004443928662,0.0007446810347866603
1585.4192270302387,1585.4192270302387,0.9985523823747083,0.0007440311315167968
1585.426171412312,1585.426171412312,1.0010066050199247,0.0007431627252013743
1585.43311579448,1585.43311579448,0.9991809773663458,0.0007426342832373841
1585.4400601765544,1585.4400601765544,0.9995450570836681,0.0007420040566454522
1585.4470045587223,1585.4470045587223,1.0002461070529545,0.0007419422293752148
1585.4539489406109,1585.4539489406109,1.0008360643943965,0.0007412185947583303
1585.4608933226841,1585.4608933226841,0.9993887212770318,0.0007406441027788527
1585.4678377046662,1585.4678377046662,0.9990236759935913,0.0007402497728240484
1585.4747820865546,1585.4747820865546,1.0003453426134992,0.000739600018714163
1585.481726468536,1585.481726468536,1.000963981638419,0.0007393336313325933
1585.4886708504232,1585.4886708504232,0.999195700464289,0.00073870639706093
1585.4956152322181,1585.4956152322181,0.9999854338373748,0.0007383215917632608
1585.5025596141065,1585.5025596141065,1.000118342711184,0.0007375746030614204
1585.5095039958087,1585.5095039958087,0.9998689452615903,0.0007373616925660724
1585.5164483775109,1585.5164483775109,1.0004161457701912,0.0007368099567072806
1585.5233927593047,1585.5233927593047,1.0001081166099923,0.0007362691288462582
1585.5303371410068,1585.5303371410068,0.9992572875808502,0.0007357344992561672
1585.537281522616,1585.537281522616,1.0003241218498213,0.0007351259924079737
1585.5442259042252,1585.5442259042252,0.9993677086018424,0.0007348658845821377
1585.5511702859264,1585.5511702859264,1.0003709077082017,0.0007343806553945008
1585.5581146674417,1585.5581146674417,1.0006301886004616,0.0007343711968803015
1585.5650590489572,1585.5650590489572,0.9996081540029461,0.0007336324660618413
1585.5720034304736,1585.5720034304736,1.0000639394635962,0.0007332833733171083
1585.5789478118957,1585.5789478118957,1.0004566291222583,0.0007329723088310839
1585.5858921933175,1585.5858921933175,0.9998882957283926,0.0007326108046270136
1585.5928365747404,1585.5928365747404,0.999916341988893,0.0007324408507267916
1585.5997809561632,1585.5997809561632,0.9996135871120394,0.0007319626948478963
1585.6067253373992,1585.6067253373992,1.000219682310542,0.0007317000984654799
1585.6136697186353,1585.6136697186353,0.9994184294407793,0.0007312448508757719
1585.6206140999639,1585.6206140999639,1.0000094144790341,0.000731477893344481
1585.6275584812006,1585.6275584812006,1.0003419064797006,0.0007309771653367405
1585.6345028623439,1585.6345028623439,1.000678091296643,0.0007315340249568632
1585.6414472435802,1585.6414472435802,1.0016691122969044,0.0007311153471250334
1585.648391624722,1585.648391624722,0.9988940720501208,0.0007302465103637644
1585.6553360056796,1585.6553360056796,0.9997528027752655,0.0007308724677401918
1585.6622803866364,1585.6622803866364,1.0000183212987515,0.0007304148840722414
1585.669224767594,1585.669224767594,1.0002386693291334,0.0007302212424965078
1585.6761691485501,1585.6761691485501,1.000083435971622,0.0007297275014100216
1585.6831135295065,1585.6831135295065,0.9995155634118269,0.0007297957904948716
1585.6900579104636,1585.6900579104636,0.9996658247084413,0.0007291022910217363
1585.6970022914206,1585.6970022914206,0.9994584248831337,0.0007290210205966504
1585.7039466723777,1585.7039466723777,1.0009198856378543,0.0007289063306566979
1585.7108910532402,1585.7108910532402,0.9994966313225928,0.0007280419900222016
1585.7178354338248,1585.7178354338248,1.000077822660591,0.0007275630141188795
1585.7247798146886,1585.7247798146886,1.00089251483639,0.000727506954064793
1585.7317241952733,1585.7317241952733,0.9995622349656774,0.0007266387907416505
1585.7386685759498,1585.7386685759498,0.9994276280704805,0.0007265516023850191
1585.7456129566272,1585.7456129566272,1.0011856223355418,0.0007261568544602006
1585.752557337212,1585.752557337212,0.9996172980751489,0.0007257477952536575
1585.7595017177034,1585.7595017177034,1.0006454142905672,0.0007254472390751154
1585.7664460981946,1585.7664460981946,0.9995600946517202,0.0007248491377938986
1585.773390478685,1585.773390478685,0.9996045722787581,0.0007244291441935364
1585.7803348590828,1585.7803348590828,1.0000234964682753,0.0007239509106956641
1585.7872792394817,1585.7872792394817,1.000041674536361,0.0007236083011151799
1585.7942236198796,1585.7942236198796,0.9997020241785417,0.0007237807384524043
1585.8011680001837,1585.8011680001837,0.9998388818063952,0.0007232911574432335
1585.8081123804889,1585.8081123804889,0.9997859188104783,0.0007228607353025234
1585.8150567607008,1585.8150567607008,1.0008552687896493,0.0007231254160229382
1585.8220011409128,1585.8220011409128,0.9996538334071493,0.0007226249207221117
1585.828945521031,1585.828945521031,0.9997476367402655,0.0007222331789743776
1585.8358899012426,1585.8358899012426,1.000615159921506,0.0007226091321910999
1585.842834281268,1585.842834281268,0.9999487437121178,0.0007222469667850165
1585.8497786612938,1585.8497786612938,1.0008944253280199,0.0007218870095486814
1585.8567230413196,1585.8567230413196,0.999346113246672,0.0007214790051518092
1585.8636674213437,1585.8636674213437,0.9999529639199591,0.0007216071349880603
1585.8706118012765,1585.8706118012765,1.0003120675154515,0.000721672670938302
1585.8775561811162,1585.8775561811162,0.9989984918858653,0.0007214074522086179
1585.8845005610488,1585.8845005610488,0.9997271487078276,0.0007216259111332529
1585.8914449408876,1585.8914449408876,1.0001894411294665,0.0007214593284711572
1585.8983893206332,1585.8983893206332,1.0005760820678429,0.0007217576841981016
1585.9053337002865,1585.9053337002865,0.9995089194202705,0.0007214463550572035
1585.9122780800328,1585.9122780800328,1.0004602516751586,0.0007214716132541616
1585.9192224596857,1585.9192224596857,0.999820060280148,0.0007217523899811987
1585.9358889707223,1585.9358889707223,1.000075460279515,0.0007212177067886258
1585.9428333501887,1585.9428333501887,0.9993956309977886,0.0007209300036078064
1585.9497777296556,1585.9497777296556,1.0008147690629134,0.0007207428816019128
1585.9567221091215,1585.9567221091215,0.9985319608789325,0.0007203245854368202
1585.9636664884954,1585.9636664884954,1.000577167283446,0.0007202262529246435
1585.970610867869,1585.970610867869,1.0013108710827547,0.0007203424430064634
1585.97755524715,1585.97755524715,0.9992674801311248,0.0007204397587189249
1585.9844996264294,1585.9844996264294,0.9996586280948925,0.0007199865129687241
1585.9914440056168,1585.9914440056168,0.9996559686151985,0.0007197617435903934
1585.998388384805,1585.998388384805,0.9995705665292492,0.0007194167287514999
1586.005332763992,1586.005332763992,1.0012766101394457,0.0007197581184629571
1586.0122771430856,1586.0122771430856,0.9996598358600345,0.0007192287890702414
1586.0192215221796,1586.0192215221796,1.0009167748518555,0.0007194995797888504
1586.026165901274,1586.026165901274,1.0004949606991835,0.000718843826651731
1586.0331102801822,1586.0331102801822,0.9992610161557801,0.0007182523278437545
1586.0400546589965,1586.0400546589965,1.000677340817852,0.0007181419436906687
1586.0469990380902,1586.0469990380902,1.001038871904147,0.0007182948980493468
1586.053943416719,1586.053943416719,1.0004471022799533,0.0007176667055706696
1586.0608877958134,1586.0608877958134,1.0002500378887265,0.000716849131068286
1586.067832174442,1586.067832174442,0.9985380937484447,0.0007163148451260948
1586.0747765530696,1586.0747765530696,1.0007324187645072,0.0007168867168481731
1586.0817209316988,1586.0817209316988,0.9995753178456308,0.0007158435430146522
1586.0886653103273,1586.0886653103273,1.0001068430583842,0.0007153895655389994
1586.0956096889563,1586.0956096889563,1.0003755546617836,0.0007154561075139048
1586.1025540675832,1586.1025540675832,1.0012084222146875,0.0007149948459917972
1586.1094984462125,1586.1094984462125,0.9999578220881077,0.0007142877837716226
1586.116442824655,1586.116442824655,1.00061097862847,0.0007142333349375145
1586.1233872030043,1586.1233872030043,0.9993129809335475,0.000713519131168003
1586.1303315814457,1586.1303315814457,0.9992221282217713,0.0007132811699855602
1586.1372759597948,1586.1372759597948,0.9999140932248862,0.0007137237886710912
1586.144220338051,1586.144220338051,1.0005654053533513,0.0007130321487574265
1586.1511647163072,1586.1511647163072,0.9994483200013725,0.0007125493667951
1586.1581090945629,1586.1581090945629,1.000795326595061,0.0007124346303084935
1586.1650534727253,1586.1650534727253,1.0004664450047083,0.0007120663847374647
1586.1719978507954,1586.1719978507954,1.0002733778579436,0.00071153854910419
1586.178942228865,1586.178942228865,0.9995700152850466,0.0007113753508983455
1586.1858866068414,1586.1858866068414,0.9998714102528323,0.0007112314251527445
1586.1928309849106,1586.1928309849106,1.0001268657747686,0.0007106586598977815
1586.1997753627943,1586.1997753627943,1.0014623395242785,0.0007114247957943805
1586.206719740771,1586.206719740771,0.9994182650469735,0.0007103127419879095
1586.2136641186548,1586.2136641186548,1.0001661506516966,0.0007104712955455847
1586.220608496351,1586.220608496351,1.0002854413443645,0.0007102789867198143
1586.2275528741416,1586.2275528741416,0.9995652969105271,0.0007101812529418164
1586.234497251839,1586.234497251839,0.9997471371208645,0.0007098165680677896
1586.2414416295364,1586.2414416295364,0.9992701686097638,0.0007092904496943562
1586.2483860072325,1586.2483860072325,0.999767121840018,0.0007093923432321071
1586.255330384744,1586.255330384744,0.9999235383292892,0.000709153023719903
1586.2622747623477,1586.2622747623477,1.001230662126921,0.0007091110254819042
1586.2692191398592,1586.2692191398592,0.9996316441361216,0.00070928491801294
1586.2761635173695,1586.2761635173695,0.9999831766062085,0.0007084507920260936
1586.2831078946008,1586.2831078946008,1.0014158763386336,0.0007088190095424262
1586.290052272019,1586.290052272019,0.9999430798313099,0.0007084092106146058
1586.2969966492508,1586.2969966492508,0.9997200653530486,0.0007081956415032384
1586.304496576772,1586.304496576772,0.9992465818448626,0.000707788714043187
1586.3122742792525,1586.3122742792525,1.0004895469073762,0.0007082141735523969
1586.3192186563913,1586.3192186563913,0.9996992457629768,0.0007076467447324427
1586.3261630335298,1586.3261630335298,1.000414435458955,0.0007080251126860465
1586.3331074105747,1586.3331074105747,0.9990827138531406,0.0007078103518942646
1586.3400517876196,1586.3400517876196,0.9998809419941832,0.000707973225259017
1586.346996164572,1586.346996164572,1.0001672318523698,0.000707325871837509
1586.3539405415243,1586.3539405415243,0.9992371812547859,0.0007073301942581193
1586.3608849183825,1586.3608849183825,0.9999980209446585,0.0007070747598139175
1586.3678292952416,1586.3678292952416,1.000935348370605,0.0007069637845889519
1586.3747736720077,1586.3747736720077,0.9995578775233145,0.0007067523827972943
1586.3817180487736,1586.3817180487736,1.0001963800597653,0.0007060014712935037
1586.3886624255392,1586.3886624255392,1.0003860557946445,0.0007058816683287322
1586.3961623522223,1586.3961623522223,1.0003830153414224,0.0007053042536017906
1586.4039400539582,1586.4039400539582,0.9990065193371448,0.0007057505511952791
1586.4108844307243,1586.4108844307243,1.0009424262723097,0.0007053762538089528
1586.417828807024,1586.417828807024,1.0001969275097133,0.0007050612475842566
1586.4247731836033,1586.4247731836033,0.9997679960447557,0.0007048663359644204
1586.4317175600902,1586.4317175600902,0.9998117618375939,0.0007043079420048341
1586.4386619363904,1586.4386619363904,1.0002362284543542,0.0007045773334102766
1586.4456063126904,1586.4456063126904,0.9994665876490991,0.0007047792232354054
1586.4525506889902,1586.4525506889902,0.9982626318717938,0.0007039525287136113
1586.4594950652906,1586.4594950652906,1.000628886724162,0.0007036683311706544
1586.4664394411259,1586.4664394411259,1.0002743459419223,0.0007038533998715931
1586.4733838174257,1586.4733838174257,1.0012130711706004,0.0007037417468898921
1586.480328193446,1586.480328193446,1.0007818547200904,0.0007033559932832173
1586.48727256956,1586.48727256956,1.0003558080016892,0.0007038469246737442
1586.4942169453948,1586.4942169453948,1.0000984211670754,0.0007035487544568993
1586.501161321415,1586.501161321415,0.9999594616370266,0.0007039779652529421
1586.5081056972492,1586.5081056972492,0.9997697465795576,0.0007031998889628457
1586.515050073084,1586.515050073084,0.9995093632561485,0.0007033158103801693
1586.5219944489188,1586.5219944489188,1.0004604530846624,0.0007031054925449001
1586.52893882466,1586.52893882466,0.9994929939237001,0.0007035785446364185
1586.5358832003076,1586.5358832003076,1.0001179665038098,0.0007032833398494822
1586.5428275759562,1586.5428275759562,1.000178575483011,0.0007033737835005374
1586.549771951512,1586.549771951512,1.0005580605317241,0.0007031085014800723
1586.5567163271596,1586.5567163271596,0.9994392201883343,0.0007030138494192176
1586.563660702528,1586.563660702528,1.0008072741171579,0.0007035917925871676
1586.57060507799,1586.57060507799,0.9992996656006102,0.000703098565180528
1586.5775494533596,1586.5775494533596,0.9997543154579596,0.0007028029658076908
1586.5844938287282,1586.5844938287282,0.9992307995246617,0.0007030315124598348
1586.5914382040035,1586.5914382040035,1.0003998863192645,0.0007034268468508889
1586.5983825792794,1586.5983825792794,1.0002023740363424,0.0007033292724065
1586.6053269544623,1586.6053269544623,1.0002624322288363,0.0007028862933562987
1586.6122713295515,1586.6122713295515,1.0004016452406188,0.0007029731457998578
1586.6192157047335,1586.6192157047335,0.9999342551718226,0.0007026642070540579
1586.6261600798232,1586.6261600798232,0.9990410988139555,0.0007022560712067917
1586.6331044547267,1586.6331044547267,1.0007685891082994,0.0007026045908654646
1586.640048829723,1586.640048829723,0.9996904117385965,0.0007022766493361121
1586.6469932046252,1586.6469932046252,1.0005832569778188,0.000702586990557919
1586.6539375794355,1586.6539375794355,0.9990891984931084,0.0007024920508267484
1586.6608819542462,1586.6608819542462,0.9999068883508132,0.0007024765873266818
1586.667826328963,1586.667826328963,1.001363936301895,0.0007023593606552212
1586.6747707037723,1586.6747707037723,0.9993134245675108,0.0007021928977447488
1586.6817150783031,1586.6817150783031,1.0000742471215391,0.000702193598625106
1586.6886594529274,1586.6886594529274,0.9993389457175785,0.0007017226949241426
1586.695603827458,1586.695603827458,1.0004760308729463,0.0007022452693684681
1586.7025482019878,1586.7025482019878,1.0003639871654182,0.0007024871278592054
1586.7094925764256,1586.7094925764256,1.0001051264969667,0.0007017888450189982
1586.7164369507705,1586.7164369507705,0.9998983355413348,0.0007017948365021719
1586.7233813251146,1586.7233813251146,0.9992815908055744,0.0007014442049324249
1586.7303256995515,1586.7303256995515,1.0000530924946218,0.0007018073795263662
1586.7372700736166,1586.7372700736166,0.9992721320481991,0.0007015464330047413
1586.7442144479614,1586.7442144479614,0.999872406619134,0.0007014836371816623
1586.7511588219331,1586.7511588219331,1.0007778744449571,0.000701783633674785
1586.758103196091,1586.758103196091,1.000479004950986,0.0007016129611517616
1586.7650475703422,1586.7650475703422,1.001166434923614,0.0007015269007920953
1586.7719919443148,1586.7719919443148,0.9995386684779592,0.0007011065282653168
1586.778936318286,1586.778936318286,1.0002483285857742,0.0007013331570170191
1586.785880691792,1586.785880691792,0.9995084188660861,0.0007006406378668059
1586.7928250657642,1586.7928250657642,0.9993405832081621,0.0007009599163405232
1586.7997694397359,1586.7997694397359,0.9997928860125773,0.0007006782274762236
1586.8067138132417,1586.8067138132417,0.9991709814782499,0.0007006153557066094
1586.8136581870272,1586.8136581870272,0.9998910186146661,0.0007007370690823619
1586.8206025606269,1586.8206025606269,1.0009607243557457,0.0007004917900901986
1586.8275469342266,1586.8275469342266,0.9998981990238246,0.0007004498068385006
1586.8344913077322,1586.8344913077322,1.0011621733884808,0.0007004238255609685
1586.841435681145,1586.841435681145,1.0001279949460682,0.000700503886057332
1586.8483800546514,1586.8483800546514,0.9991228111609889,0.0006997319188445159
1586.8553244279717,1586.8553244279717,1.0000773929350388,0.0006995208015676028
1586.8622688012906,1586.8622688012906,1.000484445940987,0.0006999462696633582
1586.8692131746109,1586.8692131746109,0.9996323227773182,0.0006997593916485353
1586.876157547838,1586.876157547838,0.998744107478777,0.0006996275349580936
1586.883101920972,1586.883101920972,1.0001892139400212,0.0006995392030335455
1586.8900462941049,1586.8900462941049,1.0004964365573865,0.0006999096510310291
1586.8969906671452,1586.8969906671452,1.0001098104522954,0.0006997684410488308
1586.903935040093,1586.903935040093,0.999972648545288,0.0006996014143530828
1586.910879413134,1586.910879413134,0.9997702140634809,0.0006993896591114139
1586.9178237859874,1586.9178237859874,1.0003675356387938,0.0006999262511434546
1586.9247681587485,1586.9247681587485,1.0003288928059946,0.0006991095537068034
1586.9317125316034,1586.9317125316034,1.000727064992822,0.0006994168651275345
1586.9386569043643,1586.9386569043643,0.9997211163943918,0.0006993412644562207
1586.945601277125,1586.945601277125,0.9993215595548472,0.0006992509203884986
1586.9525456497,1586.9525456497,1.0001925459213552,0.0006992449814730258
1586.959490022275,1586.959490022275,1.000073063923795,0.0006991213299737856
1586.9664343948498,1586.9664343948498,0.9988507860631562,0.0006991661535193025
1586.973378767331,1586.973378767331,1.0005341316123746,0.0006993747724767724
1586.9803231397195,1586.9803231397195,1.000027102106953,0.0006992561656333004
1586.987267512109,1586.987267512109,0.9998258619310126,0.0006991904347511545
1586.994211884497,1586.994211884497,1.0004118853975572,0.0006989381075798355
1587.001156256699,1587.001156256699,1.000447791877671,0.0006991860908585555
1587.0081006289015,1587.0081006289015,1.0004437846659027,0.0006991734542568435
1587.0150450011045,1587.0150450011045,0.9995043782844035,0.0006987596622484353
1587.0219893732124,1587.0219893732124,0.9995453954836566,0.0006990143442707124
1587.0289337453219,1587.0289337453219,0.9994788861745493,0.0006986677352224687
1587.0358781172454,1587.0358781172454,0.9995652573911153,0.0006992198927051901
1587.0428224891687,1587.0428224891687,1.0012237935328874,0.0006990100161359263
1587.0497668611838,1587.0497668611838,1.0000863104045705,0.0006985978702810139
1587.0567112329204,1587.0567112329204,1.0000421215239168,0.0006987514758035878
1587.0636556045642,1587.0636556045642,0.9994054870214232,0.0006986243086117337
1587.0705999766737,1587.0705999766737,0.9997083269364371,0.000698598751145454
1587.0775443483162,1587.0775443483162,1.0006731306784054,0.0006985334537064592
1587.08448871996,1587.08448871996,1.0000703550011643,0.0006982701818033875
1587.0914330913247,1587.0914330913247,1.000592186039103,0.0006984680834338867
1587.0983774627816,1587.0983774627816,0.9996657122176069,0.0006982083203215426
1587.1053218344246,1587.1053218344246,0.9991412981000798,0.0006977400870867868
1587.1122662056957,1587.1122662056957,0.9996615015352381,0.0006979172571036001
1587.1192105771538,1587.1192105771538,1.0007321621575065,0.0006982047546209901
1587.126154948424,1587.126154948424,1.0005462250516464,0.0006978477503331428
1587.133099319695,1587.133099319695,1.0003688512833524,0.0006976883485492687
1587.140043690873,1587.140043690873,0.9994870150799884,0.00069736562463052
1587.1469880620516,1587.1469880620516,1.0001869213901577,0.0006976909386419615
1587.1539324330424,1587.1539324330424,0.9998162693405789,0.0006975491808863441
1587.1608768041272,1587.1608768041272,1.0002516347398172,0.0006972117604022216
1587.1678211751191,1587.1678211751191,0.9993119618973756,0.0006968501670925681
1587.1747655460179,1587.1747655460179,0.999029470478674,0.000696739541765824
1587.1817099169152,1587.1817099169152,1.0011576254766414,0.0006972320784681834
1587.1886542877207,1587.1886542877207,0.9985309570566976,0.0006967947583362501
1587.1955986585265,1587.1955986585265,1.001227623529076,0.0006969172662798113
1587.2025430291455,1587.2025430291455,1.0000093524064089,0.0006970382854401623
1587.2094873998572,1587.2094873998572,1.0004406763607305,0.0006967525502789197
1587.2164317703832,1587.2164317703832,1.0001478290941725,0.0006965426019234327
1587.223376141003,1587.223376141003,1.0000347298880592,0.0006965486791325633
1587.2303205115284,1587.2303205115284,1.000333501257936,0.0006963562838355434
1587.2372648818678,1587.2372648818678,0.9998360494907162,0.000696662304749656
1587.2442092523008,1587.2442092523008,0.9996018834795658,0.0006962627988946138
1587.251153622548,1587.251153622548,0.9998117308703345,0.0006965724626578935
1587.2580979928869,1587.2580979928869,0.999955769091423,0.0006963439735954032
1587.26504236304,1587.26504236304,0.9997785940257737,0.0006965650201128024
1587.2719867331937,1587.2719867331937,0.9997939925762914,0.0006964806156380922
1587.2789311033473,1587.2789311033473,1.0001102542433238,0.0006963505519171728
1587.2858754733136,1587.2858754733136,1.0002502135347,0.0006964778014076301
1587.2928198433744,1587.2928198433744,0.9996825006552026,0.0006961855973705041
1587.2997642132484,1587.2997642132484,1.0000870541448978,0.0006959607811640866
1587.3067085831226,1587.3067085831226,1.0003412309883055,0.0006958076726008628
1587.3136529529959,1587.3136529529959,1.0000561276925404,0.0006956689363484925
1587.320597322777,1587.320597322777,1.0002456786529288,0.0006958083054480051
1587.3275416924653,1587.3275416924653,0.9996738560401713,0.0006955252694559281
1587.3344860621523,1587.3344860621523,0.9999977987473454,0.0006955743299585971
1587.3414304316539,1587.3414304316539,0.9994638572425822,0.0006958068279268323
1587.3483748013418,1587.3483748013418,1.0002613912904146,0.0006958344955400091
1587.3553191707506,1587.3553191707506,1.0006594856542392,0.0006957027193281308
1587.362263540065,1587.362263540065,1.0002386739292182,0.0006953922271099591
1587.3692079093803,1587.3692079093803,0.9999517155640408,0.0006956855376745204
1587.3761522786958,1587.3761522786958,1.0000544280209351,0.00069581829828441
1587.383096648011,1587.383096648011,0.9993557192639972,0.0006953981873282176
1587.3900410173255,1587.3900410173255,0.9999145422784119,0.0006955395217651515
1587.396985386641,1587.396985386641,0.9995976614773163,0.000695712583431473
1587.4039297554912,1587.4039297554912,1.0000286139164376,0.000695315923673776
1587.4108741247126,1587.4108741247126,1.000676939089952,0.0006952257317862268
1587.417818493655,1587.417818493655,0.99936545225392,0.000695430152753632
1587.4247628625048,1587.4247628625048,1.0000042803596911,0.0006952124014507625
1587.431707231448,1587.431707231448,0.9997616307994148,0.0006950602637118157
1587.4386516002965,1587.4386516002965,0.9995932879374593,0.0006952759828718761
1587.4455959689599,1587.4455959689599,1.0002817242970858,0.000695217120558028
1587.452540337717,1587.452540337717,1.0013164028985373,0.0006952125086278528
1587.45948470638,1587.45948470638,1.00040957789887,0.0006953255871966921
1587.4664290749495,1587.4664290749495,1.0005609748014668,0.0006957187004806458
1587.4733734435201,1587.4733734435201,0.9998347362114831,0.000695380074810103
1587.480317811997,1587.480317811997,0.9996164395584362,0.0006950253770396645
1587.487262180381,1587.487262180381,0.9990636825441094,0.0006953303401871014
1587.4942065487646,1587.4942065487646,0.9988385935070253,0.0006946615640567725
1587.5011509170558,1587.5011509170558,1.000772369102489,0.0006952841108823777
1587.508095285347,1587.508095285347,0.9999319934827537,0.000695000544178952
1587.5150396534505,1587.5150396534505,1.0000819466373785,0.0006952915324378581
1587.5219840216482,1587.5219840216482,1.000456769275571,0.0006953044054046429
1587.5289283897532,1587.5289283897532,1.0004488670949592,0.0006951087095110913
1587.5358727576709,1587.5358727576709,0.9999347901438179,0.000695067145808518
1587.542817125682,1587.542817125682,1.0001626723570738,0.0006954927627176236
1587.5497614936005,1587.5497614936005,0.9991419275925646,0.0006953030932608076
1587.556705861519,1587.556705861519,1.0002200714874943,0.000695085723254463
1587.5636502292505,1587.5636502292505,0.9997480252912523,0.0006951739777862501
1587.5705945969823,1587.5705945969823,1.000236105178562,0.0006953191500293804
1587.5775389647147,1587.5775389647147,0.9997388341134368,0.0006955257233404832
1587.5844833322603,1587.5844833322603,0.9998246644305258,0.0006948625877881272
1587.5914276998053,1587.5914276998053,0.999921258123695,0.0006952689632457954
1587.5983720673514,1587.5983720673514,1.0005046196412164,0.0006953556087727745
1587.6053164348043,1587.6053164348043,1.0002448903218666,0.0006955475985306804
1587.6122608022565,1587.6122608022565,1.0006212639070076,0.0006956850699633748
1587.6192051695223,1587.6192051695223,1.0006726297662745,0.000695114530879135
1587.6261495367892,1587.6261495367892,1.0002859860438227,0.0006951799736836025
1587.6330939040558,1587.6330939040558,1.0001741678748828,0.0006949379697685979
1587.640038271228,1587.640038271228,0.9994999872211245,0.0006950973151616145
1587.6469826382154,1587.6469826382154,0.9999239317480312,0.0006950963145340323
1587.6539270052024,1587.6539270052024,0.9994354389983695,0.0006951594747757253
1587.6608713721894,1587.6608713721894,0.9997185438446481,0.0006952209152721408
1587.6678157391757,1587.6678157391757,1.0000517409115754,0.0006951738887064744
1587.674760106163,1587.674760106163,1.0004425318294798,0.0006951828633132873
1587.6817044729637,1587.6817044729637,1.0005031762710943,0.0006949171259596754
1587.6886488396708,1587.6886488396708,0.9997538646885642,0.0006953753333753735
1587.6955932063781,1587.6955932063781,1.0007033291218541,0.0006952490081697206
1587.702537573086,1587.702537573086,0.9995997586879583,0.0006947658743917192
1587.7094819396075,1587.7094819396075,0.9994124992879536,0.0006945152009040996
1587.7164263061277,1587.7164263061277,1.0006486755469322,0.0006950388548449324
1587.723370672556,1587.723370672556,0.9999900238350893,0.0006947916649574331
1587.7303150389848,1587.7303150389848,0.9990814253881266,0.0006946909130603569
1587.7372594054118,1587.7372594054118,1.0003285959551476,0.0006948126806586834
1587.7442037716537,1587.7442037716537,0.9992201361296018,0.0006945921826098953
1587.751148137896,1587.751148137896,1.0010531668940301,0.0006951867682694409
1587.758092504138,1587.758092504138,1.0004967767986797,0.0006945484673708442
1587.765036870193,1587.765036870193,0.9992164514012289,0.0006948461394297698
1587.7719812362486,1587.7719812362486,1.0001648567748929,0.0006948034372949494
1587.778925602212,1587.778925602212,1.000097635013605,0.0006948404959787376
1587.7858699681735,1587.7858699681735,1.0003038064356455,0.0006948161266391807
1587.792814334136,1587.792814334136,0.9998151253337945,0.0006948450451712114
1587.7997586999122,1587.7997586999122,0.9993080091474165,0.000694796332674734
1587.806703065689,1587.806703065689,1.0003668143585647,0.0006945674791908286
1587.8136474313708,1587.8136474313708,1.0009280271864323,0.0006947756315037843
1587.8205917969613,1587.8205917969613,0.9999231916307363,0.0006945466478957562
1587.8275361625513,1587.8275361625513,0.9996291978593176,0.0006946291739712945
1587.8344805280478,1587.8344805280478,1.0003874719190167,0.0006945166956257473
1587.8414248935444,1587.8414248935444,0.9991068011147044,0.0006946351394485027
1587.8483692589484,1587.8483692589484,0.9994031789363028,0.000694636306349297
1587.8553136243522,1587.8553136243522,1.000135742480719,0.0006948640148247084
1587.8622579895687,1587.8622579895687,1.0006313721179132,0.000694741148906718
1587.8692023548797,1587.8692023548797,0.9995042120150558,0.0006946089972315573
1587.8761467200973,1587.8761467200973,1.0010681351711732,0.0006947484076866549
1587.883091085128,1587.883091085128,0.9993722022243816,0.0006947763260683863
1587.8900354501588,1587.8900354501588,1.0001503588154625,0.0006946445195168459
1587.8969798152834,1587.8969798152834,1.0007503007224328,0.0006950321755432029
1587.9039241801286,1587.9039241801286,0.9985859462492263,0.0006943707520994836
1587.9108685450658,1587.9108685450658,1.0011631691209837,0.0006943945517049425
1587.9178129097247,1587.9178129097247,0.999959983645436,0.0006944113640637663
1587.924757274663,1587.924757274663,0.9992718736300492,0.0006945514379496858
1587.9317016395075,1587.9317016395075,0.9997970724572779,0.0006944283181651276
1587.9386460041655,1587.9386460041655,0.9994313305861869,0.0006946992495637446
1587.9455903683588,1587.9455903683588,1.0001880601426534,0.0006944521649038916
1587.9525347330177,1587.9525347330177,1.0008710690533174,0.0006945658074751563
1587.959479097582,1587.959479097582,1.0004095013444698,0.0006943736040712614
1587.9664234618688,1587.9664234618688,1.0003934123433191,0.0006945104397074861
1587.973367826248,1587.973367826248,0.9996914696596114,0.0006944250317780303
1587.980312190627,1587.980312190627,1.0004880851365212,0.0006947739003149657
1587.9872565548199,1587.9872565548199,0.9994558570634812,0.0006941435687222647
1587.9942009189194,1587.9942009189194,0.9989931010111599,0.0006942525114152561
1588.0011452830202,1588.0011452830202,1.0002176112950878,0.0006944143423903103
1588.0080896471188,1588.0080896471188,0.9993937404533704,0.0006942439538169028
1588.0150340110329,1588.0150340110329,0.9993456369201045,0.000694195726726538
1588.0219783749467,1588.0219783749467,1.0015308232517874,0.0006949498237469748
1588.0289227388591,1588.0289227388591,1.0004363099665172,0.0006944203532621262
1588.03586710268,1588.03586710268,0.9995440171155584,0.0006942938563849625
1588.0428114664076,1588.0428114664076,1.0003465231865447,0.0006944912757446939
1588.049755830135,1588.049755830135,1.0003071135191706,0.0006941902064258986
1588.056700193675,1588.056700193675,0.9998732524776208,0.0006941490954628914
1588.0636445573095,1588.0636445573095,0.9997903753392506,0.000694097837104047
1588.070588920944,1588.070588920944,0.999522439801795,0.0006944898190183497
1588.077533284205,1588.077533284205,0.9996782357147527,0.0006942970911749924
1588.0844776476529,1588.0844776476529,0.9997790582963091,0.0006944788926000457
1588.0914220110078,1588.0914220110078,1.0015095973166628,0.0006945564435633984
1588.0983663742695,1588.0983663742695,0.9993979919084277,0.000694569021643043
1588.1053107374373,1588.1053107374373,1.0004234620421717,0.0006943789167383724
1588.112255100606,1588.112255100606,0.9994353215249137,0.0006939338450862224
1588.1191994636818,1588.1191994636818,0.9994343988526273,0.0006943203445281121
1588.1261438267563,1588.1261438267563,1.0000776771040027,0.0006942810054366554
1588.1330881896454,1588.1330881896454,1.0007929325929052,0.0006940547830321643
1588.140032552535,1588.140032552535,0.9996278562736401,0.0006940462416255079
1588.1469769154241,1588.1469769154241,1.0009700452128008,0.0006944544395648712
1588.1539212782195,1588.1539212782195,0.9990491896698103,0.000693726954636459
1588.1608656409228,1588.1608656409228,1.0000354839471743,0.0006939835178854958
1588.1678100035324,1588.1678100035324,0.9997558331716085,0.000694293840851131
1588.1747543662339,1588.1747543662339,1.0001037073655177,0.0006939162206475521
1588.1816987285652,1588.1816987285652,1.000125526003019,0.0006938187269902218
1588.188643091361,1588.188643091361,1.0002289052399171,0.0006940545522751596
1588.1955874536911,1588.1955874536911,1.000525312804664,0.0006941394054212927
1588.2025318160213,1588.2025318160213,0.9995160916253367,0.0006941083037188793
1588.209476178352,1588.209476178352,0.9999583874954789,0.0006943495785497149
1588.2164205405888,1588.2164205405888,0.9995160820024974,0.0006940750904916239
1588.223364902546,1588.223364902546,1.0001849137993593,0.0006940696325702213
1588.2303092648767,1588.2303092648767,0.9996654692175037,0.0006942140041741446
1588.2372536267417,1588.2372536267417,1.0004532625803702,0.0006937745895643162
1588.2441979887915,1588.2441979887915,0.9994468578804495,0.0006937767862067118
1588.2511423507494,1588.2511423507494,1.0001624388479258,0.0006936885767497662
1588.2580867126144,1588.2580867126144,0.9996946314710533,0.000693367944222828
1588.2650310743854,1588.2650310743854,0.9997962314794396,0.0006936441790389927
1588.271975436157,1588.271975436157,1.0004187029517433,0.0006934257251193845
1588.278919797836,1588.278919797836,1.0013193485386196,0.0006938146555225188
1588.2858641595144,1588.2858641595144,0.9995572516294813,0.000693226510093857
1588.2928085210056,1588.2928085210056,1.0006663554593476,0.0006937692526378725
1588.2997528825908,1588.2997528825908,0.9995483860618831,0.0006931845719451486
1588.3066972439906,1588.3066972439906,0.9986150677520633,0.0006934238123547448
1588.3136416052955,1588.3136416052955,1.0004568704551458,0.0006935696253807966
1588.3205859666946,1588.3205859666946,0.9999880096999997,0.0006936950885279146
1588.3275303278142,1588.3275303278142,0.9996699965318786,0.0006936975020279044
1588.3344746890266,1588.3344746890266,1.000767160681312,0.0006939955750028635
1588.3414190501458,1588.3414190501458,1.0003987952788083,0.0006941100887130119
1588.3483634113588,1588.3483634113588,0.9993599021733146,0.0006934132216247777
1588.3553077722922,1588.3553077722922,1.0004926284133666,0.0006943388005023673
1588.3622521333182,1588.3622521333182,1.0006390816028559,0.0006940207177256467
1588.3691964941584,1588.3691964941584,0.9987355926643083,0.0006935906795019069
1588.3761408549992,1588.3761408549992,0.9999009490899139,0.000694055941487209
1588.3830852157455,1588.3830852157455,1.0002500394988678,0.0006940262310014907
1588.3900295763992,1588.3900295763992,1.000525763176057,0.0006942861762661174
1588.3969739371464,1588.3969739371464,1.0001549235812441,0.0006942543062900984
1588.4039182977074,1588.4039182977074,0.9998579946440367,0.0006940489995657579
1588.4108626581742,1588.4108626581742,0.9985138675825789,0.0006936046951747493
1588.4178070186424,1588.4178070186424,1.0006683741310614,0.0006943927898522814
1588.424751378924,1588.424751378924,0.9985741328026503,0.0006937204162340295
1588.4316957393908,1588.4316957393908,1.0014023582320952,0.0006940464059661639
1588.4386400995797,1588.4386400995797,1.0021184980324243,0.000694310676134682
1588.445584459861,1588.445584459861,1.000276398502916,0.000694001112363587
1588.4525288198624,1588.4525288198624,0.999668028729719,0.0006938260699582789
1588.4594731798643,1588.4594731798643,0.9992660184293213,0.0006937577846963226
1588.4664175398666,1588.4664175398666,0.9998945497632408,0.0006939513327161146
1588.4733618998685,1588.4733618998685,0.9999888495380487,0.0006939756006132508
1588.4803062598698,1588.4803062598698,1.0004863853306747,0.0006940769255226636
1588.4872506198722,1588.4872506198722,0.9987830001076784,0.0006936060188218472
1588.4941949794088,1588.4941949794088,1.0011186540179324,0.0006941752968624158
1588.5011393392238,1588.5011393392238,0.9994284548725314,0.0006941257640477188
1588.5080836988534,1588.5080836988534,1.0002902566037442,0.0006943040305859387
1588.5150280583898,1588.5150280583898,0.9987489427984416,0.000693604521688692
1588.5219724179256,1588.5219724179256,1.0001387689370547,0.0006938915179971531
1588.5289167773687,1588.5289167773687,0.9998803170434332,0.0006936318731078455
1588.5358611368126,1588.5358611368126,0.9995743221094472,0.0006935645072821936
1588.542805496162,1588.542805496162,1.0009157815531402,0.0006940252557936242
1588.5497498554187,1588.5497498554187,1.0002645454299866,0.0006943371772374986
1588.5566942145829,1588.5566942145829,1.0004457768120274,0.0006939882423254471
1588.5636385737466,1588.5636385737466,0.9994795834865892,0.0006935096282002537
1588.5705829328167,1588.5705829328167,1.0001171996403886,0.0006938858808981884
1588.577527291888,1588.577527291888,0.9995876214480897,0.0006940937002748504
1588.5844716507727,1588.5844716507727,1.0005661458412558,0.000693888060518004
1588.591416009749,1588.591416009749,0.9994021136750364,0.0006935166865198617
1588.5983603686338,1588.5983603686338,0.9997442627204686,0.000693673951304526
1588.6053047272392,1588.6053047272392,1.000142665070118,0.0006943560386911202
1588.6122490860296,1588.6122490860296,1.0004515117537076,0.0006939734080517999
1588.6191934446347,1588.6191934446347,1.0001514457034872,0.0006938706877545134
1588.62613780324,1588.62613780324,1.0002190704489542,0.000693575382753067
1588.6330821617514,1588.6330821617514,0.9994035670412783,0.0006936322453562348
1588.6400265201696,1588.6400265201696,0.9999133435085288,0.0006934553740989763
1588.646970878682,1588.646970878682,1.0002905442496668,0.0006937987210422202
1588.6539152369146,1588.6539152369146,0.9985494764175138,0.0006930018342547132
1588.6608595951461,1588.6608595951461,1.0000506487465723,0.0006938319191511483
1588.667803953379,1588.667803953379,1.0014973052762006,0.0006936158697683601
1588.674748311519,1588.674748311519,0.9995494639429786,0.0006936564051609158
1588.6816926696574,1588.6816926696574,1.000381048916807,0.0006937292535901883
1588.6886370276104,1588.6886370276104,1.0016230296842572,0.0006937396069186315
1588.695581385471,1588.695581385471,0.998826960387522,0.0006933532267075238
1588.7025257435162,1588.7025257435162,0.9993572868613938,0.000693112137923978
1588.7094701012834,1588.7094701012834,0.9987315056204645,0.0006934499422500035
1588.7164144589574,1588.7164144589574,1.0008115178247752,0.0006936949187486768
1588.7233588166303,1588.7233588166303,1.0014492917351763,0.0006939981797323784
1588.7303031743043,1588.7303031743043,1.0004335450836914,0.0006939722682116364
1588.737247531978,1588.737247531978,0.9998954079844209,0.0006934458912687698
1588.7441918894656,1588.7441918894656,1.0002338620045215,0.0006937381550120127
1588.751136246859,1588.751136246859,0.9996165678576375,0.0006936721329227835
1588.7580806042538,1588.7580806042538,0.9994780707006395,0.0006937188350161003
1588.7650249615551,1588.7650249615551,1.0007868540265992,0.000693614793412068
1588.771969318762,1588.771969318762,1.00016448213854,0.0006936238221630437
1588.7789136759704,1588.7789136759704,1.0000503625078763,0.0006940085171114968
1588.7858580330856,1588.7858580330856,0.9990997754331301,0.0006935198686352955
1588.7928023901998,1588.7928023901998,1.0008378668634603,0.0006936300909703476
1588.7997467471282,1588.7997467471282,0.9997670729748954,0.0006936907580146054
1588.8066911040573,1588.8066911040573,0.9996757231358533,0.0006935060588962874
1588.8136354609856,1588.8136354609856,0.9996570804588568,0.0006936076954915701
1588.8205798177275,1588.8205798177275,1.0013298067941305,0.0006937302577950559
1588.8275241744705,1588.8275241744705,0.9993188575568205,0.0006929762738988913
1588.8344685311192,1588.8344685311192,0.999815894565544,0.0006937868351151361
1588.8414128878612,1588.8414128878612,1.0001854396591632,0.0006934762460818183
1588.8483572444177,1588.8483572444177,1.0003236912312807,0.0006936439272393288
1588.8553016008811,1588.8553016008811,1.0009911874624833,0.0006939276896653498
1588.8622459572496,1588.8622459572496,0.9985965272926893,0.0006935208425717406
1588.86919031362,1588.86919031362,0.9992502058722955,0.000693220887687207
1588.876134669897,1588.876134669897,0.999802923525378,0.000693397680685314
1588.8830790261727,1588.8830790261727,1.0001081118756985,0.0006933588314594486
1588.8900233823567,1588.8900233823567,1.0004093966758703,0.0006938969285134667
1588.8969677383543,1588.8969677383543,1.0005488707807735,0.000693899060866351
1588.9039120944442,1588.9039120944442,1.000608135333649,0.0006936518139841295
1588.9108564503483,1588.9108564503483,1.000494352376542,0.0006934078412941192
1588.917800806253,1588.917800806253,0.9992450421857658,0.0006934833550353762
1588.9247451621566,1588.9247451621566,0.9996958911335518,0.0006931995215728749
1588.9316895179672,1588.9316895179672,0.9994010296976296,0.0006932822714532621
1588.9386338736854,1588.9386338736854,0.9998374650753036,0.0006934523502288989
1588.9455782292166,1588.9455782292166,1.0002638537604385,0.0006934007467267866
1588.9525225849343,1588.9525225849343,1.0001798268403985,0.0006934013023489992
1588.95946694028,1588.95946694028,1.0007102832409618,0.000693676179568512
1588.9664112958112,1588.9664112958112,0.9995445978357491,0.0006933953129106061
1588.973355651436,1588.973355651436,1.0005352590853456,0.0006935113142054732
1588.9803000066881,1588.9803000066881,0.9996034620390963,0.0006932702226438746
1588.9872443616612,1588.9872443616612,1.0004075616506598,0.0006933449585761612
1588.9941887170057,1588.9941887170057,0.9991979307740492,0.0006930186949784447
1589.0011330721652,1589.0011330721652,0.9994567117831421,0.0006935268572177693
1589.0080774272317,1589.0080774272317,0.9999203260992585,0.000693199856814487
1589.0150217822036,1589.0150217822036,1.000468487304911,0.00069319218577801
1589.0219661371766,1589.0219661371766,1.0005133912443411,0.0006935307795988248
1589.0289104920564,1589.0289104920564,1.0002432768216942,0.0006936996335259949
1589.0358548468425,1589.0358548468425,0.9999113703887021,0.0006928655065897465
1589.042799201536,1589.042799201536,0.9994737925947452,0.0006931049151909388
1589.0575212334707,1589.0575212334707,0.9996978978733603,0.0006931551262750027
1589.0664100072888,1589.0664100072888,0.9998553538775228,0.0006928655376956001
1589.0733543617032,1589.0733543617032,0.9998137170309045,0.000693377503131687
1589.0802987161162,1589.0802987161162,1.0002423718580533,0.0006931025841658172
1589.0872430703444,1589.0872430703444,1.0006285188768433,0.0006933270650098442
1589.0941874247583,1589.0941874247583,1.0001910414111408,0.0006930964048794081
1589.1011317789857,1589.1011317789857,1.0009164438360934,0.0006934338650588809
1589.1080761330272,1589.1080761330272,0.9999490159977226,0.0006930005775790326
1589.115020487069,1589.115020487069,0.9996518321831577,0.0006927493859146677
1589.1219648411102,1589.1219648411102,0.9998265371622999,0.0006936646991326657
1589.1289091950582,1589.1289091950582,1.000195022163917,0.0006937884915533525
1589.135853548914,1589.135853548914,0.9994325575879104,0.0006931946352520234
1589.1427979027685,1589.1427979027685,0.9993697158662712,0.0006932972572376647
1589.1497422564375,1589.1497422564375,0.9995446402935462,0.0006934865017712917
1589.1566866101068,1589.1566866101068,1.0008159818445894,0.000693504754577894
1589.1636309637754,1589.1636309637754,1.0014748137657237,0.0006938943682786701
1589.1705753172578,1589.1705753172578,1.0005306999716814,0.0006934888106264819
1589.1775196707408,1589.1775196707408,0.999282606867542,0.0006931283708215774
1589.1844640241302,1589.1844640241302,0.9992847567022451,0.0006936273904993443
1589.1914083776123,1589.1914083776123,1.0007366647508609,0.0006934180448962614
1589.1983527307227,1589.1983527307227,1.000522202014367,0.0006934560051032204
1589.2052970841128,1589.2052970841128,1.0004195229234063,0.000693521047623473
1589.2122414371293,1589.2122414371293,0.9990175467955759,0.0006931283650443347
1589.2191857901464,1589.2191857901464,1.0002907812665727,0.0006931769252220473
1589.226130143164,1589.226130143164,0.9991802685222064,0.0006933939132115447
1589.2330744961796,1589.2330744961796,0.9995044359597355,0.0006928525522683375
1589.2400188491974,1589.2400188491974,0.9998272449034664,0.0006928700621909045
1589.2469632019352,1589.2469632019352,1.0015716405553952,0.0006936684441153916
1589.2539075547652,1589.2539075547652,0.9996378666118033,0.0006929482223817861
1589.2608519074097,1589.2608519074097,1.0010419229869119,0.0006929851188419851
1589.2677962600549,1589.2677962600549,1.0008157057908353,0.0006932813578403674
1589.274740612605,1589.274740612605,0.9987226331749917,0.000692148615647533
1589.281684965064,1589.281684965064,0.9998954427607872,0.0006930078254085482
1589.2886293175225,1589.2886293175225,0.9990259508719392,0.0006926524137559346
1589.2955736698866,1589.2955736698866,0.9997894041408963,0.000692704442186276
1589.302518022159,1589.302518022159,1.0001498286857067,0.000693025044289957
1589.3094623744314,1589.3094623744314,1.0002689277129215,0.0006926321946787392
1589.3164067266093,1589.3164067266093,0.9997114438360747,0.0006924700867251732
1589.3233510786952,1589.3233510786952,0.9999265131427493,0.0006929469149744871
1589.330295430688,1589.330295430688,1.0012969215602865,0.0006932342693205968
1589.33723978268,1589.33723978268,0.9990517318590288,0.0006922161988589398
1589.3441841345793,1589.3441841345793,1.0005434156094482,0.0006928156660618706
1589.3511284863864,1589.3511284863864,1.0012162560849507,0.0006926093518659904
1589.3580728381921,1589.3580728381921,1.0018213463089818,0.0006924112540651186
1589.365017189905,1589.365017189905,0.9990201394490621,0.0006921353277882499
1589.3722393155529,1589.3722393155529,0.9987419143281604,0.00069206399225098
1589.3802947633758,1589.3802947633758,1.00128626845737,0.0006924701206152793
1589.38723911481,1589.38723911481,0.9994049291238039,0.0006923752438185711
1589.394183466337,1589.394183466337,1.0003110896893788,0.000692423574705158
1589.4011278175835,1589.4011278175835,0.9999433165670617,0.0006923922871247724
1589.4080721689247,1589.4080721689247,1.000593725323132,0.0006922059813187313
1589.4150165201722,1589.4150165201722,0.9999323590468601,0.0006927253078064975
1589.421960871326,1589.421960871326,1.000742196157659,0.0006922167002488338
1589.4289052223878,1589.4289052223878,0.999599525262061,0.000691971390275361
1589.435849573449,1589.435849573449,0.9991641694705509,0.000692156174272239
1589.4427939242305,1589.4427939242305,1.001182004542918,0.0006925494690128445
1589.4497382753848,1589.4497382753848,0.9988688911094412,0.0006927934566110238
1589.4566826260739,1589.4566826260739,1.00073082033495,0.0006925853154015125
1589.463626976762,1589.463626976762,0.9995234371934224,0.0006925149697400807
1589.4705713274507,1589.4705713274507,0.9992375579955255,0.0006921341190430829
1589.4775156781398,1589.4775156781398,1.0004322459782737,0.0006928284184824709
1589.4844600288282,1589.4844600288282,1.0003570953022187,0.0006927915312679603
1589.491404379051,1589.491404379051,1.000439635244124,0.0006929371109345632
1589.4983487296468,1589.4983487296468,0.9997094028996416,0.0006928152638141949
1589.505293079963,1589.505293079963,1.0000805450932586,0.0006924127071762071
1589.5122374302787,1589.5122374302787,0.999002433088205,0.0006925125653707035
1589.519181780502,1589.519181780502,1.001228633203968,0.0006924160888270304
1589.5261261305386,1589.5261261305386,1.0002597247460927,0.0006927932267089545
1589.5330704806681,1589.5330704806681,0.999772126038712,0.0006926175198752267
1589.5400148307986,1589.5400148307986,1.0006752477298624,0.0006920676233059458
1589.5469591806486,1589.5469591806486,1.0001601784808458,0.0006925383383397658
1589.553903530592,1589.553903530592,0.9998293239069881,0.0006923342906855151
1589.5608478803497,1589.5608478803497,0.9998788317746721,0.0006923656822113736
1589.5677922301068,1589.5677922301068,0.9998975208018347,0.0006922543366432492
1589.5747365797706,1589.5747365797706,1.0003400988301894,0.0006924516159154768
1589.5816809295288,1589.5816809295288,0.9988625184613922,0.0006922635446477325
1589.5886252790065,1589.5886252790065,1.0002223195618587,0.0006928059187079802
1589.595569628484,1589.595569628484,1.000498237974553,0.0006921714064234099
1589.6025139778696,1589.6025139778696,0.999757054326329,0.000692550080055231
1589.6094583272538,1589.6094583272538,1.0002354653272765,0.0006924397378665169
1589.6164026765455,1589.6164026765455,1.0004304289474746,0.0006926314731973936
1589.6233470256514,1589.6233470256514,1.0003841499407051,0.0006928948115296076
1589.6302913748495,1589.6302913748495,0.9994618408933794,0.0006930113525137699
1589.6372357239547,1589.6372357239547,1.0001637016741725,0.0006927707053399173
1589.6441800729674,1589.6441800729674,1.0002880044987528,0.0006930372167120615
1589.6511244218866,1589.6511244218866,0.9993424938278315,0.0006931561554450567
1589.6580687707121,1589.6580687707121,0.9984200588866088,0.0006922666032617789
1589.6650131195386,1589.6650131195386,1.0010453279647973,0.0006931655807132755
1589.6722352422053,1589.6722352422053,1.0004314450273035,0.0006929884226485359
1589.6802906865828,1589.6802906865828,1.0006811746030726,0.0006930770643271396
1589.6872350354092,1589.6872350354092,1.000596423333239,0.000693254264910663
1589.694179383769,1589.694179383769,0.9991486179540845,0.0006928088774626234
1589.7011237321294,1589.7011237321294,0.9993899729824166,0.000692810946153393
1589.7080680804902,1589.7080680804902,1.000952114619198,0.0006931271049400883
1589.7150124288498,1589.7150124288498,0.9993246633504551,0.0006929130992505983
1589.7219567772104,1589.7219567772104,0.9996811271384105,0.0006928631516023443
1589.7289011253847,1589.7289011253847,1.0001084568607568,0.000693511945890943
1589.7358454734654,1589.7358454734654,1.0001429071077896,0.0006928482095100887
1589.7427898215462,1589.7427898215462,1.0000998699789059,0.0006930076564006063
1589.7497341695346,1589.7497341695346,0.9995653798902417,0.0006928366569648485
1589.7566785174283,1589.7566785174283,1.0000912948816512,0.0006928821609741116
1589.7636228652304,1589.7636228652304,0.9997663074913593,0.0006929134602019593
1589.7705672130323,1589.7705672130323,1.0002706179115122,0.0006927605641512736
1589.7775115607403,1589.7775115607403,1.0000986388872328,0.0006932848717269522
1589.7844559084485,1589.7844559084485,1.0007259018388697,0.0006931692350140873
1589.7914002559714,1589.7914002559714,1.0002167619586404,0.0006929955778325643
1589.7983446033995,1589.7983446033995,0.9996287486591392,0.0006931097355695377
1589.8052889509222,1589.8052889509222,0.9989678805013439,0.0006931238734631982
1589.812233298259,1589.812233298259,0.999493428438307,0.0006928006180121043
1589.8191776455005,1589.8191776455005,1.0010857827909585,0.0006933652653505798
1589.8261219927438,1589.8261219927438,1.0000922447294567,0.000693276158662386
1589.8330663398935,1589.8330663398935,1.0003528577601908,0.0006931497727301375
1589.8400106870424,1589.8400106870424,0.9996469204113099,0.0006930350782672625
1589.8469550340062,1589.8469550340062,1.0004726802095758,0.0006933493100510863
1589.8538993809698,1589.8538993809698,1.0005209472975112,0.0006936545048037405
1589.8608437278392,1589.8608437278392,0.999224539831997,0.000693168274641202
1589.8677880746168,1589.8677880746168,0.9993996744223917,0.0006933131590966952
1589.8747324213941,1589.8747324213941,0.9991596536994699,0.0006933791947641981
1589.8816767680776,1589.8816767680776,1.0010346800497318,0.0006938152004227904
1589.8886211146687,1589.8886211146687,1.000009038897891,0.000693506913438582
1589.8955654612596,1589.8955654612596,0.9994240125142977,0.0006931333539298808
1589.9025098076636,1589.9025098076636,1.000149614818487,0.0006931983636384789
1589.9094541540685,1589.9094541540685,0.9998758508298453,0.0006934032338561048
1589.9163985004732,1589.9163985004732,1.0006759161481409,0.0006933822641223064
1589.9233428465977,1589.9233428465977,1.001011900054307,0.0006934165811655769
1589.9302871930026,1589.9302871930026,1.0005865825379598,0.0006936314137888101
1589.937231539128,1589.937231539128,0.9992622536337817,0.0006929577125268751
1589.9441758851594,1589.9441758851594,0.9991671781294977,0.0006930879626841285
1589.951120231192,1589.951120231192,0.9994491878238776,0.0006931264723203375
1589.9580645769447,1589.9580645769447,1.000129304242177,0.0006935922835069831
1589.9650089227898,1589.9650089227898,1.0004048078734826,0.000693100523314134
1589.9719532686365,1589.9719532686365,0.9995294983932886,0.0006935065217987343
1589.9788976143886,1589.9788976143886,1.0008408490817104,0.0006935206299097104
1589.985841959955,1589.985841959955,0.9999555890838199,0.0006929161465320071
1589.9927863055218,1589.9927863055218,1.0006012107830882,0.0006937069410256575
1589.9997306509945,1589.9997306509945,0.9991640226186922,0.000693509191411077
1590.0066749964676,1590.0066749964676,0.9992213824848347,0.0006934309715381922
1590.0136193418482,1590.0136193418482,0.9998993405255195,0.0006934219581493968
1590.0205636871347,1590.0205636871347,0.9998927957076955,0.0006935441208022615
1590.027508032422,1590.027508032422,1.0010365034196784,0.0006943002049884918
1590.034452377523,1590.034452377523,1.0005994163290854,0.0006937195579911588
1590.0413967226227,1590.0413967226227,0.9998534849988042,0.0006937167859704947
1590.0483410676309,1590.0483410676309,0.9993647124370252,0.0006934627711355947
1590.0552854124526,1590.0552854124526,1.0001770856753571,0.0006935480276675337
1590.062229757366,1590.062229757366,1.000534329051442,0.0006937835261298773
1590.0691741021878,1590.0691741021878,0.9999204521912013,0.00069359972345859
1590.0761184470093,1590.0761184470093,0.999082422673016,0.0006931669015505862
1590.0830627916434,1590.0830627916434,0.9987032325703693,0.000693011399528528
1590.090007136279,1590.090007136279,1.001031265703641,0.0006938872465190177
1590.096951480821,1590.096951480821,1.0003407387634033,0.000693374293422359
1590.1038958252695,1590.1038958252695,1.000253436742384,0.0006935667212272359
1590.1108401696254,1590.1108401696254,0.9998148825544713,0.0006931889408451309
1590.1177845139814,1590.1177845139814,1.000760989957809,0.0006931794782579538
1590.12472885815,1590.12472885815,0.9991362090512215,0.0006930058906160278
1590.1316732024134,1590.1316732024134,1.0000774534638652,0.0006936245533502543
1590.138617546489,1590.138617546489,1.0005158664164935,0.0006933733807462822
1590.1455618905652,1590.1455618905652,1.0008073639843889,0.0006935761492293468
1590.1525062344558,1590.1525062344558,0.9999100841899621,0.0006931165341555498
1590.1594505784383,1590.1594505784383,0.9988511335488672,0.0006932223420588665
1590.166394922328,1590.166394922328,0.9998838872578192,0.0006931017847838688
1590.1733392660328,1590.1733392660328,0.9999173018843479,0.0006934715708697335
1590.1802836097356,1590.1802836097356,1.000358819200187,0.0006937999770099896
1590.1872279534396,1590.1872279534396,1.0000370681899635,0.000693849161383094
1590.1941722967713,1590.1941722967713,0.9993383702324188,0.000693302857375174
1590.2011166403809,1590.2011166403809,1.0000358277732806,0.0006938946890533065
1590.2080609837126,1590.2080609837126,1.0015269476368882,0.0006944270294032397
1590.215005327044,1590.215005327044,1.0004753309749441,0.0006935907086600615
1590.2219496703742,1590.2219496703742,0.998689506888469,0.0006932489168897138
1590.2288940135197,1590.2288940135197,0.9991620257999628,0.0006932870125967081
1590.2358383566648,1590.2358383566648,0.9999849306272139,0.0006939249100680375
1590.2427826997161,1590.2427826997161,1.0002857361940483,0.0006935539406680574
1590.2497270427684,1590.2497270427684,0.9995945247924016,0.0006936775715895417
1590.256671385634,1590.256671385634,0.9999814507556956,0.0006937440337684943
1590.2636157284057,1590.2636157284057,1.0014036145268939,0.0006943115939101316
1590.2705600712718,1590.2705600712718,1.0007652482569251,0.0006940084794874171
1590.2775044139507,1590.2775044139507,0.9993383719535126,0.0006936080184585978
1590.2844487565367,1590.2844487565367,0.9994486336110203,0.000693415980306801
1590.2913930991233,1590.2913930991233,0.9997863859423983,0.0006934532302749108
1590.2983374416156,1590.2983374416156,0.9993892116647022,0.0006935948712964615
1590.3052817840157,1590.3052817840157,0.9998995812507516,0.0006935700792632455
1590.3122261264161,1590.3122261264161,1.000415348508345,0.0006940492631758076
1590.319170468722,1590.319170468722,1.0005173082622005,0.0006939594578422486
1590.3261148109357,1590.3261148109357,0.9997099265629161,0.0006934582502685773
1590.333059153057,1590.333059153057,1.0009295804865708,0.0006938329686624583
1590.3400034950832,1590.3400034950832,0.9993467420120721,0.0006929090196334326
1590.3469478370182,1590.3469478370182,1.0002917939057319,0.0006936889843205113
1590.3538921789525,1590.3538921789525,1.0004858371792422,0.0006933799584540845
1590.3608365208859,1590.3608365208859,0.9997198031503443,0.0006933153458016711
1590.3677808626344,1590.3677808626344,0.9987514311477703,0.0006931548103445804
1590.3747252043822,1590.3747252043822,0.9999472696470069,0.0006938217925387335
1590.3816695459434,1590.3816695459434,1.000519027114903,0.0006936360569335134
1590.388613887506,1590.388613887506,0.9992560556398142,0.0006936775302619022
1590.3955582291603,1590.3955582291603,1.0013770978870078,0.0006938550983966704
1590.4025025705355,1590.4025025705355,0.9998460055745035,0.0006940184560951257
1590.4094469119113,1590.4094469119113,0.9998033619670709,0.0006935441559196489
1590.416391253193,1590.416391253193,1.0006943400096726,0.0006939432338749165
1590.423335594196,1590.423335594196,0.9996544758549355,0.0006936905048663158
1590.4302799354787,1590.4302799354787,0.9993658180789827,0.0006933410567714014
1590.4372242764807,1590.4372242764807,0.9993464735323396,0.0006934948534999478
1590.444168617484,1590.444168617484,1.0003100103884075,0.0006933714835800486
1590.451112958394,1590.451112958394,1.0002957712383282,0.0006936385511682905
1590.4580572993032,1590.4580572993032,1.0003504559767282,0.000693795718743288
1590.4650016400271,1590.4650016400271,0.9993866269559497,0.0006933182722713737
1590.4719459807507,1590.4719459807507,1.0007668149682687,0.0006937977937951719
1590.4788903214735,1590.4788903214735,0.9993857460345484,0.0006935253154828009
1590.485834661918,1590.485834661918,1.0015762289533305,0.0006942626319032024
1590.492779002455,1590.492779002455,0.9997028772831319,0.0006937064427867177
1590.499723342899,1590.499723342899,0.999032378734297,0.0006938656537135345
1590.5066676832505,1590.5066676832505,1.0002389738961335,0.0006939550786514001
1590.5136120236007,1590.5136120236007,1.0000434960695326,0.0006938069900684199
1590.5205563637655,1590.5205563637655,0.9997380663725552,0.0006941952228219793
1590.5275007038376,1590.5275007038376,0.9997598284066743,0.0006940993795376991
1590.5344450439084,1590.5344450439084,1.0001616795024506,0.000693998624605891
1590.5413893838872,1590.5413893838872,1.0001269463180673,0.0006939626595193214
1590.548333723866,1590.548333723866,0.9998575877946225,0.0006937565145856186
1590.5552780637506,1590.5552780637506,0.9997403231946285,0.0006942789758467431
1590.562222403357,1590.562222403357,0.9998891536205304,0.000693885552937741
1590.5691667431493,1590.5691667431493,1.000022192496679,0.0006938730127651346
1590.5761110827543,1590.5761110827543,1.0001658496789383,0.0006939218609671143
1590.583055422361,1590.583055422361,0.9995327191209515,0.0006936672030548121
1590.58999976178,1590.58999976178,1.0012360448093316,0.0006938677453890652
1590.5969441011998,1590.5969441011998,0.9998098294044986,0.0006933856715004673
1590.60388844062,1590.60388844062,1.000927643646199,0.0006938727497711367
1590.6108327796662,1590.6108327796662,0.9990779821533792,0.0006933714104653368
1590.6177771191797,1590.6177771191797,0.9996618078103658,0.0006938280651081375
1590.6247214582265,1590.6247214582265,0.9996113164168696,0.0006936603594169771
1590.631665797273,1590.631665797273,0.9998534814162126,0.000693335314326123
1590.6386101363205,1590.6386101363205,0.999454849004553,0.0006934502842754301
1590.645554474902,1590.645554474902,1.0004783314520254,0.0006935264983365147
1590.6524988139486,1590.6524988139486,0.9994346504394865,0.000693306582711753
1590.6594431526235,1590.6594431526235,0.9983847244692357,0.0006930547349819612
1590.6663874912979,1590.6663874912979,1.0005362075720539,0.0006938523075018331
1590.6733318299725,1590.6733318299725,1.00025326335141,0.0006936611283029565
1590.6802761684612,1590.6802761684612,1.000655752348329,0.0006932989279683897
1590.6872205069492,1590.6872205069492,1.0004934275763264,0.0006935312589558044
1590.694164845251,1590.694164845251,0.9997494489735445,0.0006935831075473588
1590.7011091837398,1590.7011091837398,0.9998335337279791,0.0006931417563055368
1590.7080535219477,1590.7080535219477,1.0000321752647658,0.0006928505165966052
1590.7149978600642,1590.7149978600642,0.9996069850386625,0.0006934629636773496
1590.72194219818,1590.72194219818,0.9989876564102129,0.000693339256560064
1590.728886536109,1590.728886536109,1.0003686255442408,0.0006937924053991129
1590.735830874225,1590.735830874225,0.9996314963484976,0.0006934770906149905
1590.7427752121544,1590.7427752121544,1.000438484771175,0.0006939892539047862
1590.7497195498045,1590.7497195498045,1.0006024806367049,0.0006933296114076803
1590.7566638875483,1590.7566638875483,1.0003230479230871,0.0006938039835091127
1590.763608225198,1590.763608225198,0.9989141107636719,0.0006928639726264574
1590.770552562848,1590.770552562848,1.0007344860371845,0.0006934122158880993
1590.7774969003124,1590.7774969003124,1.0001470360251354,0.0006931764054487317
1590.7844412378684,1590.7844412378684,0.9998605148859399,0.0006932725030874074
1590.7913855751463,1590.7913855751463,0.9993277108102531,0.0006928958975309188
1590.798329912424,1590.798329912424,0.9999995357553569,0.0006930443898851403
1590.8052742496077,1590.8052742496077,1.0000200953825584,0.0006928109099644694
1590.8122185867928,1590.8122185867928,1.0008879725028876,0.0006933649630217711
1590.8191629238838,1590.8191629238838,0.9990058026656186,0.0006925144047263746
1590.8261072607888,1590.8261072607888,1.0000009851704754,0.0006926821645083239
1590.833051597881,1590.833051597881,0.9997800253809785,0.0006930097172977873
1590.8399959346918,1590.8399959346918,1.0008832786379886,0.0006927397662269154
1590.8469402714109,1590.8469402714109,0.9990514554108042,0.0006927541238743335
1590.85388460813,1590.85388460813,1.000398290393338,0.0006935391904075427
1590.8608289448482,1590.8608289448482,1.0000614927644258,0.0006932227863411461
1590.867773281288,1590.867773281288,1.0010426870431102,0.0006939224010903416
1590.8747176178204,1590.8747176178204,1.0009561056034353,0.0006934593336108823
1590.8816619541662,1590.8816619541662,0.9997737698024892,0.0006938634775374358
1590.888606290513,1590.888606290513,1.001640221559457,0.0006947596932892903
1590.8955506267657,1590.8955506267657,0.9997621532629806,0.0006940783991262525
1590.902494963019,1590.902494963019,0.9999276927283708,0.0006947331016519641
1590.9094392990862,1590.9094392990862,0.9962661639832063,0.0006941109668437409
1590.9163836351522,1590.9163836351522,0.9953440605410968,0.0006938449855277958
1590.9233279711266,1590.9233279711266,0.9939411184215166,0.000693835978334617
1590.9302723069138,1590.9302723069138,0.993074707199788,0.0006934681581381744
1590.9372166427938,1590.9372166427938,0.9907085449309324,0.0006928927325227142
1590.9441609784888,1590.9441609784888,0.9898846112980657,0.0006932485336415249
1590.9511053141825,1590.9511053141825,0.990251035691597,0.0006929054109105976
1590.9580496496906,1590.9580496496906,0.9905543689770951,0.0006926980111093572
1590.9649939852925,1590.9649939852925,0.9905014215400982,0.0006931065541681546
1590.9719383207066,1590.9719383207066,0.9902358515339571,0.0006930235165772383
1590.9788826560289,1590.9788826560289,0.9898102766157205,0.0006931338353112624
1590.9858269913507,1590.9858269913507,0.9904046389316417,0.000692999842070734
1590.992771326486,1590.992771326486,0.9896087057641427,0.0006930979580135607
1590.9997156617148,1590.9997156617148,0.9902007875823193,0.0006930883646932604
1591.0066599967572,1591.0066599967572,0.9899610403701912,0.000693195099166625
1591.0136043317991,1591.0136043317991,0.9893615090358523,0.000693208001882936
1591.0205486666557,1591.0205486666557,0.9905383428041683,0.0006932757259567492
1591.0274930015112,1591.0274930015112,0.9905173297624315,0.0006932558289889012
1591.0344373362746,1591.0344373362746,0.9901864896278678,0.0006935044774126038
1591.0413816710377,1591.0413816710377,0.989163009351427,0.000692784561840194
1591.048326005521,1591.048326005521,0.9909490000573282,0.0006932398903924184
1591.0552703400983,1591.0552703400983,0.989574366837582,0.0006929321925443707
1591.0622146747678,1591.0622146747678,0.9907748972615018,0.0006932842913809673
1591.0691590091583,1591.0691590091583,0.9912294216346051,0.0006931565050478819
1591.0761033431766,1591.0761033431766,0.9907476363164726,0.0006934982103783896
1591.083047677473,1591.083047677473,0.9908859370519923,0.0006931012000200413
1591.089992011771,1591.089992011771,0.991527442170711,0.0006933405751890142
1591.0969363457887,1591.0969363457887,0.9924029063977908,0.000693856751381244
1591.1038806798065,1591.1038806798065,0.9950310296848078,0.0006943974129798462
1591.1108250137315,1591.1108250137315,0.9963931590404103,0.0006942962762726181
1591.117769347656,1591.117769347656,0.9976339842581904,0.0006946882296140441
1591.1247136813013,1591.1247136813013,0.9993879697020291,0.0006950483923560928
1591.1316580151336,1591.1316580151336,1.0014693205398668,0.000694947931359017
1591.1386023486853,1591.1386023486853,1.001339938838799,0.0006945626132955089
1591.1455466822376,1591.1455466822376,1.0009069072591772,0.0006942501769611279
1591.1524910156968,1591.1524910156968,1.0003074334484219,0.0006938197724691182
1591.1594353491557,1591.1594353491557,1.0017723031401964,0.0006937206882346813
1591.1663796824291,1591.1663796824291,1.0008205594651485,0.0006934788907319259
1591.1733240157948,1591.1733240157948,1.0001195928974882,0.0006932597282899211
1591.180268348881,1591.180268348881,1.0006806833227602,0.0006933890356380882
1591.1872126820613,1591.1872126820613,1.0001881538368183,0.0006933439634961817
1591.1941570150539,1591.1941570150539,0.9981251553517648,0.0006934954466951253
1591.2011013479546,1591.2011013479546,1.0006672819589064,0.0006940012361080183
1591.2080456808553,1591.2080456808553,0.9991083072589507,0.0006932441510914876
1591.214990013662,1591.214990013662,1.000757741694421,0.0006939264738860252
1591.2219343463767,1591.2219343463767,0.9993745113280962,0.0006934808149537087
1591.2288786789973,1591.2288786789973,1.0002674000945406,0.0006935829596507576
1591.2358230115249,1591.2358230115249,0.9992827107301473,0.0006932796251138484
1591.2427673440532,1591.2427673440532,1.0005983604284903,0.0006935848298571261
1591.249711676394,1591.249711676394,0.9993650811231138,0.0006930863078680515
1591.256656008829,1591.256656008829,1.0003724940966217,0.0006932936256018893
1591.2636003408911,1591.2636003408911,1.0003156982254644,0.0006935073494254502
1591.2705446734187,1591.2705446734187,1.000556400203028,0.000693738690379902
1591.2774890054814,1591.2774890054814,1.0000522846204194,0.0006936436346766173
1591.2844333375433,1591.2844333375433,1.001347293643801,0.0006935629076155682
1591.2913776692326,1591.2913776692326,0.9987047361341048,0.0006931579796368479
1591.2983220012025,1591.2983220012025,0.9990396465731456,0.0006937473370091655
1591.305266332984,1591.305266332984,0.9988732668189199,0.0006931342942894841
1591.3122106647675,1591.3122106647675,1.0003686440228492,0.0006931652461943303
1591.3191549963637,1591.3191549963637,0.998655074643561,0.0006931793496203116
1591.32609932796,1591.32609932796,1.0009300623086725,0.0006936850148887239
1591.3330436594638,1591.3330436594638,1.0010312501288878,0.0006940160092178846
1591.3399879908734,1591.3399879908734,1.0002344672063619,0.0006935547745510323
1591.3469323221912,1591.3469323221912,1.000110488623679,0.000693212817621842
1591.3538766534152,1591.3538766534152,0.9991766677581249,0.0006930560682500574
1591.3608209846384,1591.3608209846384,0.9997371978953487,0.0006930814128122585
1591.3677653156767,1591.3677653156767,0.999795002077436,0.0006936571982430401
1591.3747096468073,1591.3747096468073,0.9996337158487293,0.0006930254943799386
1591.3816539776585,1591.3816539776585,1.000199259679668,0.0006939287654452488
1591.3885983086034,1591.3885983086034,1.0003800180690634,0.000693897777191657
1591.3955426393609,1591.3955426393609,1.0001954446409227,0.0006933458663040823
1591.4024869700265,1591.4024869700265,1.000218234765675,0.0006934934809190187
1591.4094313006917,1591.4094313006917,0.9996394678068447,0.0006936054547059013
1591.4163756311705,1591.4163756311705,0.999996736103158,0.0006940141660625206
1591.4233199617427,1591.4233199617427,0.9986823660042805,0.000693195631912531
1591.430264292128,1591.430264292128,1.0005924702883942,0.0006934913163081496
1591.437208622514,1591.437208622514,1.0000601935314584,0.0006934273019302549
1591.444152952714,1591.444152952714,0.999011088602624,0.0006933785151159914
1591.4510972828193,1591.4510972828193,1.0005471186075252,0.0006934010121096367
1591.4580416130195,1591.4580416130195,1.0004125742449173,0.0006936847953396126
1591.4649859429392,1591.4649859429392,1.0000779722560673,0.0006931734763766391
1591.4719302729522,1591.4719302729522,0.9992078721573721,0.0006929635164064014
1591.4788746026868,1591.4788746026868,1.000339018279344,0.0006933635301589597
1591.48581893242,1591.48581893242,1.0001351763579387,0.0006927810202324037
1591.4927632621543,1591.4927632621543,0.9998678491217843,0.0006930077759431479
1591.4997075918882,1591.4997075918882,0.999842133740931,0.0006933043319435404
1591.5066519214354,1591.5066519214354,0.9994720131320889,0.0006929522479818619
1591.5135962508903,1591.5135962508903,1.0004928918135962,0.0006928639929857291
1591.5205405802512,1591.5205405802512,1.0006245314457587,0.0006931653197302542
1591.5274849096122,1591.5274849096122,1.001286637387642,0.000693079121668243
1591.5344292387877,1591.5344292387877,1.0004139816487816,0.0006929525814881771
1591.541373567869,1591.541373567869,0.9995329298329239,0.0006932089408535141
1591.5483178970444,1591.5483178970444,1.0000479757568308,0.0006933536764160151
1591.5552622260327,1591.5552622260327,1.0004450573311012,0.0006934498675706394
1591.5622065549285,1591.5622065549285,0.9993416741281672,0.0006929991890386695
1591.5691508837313,1591.5691508837313,0.999487929364062,0.0006931497654658508
1591.5760952125333,1591.5760952125333,0.999860490048644,0.000693475976080287
1591.58303954115,1591.58303954115,0.9996664376664095,0.0006935123614849649
1591.589983869673,1591.589983869673,0.9998132498562746,0.0006932602016100568
1591.596928198289,1591.596928198289,1.0001320066508226,0.0006933517427190853
1591.6038725267194,1591.6038725267194,1.0011815393716528,0.0006934290357299177
1591.6108168550554,1591.6108168550554,0.999388326032399,0.0006931527953390373
1591.617761183393,1591.617761183393,0.9997524941747018,0.0006929049996627588
1591.6247055115434,1591.6247055115434,0.9998924507041946,0.0006932864772728096
1591.631649839694,1591.631649839694,1.0000048795491108,0.0006932035714959154
1591.638594167752,1591.638594167752,1.0001702812973496,0.000693084121583016
1591.645538495622,1591.645538495622,1.0005939123966907,0.0006934256628186317
1591.652482823587,1591.652482823587,1.0005963697294555,0.0006930354161615773
1591.6594271513652,1591.6594271513652,0.9996124131481066,0.0006931066539608806
1591.6663714789565,1591.6663714789565,1.000218491483123,0.0006931262539808402
1591.673315806828,1591.673315806828,0.9984977916675186,0.0006929623395524776
1591.6802601342333,1591.6802601342333,1.0007245389410655,0.0006932454334204191
1591.6872044616387,1591.6872044616387,1.000146264267569,0.0006932693234289891
1591.6941487890447,1591.6941487890447,1.0002209899860024,0.0006936072281096769
1591.7010931164496,1591.7010931164496,1.0003082751867858,0.0006933856208753437
1591.7080374437624,1591.7080374437624,1.000079004942285,0.0006932735591431342
1591.7149817707952,1591.7149817707952,1.0012031408845041,0.0006936350024543303
1591.7219260979211,1591.7219260979211,0.9992829231135693,0.0006929042510556934
1591.7288704249545,1591.7288704249545,0.9989204466462824,0.0006932373135882631
1591.7358147518937,1591.7358147518937,0.9994719436409092,0.000693367864463967
1591.7427590787406,1591.7427590787406,1.0008298945669787,0.000693447306586805
1591.7497034054013,1591.7497034054013,1.0000310022761694,0.0006932934979644657
1591.7566477321543,1591.7566477321543,1.0003544813813066,0.0006934129239344116
1591.7635920587225,1591.7635920587225,1.0010549768286485,0.0006933284452985558
1591.770536385196,1591.770536385196,0.9996836339275299,0.0006932827604913404
1591.7774807116705,1591.7774807116705,1.0003981642661333,0.0006936191425472385
1591.7844250379585,1591.7844250379585,0.9994719974430021,0.0006929026210149237
1591.7913693642463,1591.7913693642463,0.999771201156585,0.0006933585103392691
1591.7983136904415,1591.7983136904415,0.9999097127563248,0.0006931076868082713
1591.8052580165427,1591.8052580165427,1.0002312680052055,0.0006934619435164004
1591.8122023426447,1591.8122023426447,0.999756054770868,0.0006930934319858359
1591.8191466685596,1591.8191466685596,0.9990726929247543,0.0006928766372491455
1591.826090994382,1591.826090994382,1.000324031739792,0.0006936621271660683
1591.8330353202043,1591.8330353202043,1.0003527915822867,0.0006930651858654102
1591.8399796458398,1591.8399796458398,0.9998641793217387,0.0006930178051012462
1591.8469239715691,1591.8469239715691,1.0007429103857537,0.0006931041610771198
1591.8538682970195,1591.8538682970195,1.000317194664191,0.000692969405685644
1591.8608126225615,1591.8608126225615,0.9997982599666914,0.0006928882162135328
1591.867756947919,1591.867756947919,0.9994332181202494,0.0006927422820924197
1591.8747012731815,1591.8747012731815,1.0001316302750571,0.000693005772630172
1591.8816455982592,1591.8816455982592,0.9992402865994352,0.0006924622460311575
1591.888589923337,1591.888589923337,1.0004185757463453,0.0006925899435695304
1591.8955342484132,1591.8955342484132,0.999700127361099,0.0006926066690338069
1591.902478573491,1591.902478573491,0.9992894847842754,0.0006924651277139681
1591.9094228984745,1591.9094228984745,1.0003190729381781,0.0006928058760990098
1591.9163672231793,1591.9163672231793,1.0008206654657774,0.0006926285853479542
1591.9233115478844,1591.9233115478844,0.9989969106165283,0.0006929486482069461
1591.9302558725885,1591.9302558725885,1.0006939744746544,0.0006927110217299961
1591.9372001971074,1591.9372001971074,0.9994641978795705,0.0006925908893185102
1591.9441445215325,1591.9441445215325,1.0010399037586375,0.0006928729346816289
1591.9510888459577,1591.9510888459577,1.000082933901088,0.0006928933668043803
1591.9580331701968,1591.9580331701968,0.9991148666379897,0.0006929451164247197
1591.9649774945283,1591.9649774945283,1.0000889856541075,0.000693379867050724
1591.9719218186747,1591.9719218186747,1.000099296754569,0.0006928724767074576
1591.9788661427272,1591.9788661427272,0.9991428208029307,0.0006927624990023298
1591.9858104665934,1591.9858104665934,1.0001165757461832,0.0006930380487478965
1591.9927547905536,1591.9927547905536,0.9993358459230169,0.0006926666742387918
1591.9996991144194,1591.9996991144194,0.999619883835642,0.0006928600363667625
1592.0066434381001,1592.0066434381001,1.0013188854249997,0.0006930910493163392
1592.0135877617802,1592.0135877617802,1.00047919738881,0.0006930618127871727
1592.020532085367,1592.020532085367,1.0001264848671831,0.0006929833560042151
1592.0274764087683,1592.0274764087683,0.9996438370872855,0.0006925461833422414
1592.0344207321682,1592.0344207321682,1.000464053159864,0.0006933158343827326
1592.0413650554767,1592.0413650554767,1.0009540062682465,0.0006932051487267144
1592.0483093786909,1592.0483093786909,0.9986696022012348,0.0006924008906338666
1592.0552537019053,1592.0552537019053,0.9997879072997119,0.0006926630090329132
1592.0621980249343,1592.0621980249343,0.9994608201270452,0.0006929804781589462
1592.0691423478686,1592.0691423478686,0.9995811785951064,0.0006935612983464568
1592.0760866706182,1592.0760866706182,1.0009460022247425,0.0006934249039963955
1592.083030993367,1592.083030993367,0.9997943686350919,0.0006934443672939109
1592.0899753161157,1592.0899753161157,1.0014011342100395,0.0006934516602174906
1592.096919638865,1592.096919638865,0.9997711615501711,0.0006930330618156195
1592.1038639616131,1592.1038639616131,1.0012232689701879,0.000693338802479797
1592.1108082838966,1592.1108082838966,0.9999438776748557,0.0006928714823526807
1592.1177526063657,1592.1177526063657,0.9988661923890856,0.0006931117753896494
1592.1246969286492,1592.1246969286492,0.9992820524843374,0.0006927987771864136
1592.1316412509327,1592.1316412509327,1.0002606263216984,0.0006931475752365291
1592.1385855729363,1592.1385855729363,1.0003618228148448,0.000693282758080781
1592.1455298950334,1592.1455298950334,1.001358149886166,0.0006937978903996456
1592.1524742169436,1592.1524742169436,0.999849213667439,0.0006926785062857071
1592.1594185388544,1592.1594185388544,1.0000624108068048,0.0006925208200767587
1592.1663628606725,1592.1663628606725,0.9994992914436022,0.0006925272574182336
1592.179140412481,1592.179140412481,0.9983804345994246,0.0006926216769175658
1592.1899735541062,1592.1899735541062,1.0002481259754121,0.0006936038326713768
1592.1969178755521,1592.1969178755521,0.9999287489089396,0.0006935786597681246
1592.2038621969034,1592.2038621969034,1.0005009365694764,0.0006934015687328479
1592.2108065181624,1592.2108065181624,0.9999870408791411,0.0006934691520157575
1592.2177508393283,1592.2177508393283,0.9999157807524753,0.0006933453329254284
1592.2246951604,1592.2246951604,1.000402473442735,0.0006932418400335328
1592.2316394813802,1592.2316394813802,0.9991487395548635,0.0006929518667076026
1592.238583802266,1592.238583802266,1.0005523660070477,0.0006934403316530782
1592.2455281230589,1592.2455281230589,1.0003949609167357,0.0006933063560838982
1592.2524724437594,1592.2524724437594,0.9997109033986902,0.0006931712288430553
1592.259416764552,1592.259416764552,0.9998619703962145,0.0006931748951270108
1592.2663610850664,1592.2663610850664,1.0009908369624374,0.000693215071973601
1592.2733054054866,1592.2733054054866,0.9991265479381166,0.0006931913669305824
1592.2802497259072,1592.2802497259072,1.0004919784735629,0.0006933063154935562
1592.2871940463278,1592.2871940463278,0.9985883985537631,0.0006932942700754706
1592.2941383662824,1592.2941383662824,0.9997895959966374,0.0006930391133981105
1592.301082686517,1592.301082686517,1.0003027712361008,0.0006933678639717542
1592.3080270065643,1592.3080270065643,1.001706299901414,0.0006936141109366684
1592.31497132652,1592.31497132652,0.999474537156952,0.0006931313108733327
1592.3219156463815,1592.3219156463815,0.9987377912363458,0.0006931912802182611
1592.3288599662433,1592.3288599662433,0.999340613919737,0.0006932424004382049
1592.335804285826,1592.335804285826,1.0015448549112747,0.0006939754287490611
1592.3427486055007,1592.3427486055007,1.0005812376712224,0.0006933426970541001
1592.3496929249904,1592.3496929249904,0.9995009588220002,0.0006929516903439741
1592.3566372443865,1592.3566372443865,0.9998153233711076,0.0006930526449981046
1592.3635815638756,1592.3635815638756,1.0003685367591462,0.0006932349337245444
1592.3705258830857,1592.3705258830857,0.9991290745751129,0.0006926472321187343
1592.3774702022017,1592.3774702022017,1.0001284827573818,0.0006933978943202553
1592.3844145213193,1592.3844145213193,0.9995551653937271,0.0006932326856103203
1592.3913588403425,1592.3913588403425,0.9995326412089675,0.0006931315971521218
1592.3983031592732,1592.3983031592732,1.0003636616724736,0.0006934078406208592
1592.405247478017,1592.405247478017,1.0008663965069124,0.000693549644479448
1592.4121917967611,1592.4121917967611,1.0006014536536336,0.0006931960303224125
1592.4191361154124,1592.4191361154124,0.9998722678391985,0.0006930269333612934
1592.4260804339704,1592.4260804339704,1.0000553850642289,0.0006929958176499824
1592.4330247523417,1592.4330247523417,1.0005739794847202,0.0006929977327914649
1592.4402468436238,1592.4402468436238,0.998869875925043,0.0006925886259335818
1592.4483022526106,1592.4483022526106,1.000287743020105,0.0006928933479653015
1592.4552465709821,1592.4552465709821,1.0002780557275028,0.0006926416163548937
1592.4621908891672,1592.4621908891672,0.9990550891716939,0.0006927645307622137
1592.4691352068874,1592.4691352068874,1.0000722893744487,0.0006932755538121321
1592.4760795249792,1592.4760795249792,0.9989823731778845,0.0006924073749018044
1592.4830238427924,1592.4830238427924,1.000197116494038,0.0006925630481375448
1592.4899681605123,1592.4899681605123,1.0014682056976816,0.0006925928453744592
1592.4969124782315,1592.4969124782315,1.0008289825854129,0.0006926573074356145
1592.5038567957656,1592.5038567957656,1.0003124267749737,0.0006923443807407858
1592.5108011132984,1592.5108011132984,1.0001782918563586,0.000692286584411566
1592.5177454305528,1592.5177454305528,0.9998715763726646,0.0006922625263951165
1592.5246897478999,1592.5246897478999,0.9986575225612022,0.0006919777559252387
1592.5316340651539,1592.5316340651539,1.0003361432073403,0.0006920807373690821
1592.538578382222,1592.538578382222,1.0009028781415013,0.0006921023113093932
1592.545522699289,1592.545522699289,0.999417607968587,0.0006919539176576604
1592.552467016171,1592.552467016171,1.0000999135993898,0.0006922082364804844
1592.5594113330524,1592.5594113330524,0.9996823067035765,0.0006921349216526292
1592.5663556498407,1592.5663556498407,0.9995771752131141,0.0006920528881832607
1592.5732999664433,1592.5732999664433,1.0000319119883359,0.0006920894329987367
1592.580244283045,1592.580244283045,1.0009543868476636,0.0006925658276743893
1592.5871885995546,1592.5871885995546,0.9998334444653265,0.0006921909661288744
1592.5941329159693,1592.5941329159693,1.0000622477343721,0.0006923802302612979
1592.6010772321997,1592.6010772321997,0.9996820923218704,0.000691943814211435
1592.6080215484294,1592.6080215484294,1.0014871073904792,0.0006925733169762941
1592.6149658644722,1592.6149658644722,1.0002908600994806,0.0006924717640756077
1592.6224657259634,1592.6224657259634,0.9998376540644068,0.0006923681181254171
1592.6302433596186,1592.6302433596186,1.0011917804693409,0.0006920381577537083
1592.637187675383,1592.637187675383,1.0000209669247526,0.0006921775606529212
1592.6441319911469,1592.6441319911469,0.9997479094323138,0.0006921801745841778
1592.6510763069105,1592.6510763069105,0.9990351331962086,0.000692183402778744
1592.6580206225815,1592.6580206225815,0.9998155612274597,0.0006923115518296726
1592.6649649379729,1592.6649649379729,1.0002749289083934,0.000692516069972227
1592.6719092533644,1592.6719092533644,0.9998762619373693,0.0006921962235933211
1592.6788535686621,1592.6788535686621,1.0004221246875982,0.0006925380550817405
1592.6857978837747,1592.6857978837747,1.000273089604529,0.0006925505700161995
1592.6927421988862,1592.6927421988862,1.0004710150351486,0.0006923299342865796
1592.6996865139056,1592.6996865139056,1.0011837454696582,0.0006925782868038768
1592.7066308288315,1592.7066308288315,0.9991407172010396,0.0006921737065358165
1592.7135751436635,1592.7135751436635,1.0013581227790298,0.0006930625901282657
1592.7205194584037,1592.7205194584037,0.9999128044573098,0.0006926230578049094
1592.7274637729558,1592.7274637729558,0.9990489405634169,0.0006922548491093209
1592.7344080876032,1592.7344080876032,1.000684980648333,0.0006929242255258932
1592.7413524020628,1592.7413524020628,0.9990255662246706,0.00069262090146472
1592.7482967164299,1592.7482967164299,1.000251374380836,0.0006926000772159552
1592.7552410306107,1592.7552410306107,1.0004546207834961,0.00069249993403511
1592.7621853448836,1592.7621853448836,1.0002466562898757,0.0006926555230129666
1592.769129658879,1592.769129658879,1.0011560306630485,0.0006928327963036941
1592.7760739728728,1592.7760739728728,0.9998884008328014,0.0006925304071701619
1592.7830182867742,1592.7830182867742,0.9997630168248112,0.0006925025007513603
1592.7899626005826,1592.7899626005826,1.0003389127938445,0.0006925894088707557
1592.7969069142043,1592.7969069142043,0.9994525579470981,0.0006922494616416251
1592.8038512280132,1592.8038512280132,0.9996848920355703,0.0006922092080876725
1592.810795541541,1592.810795541541,0.9996756126671539,0.0006928616796199312
1592.8177398549774,1592.8177398549774,1.0010415801894381,0.0006931370599028167
1592.8246841681332,1592.8246841681332,1.0001038249047032,0.0006931377953797938
1592.8324617989952,1592.8324617989952,1.0003137380602034,0.000692572703356754
1592.8399616571326,1592.8399616571326,1.0002128206143535,0.0006927842632608019
1592.8469059701956,1592.8469059701956,0.9995472218581221,0.0006924314562379578
1592.853850283166,1592.853850283166,0.9997370456980231,0.000692868968394582
1592.8607945959488,1592.8607945959488,0.9986048431722715,0.0006923652067519088
1592.8677389087334,1592.8677389087334,1.0006247077081032,0.0006928734105499702
1592.8746832213305,1592.8746832213305,1.0002314255780134,0.0006930895053555463
1592.8816275339282,1592.8816275339282,0.9995886350878085,0.0006923023226219824
1592.8885718463393,1592.8885718463393,1.0001535654827625,0.0006925349332701661
1592.8955161588433,1592.8955161588433,0.999818151075034,0.0006926423205692935
1592.9027382435129,1592.9027382435129,1.0011188915459,0.0006925394028721314
1592.910793645608,1592.910793645608,1.0002235609997665,0.0006923438890397188
1592.9177379576468,1592.9177379576468,0.9995225012745973,0.0006922491867015941
1592.9246822695914,1592.9246822695914,0.999710910625922,0.0006930488934578534
1592.9316265815373,1592.9316265815373,1.0006613837890028,0.0006927476974465133
1592.9385708932034,1592.9385708932034,0.9995789781607,0.0006927862480741706
1592.9455152048697,1592.9455152048697,1.0009448692390976,0.0006930967855370751
1592.9524595165362,1592.9524595165362,0.9995036287365064,0.0006929892134610896
1592.9594038280152,1592.9594038280152,0.9993563972607525,0.0006930558727497804
1592.9663481392165,1592.9663481392165,1.0003193923206684,0.0006933369302420145
1592.9732924507891,1592.9732924507891,1.0005094722648251,0.0006936530676724508
1592.9802367618965,1592.9802367618965,0.9991217909240804,0.0006931404846327894
1592.9871810730037,1592.9871810730037,1.000737469226618,0.0006931377333509239
1592.9941253839247,1592.9941253839247,0.9987415519320152,0.0006930038852116872
1593.0010696947527,1593.0010696947527,0.9999784127389126,0.0006930208122063394
1593.0080140055804,1593.0080140055804,1.0003580267458991,0.0006932831776312158
1593.0149583163154,1593.0149583163154,0.9996089495719378,0.0006929723071986682
1593.0219026268637,1593.0219026268637,1.0007004609677908,0.0006934889785156091
1593.0288469374125,1593.0288469374125,1.0003998925651945,0.0006933745208623778
1593.0357912477743,1593.0357912477743,0.9996971012105682,0.0006931569457114754
1593.042735558137,1593.042735558137,1.0004804649154937,0.0006932315359676056
1593.0496798683132,1593.0496798683132,0.9986986243423038,0.0006929033825220175
1593.0566241783956,1593.0566241783956,1.0014966623954318,0.0006936323186655576
1593.063568488479,1593.063568488479,1.0001546647193449,0.0006935906943379793
1593.0705127982815,1593.0705127982815,0.999138217372584,0.0006932984435121976
1593.0774571081788,1593.0774571081788,0.9992856123338804,0.0006931791955140106
1593.0844014178888,1593.0844014178888,1.0006215804458374,0.0006937719739581805
1593.091345727506,1593.091345727506,0.9999919017093599,0.0006936618229277286
1593.0982900370304,1593.0982900370304,1.000755714235635,0.0006937909990389871
1593.1052343463678,1593.1052343463678,0.9991342340055676,0.0006932372087372366
1593.1121786557062,1593.1121786557062,1.0001012722325364,0.0006932869752583221
1593.1191229649503,1593.1191229649503,0.9999582200725762,0.0006933842787167509
1593.126067274102,1593.126067274102,1.0003724452403473,0.0006935487423606818
1593.1330115829737,1593.1330115829737,0.9999188828117817,0.0006936890074325517
1593.1399558920323,1593.1399558920323,0.9989329529929843,0.000693435218158963
1593.146900200998,1593.146900200998,1.0009042117843776,0.0006937723843370837
1593.153844509497,1593.153844509497,1.0002977655739527,0.0006937734876635899
1593.1607888180902,1593.1607888180902,1.0005565092334454,0.0006935242017289489
1593.1677331266824,1593.1677331266824,0.9990648302124547,0.0006931049804276904
1593.1746774350893,1593.1746774350893,0.9995318793761842,0.0006934452736448069
1593.1816217434025,1593.1816217434025,1.0000584687251,0.0006932515951182949
1593.188566051623,1593.188566051623,1.0004608696171835,0.0006938679518409108
1593.195510359657,1593.195510359657,0.9995046745697402,0.0006932679481816134
1593.2024546676905,1593.2024546676905,1.0004090440836733,0.0006931172485286348
1593.2093989756315,1593.2093989756315,1.0003490883323587,0.0006933628891662338
1593.2163432833856,1593.2163432833856,0.999381753916283,0.0006931781823207162
1593.2232875911407,1593.2232875911407,1.0006882218824997,0.0006932922960001016
1593.2302318988018,1593.2302318988018,1.0004929870713817,0.0006934776192939192
1593.2371762061837,1593.2371762061837,0.9999164485303889,0.0006934206291382077
1593.244120513566,1593.244120513566,0.9993799166806548,0.000692947097156923
1593.2510648208547,1593.2510648208547,0.9993263853280432,0.0006932889262071649
1593.258009128144,1593.258009128144,0.9999712500780131,0.0006937786907031715
1593.2649534351526,1593.2649534351526,1.0006042455124338,0.0006938680739779845
1593.2718977421628,1593.2718977421628,1.0002521028039504,0.0006935239484229248
1593.2788420489856,1593.2788420489856,1.0001898225891954,0.0006936596920014817
1593.285786355716,1593.285786355716,0.999542353482398,0.0006934712980053615
1593.2927306625393,1593.2927306625393,1.0003942453847134,0.0006936400804237361
1593.2996749689896,1593.2996749689896,0.9995173831034301,0.0006936966039002572
1593.3066192754407,1593.3066192754407,0.9997725799861554,0.0006933950583643231
1593.3135635818908,1593.3135635818908,0.9999507981818632,0.0006937919593710542
1593.3205078880626,1593.3205078880626,0.9996802197654772,0.0006935020949941055
1593.3274521942335,1593.3274521942335,0.9993791572682577,0.0006935181945830396
1593.3343965002186,1593.3343965002186,1.0005667740860145,0.0006935776372449693
1593.3413408062038,1593.3413408062038,0.999157721391169,0.0006934746152647608
1593.3482851120023,1593.3482851120023,0.999772089988466,0.0006934360195132574
1593.3552294178014,1593.3552294178014,1.0009801706396466,0.0006937196974399513
1593.3621737233202,1593.3621737233202,0.9998352607234542,0.0006933021516947484
1593.3691180289334,1593.3691180289334,1.0000939926642907,0.0006934385124133288
1593.3760623342655,1593.3760623342655,0.9999626473644223,0.0006936897318776331
1593.3830066395062,1593.3830066395062,1.0004654195279443,0.0006935374925669047
1593.389950944839,1593.389950944839,0.9997989456435921,0.0006935904719654667
1593.3968952498926,1593.3968952498926,1.0005027828265058,0.0006935270572694353
1593.4038395548537,1593.4038395548537,0.9996939619099097,0.0006936326173294632
1593.4107838598136,1593.4107838598136,1.000323728856215,0.000693547192308865
1593.4177281644957,1593.4177281644957,0.9996713715789698,0.0006937574317293176
1593.424672469176,1593.424672469176,0.9991839400474335,0.0006932785473645589
1593.4316167737647,1593.4316167737647,0.9995190795438311,0.0006935456158208962
1593.4385610780726,1593.4385610780726,1.0004770987466411,0.0006937162897456383
1593.445505382568,1593.445505382568,1.000088535138333,0.0006940558001361847
1593.4524496866902,1593.4524496866902,1.000760699863341,0.0006942665492515161
1593.4593939908123,1593.4593939908123,0.9994017473968496,0.0006938414872420344
1593.4663382949354,1593.4663382949354,1.0005239241256796,0.0006939102640174195
1593.4732825986846,1593.4732825986846,0.9998944167075532,0.0006936597903465226
1593.480226902528,1593.480226902528,0.9991430054556437,0.000693688337476756
1593.4871712061843,1593.4871712061843,1.0003184747338874,0.0006939657872042875
1593.4941155098415,1593.4941155098415,1.0000278099498412,0.0006937932267420207
1593.5010598133115,1593.5010598133115,0.9993742157961893,0.0006936496018893942
1593.508004116596,1593.508004116596,1.000768301319832,0.0006941205277205864
1593.5149484198803,1593.5149484198803,1.0008748950179078,0.0006940532193291487
1593.5218927229776,1593.5218927229776,1.0001397161158925,0.0006939775647012617
1593.5288370260762,1593.5288370260762,0.9997016595631998,0.0006937255340959245
1593.535781328987,1593.535781328987,0.9993878761473273,0.0006937564127181896
1593.5427256318062,1593.5427256318062,0.9990588789878124,0.0006933619933252454
1593.549669934438,1593.549669934438,1.0009962095684994,0.0006937932523409537
1593.5566142370706,1593.5566142370706,0.9991509313821536,0.0006936613367899845
1593.5635585395169,1593.5635585395169,1.0001274127508357,0.0006937705613629407
1593.5705028418693,1593.5705028418693,1.0000938255519711,0.0006941189490797372
1593.5774471441296,1593.5774471441296,1.0004153112004668,0.0006936895330317144
1593.5843914462953,1593.5843914462953,1.0002874399022528,0.0006935103672560096
1593.5913357481832,1593.5913357481832,1.001095143698069,0.0006936052451658716
1593.5982800500697,1593.5982800500697,0.9988308795723111,0.0006929916944807145
1593.6052243518648,1593.6052243518648,1.0001517344610162,0.0006934306930072217
1593.612168653565,1593.612168653565,0.9989836879138861,0.0006933598260029215
1593.6191129553592,1593.6191129553592,1.0002302567157983,0.0006932819176645849
1593.626057256688,1593.626057256688,1.000155431625225,0.0006932441052503589
1593.633001558109,1593.633001558109,1.0000943712525892,0.0006936796555313155
1593.6399458592518,1593.6399458592518,1.0004404444331685,0.0006936117566233641
1593.6468901603935,1593.6468901603935,1.0002324488407242,0.0006938142696556488
1593.6538344613496,1593.6538344613496,1.000528857519968,0.000693736316492754
1593.6607787623047,1593.6607787623047,0.9997881947207962,0.0006932696298220313
1593.667723063168,1593.667723063168,0.9990956730657006,0.0006935658678865139
1593.674667363751,1593.674667363751,0.9998875972896057,0.0006933778399462371
1593.6816116642415,1593.6816116642415,0.9996087524946562,0.0006937884358060881
1593.6885559647312,1593.6885559647312,0.9989678024041375,0.0006935132821468082
1593.6955002650357,1593.6955002650357,0.9995668262124605,0.0006933742941539537
1593.7024445651534,1593.7024445651534,1.0006525487383546,0.0006938401458156857
1593.7093888652707,1593.7093888652707,0.99979320865598,0.0006939144159581483
1593.7163331652957,1593.7163331652957,1.0016050328751729,0.0006940020926509224
1593.7232774650402,1593.7232774650402,1.0000957653387488,0.000693435151516758
1593.7302217649722,1593.7302217649722,0.9995479195586892,0.0006936668912028329
1593.7371660644371,1593.7371660644371,0.9994181323844877,0.0006937217121520226
1593.7441103639035,1593.7441103639035,0.9997038153546688,0.0006936628727445261
1593.7510546633691,1593.7510546633691,1.0006060168568374,0.0006937101636582914
1593.7579989625556,1593.7579989625556,0.9998089443028016,0.0006933031083593692
1593.764943261742,1593.764943261742,0.9998822112918209,0.0006932149657286013
1593.771887560742,1593.771887560742,0.9995387438460659,0.0006934966230657306
1593.778831859649,1593.778831859649,1.0006009072663307,0.0006939688306580087
1593.7857761584623,1593.7857761584623,0.9995695479018017,0.0006934690285326881
1593.7927204570904,1593.7927204570904,1.000600977668539,0.0006933626107849488
1593.7996647556245,1593.7996647556245,1.0004089505069316,0.0006936515867002002
1593.806609054066,1593.806609054066,1.0006092687724555,0.000693320271688434
1593.8135533524141,1593.8135533524141,0.9999433910421619,0.0006930396656001159
1593.8204976505758,1593.8204976505758,0.9997496016771823,0.0006933731382251622
1593.8274419486447,1593.8274419486447,0.9992697764663395,0.0006931207999307778
1593.8343862465274,1593.8343862465274,0.9999036684980549,0.0006932466436596967
1593.8413305444099,1593.8413305444099,1.0006296809071642,0.0006935306251363387
1593.8482748421054,1593.8482748421054,1.0001523842327158,0.000694039337362706
1593.8552191397096,1593.8552191397096,1.0003483254009495,0.000693630412664277
1593.8621634371254,1593.8621634371254,1.000980423477892,0.0006940588537952002
1593.8691077345431,1593.8691077345431,0.9999500093911621,0.0006937696818001188
1593.8760520318665,1593.8760520318665,0.9985859244761356,0.0006934952600157688
1593.882996328911,1593.882996328911,1.0007433298073765,0.0006940265184099458
1593.8899406256758,1593.8899406256758,0.9992945648375363,0.000693827964460309
1593.896884922627,1593.896884922627,0.9999982750999552,0.000693516378344786
1593.9038292193918,1593.9038292193918,0.9998346005163894,0.0006935663900106458
1593.91077351597,1593.91077351597,1.0005142210645885,0.000693825846487832
1593.9177178124562,1593.9177178124562,0.999253749475001,0.0006931631365522602
1593.9246621087548,1593.9246621087548,0.9996318817087039,0.0006935704229474891
1593.9316064049615,1593.9316064049615,1.0002882850212116,0.0006935513486341246
1593.9385507010738,1593.9385507010738,1.0005452434390363,0.00069357829751385
1593.9454949970943,1593.9454949970943,0.9999343863370432,0.0006935204028535446
1593.9524392929275,1593.9524392929275,1.0007738610153603,0.0006937829559606602
1593.959383588668,1593.959383588668,1.0000443218027097,0.0006933923583618479
1593.9663278842222,1593.9663278842222,1.0002362300861989,0.0006938097366814679
1593.9732721797761,1593.9732721797761,0.9998694154333482,0.0006932571855893064
1593.9802164750513,1593.9802164750513,1.00029103358265,0.000693283840893075
1593.9871607702328,1593.9871607702328,0.9982178429262273,0.0006931413581685012
1593.9941050654147,1593.9941050654147,0.9999259358130999,0.0006939908227537389
1594.0010493603163,1594.0010493603163,1.0003273111958229,0.0006936515330060047
1594.007993655126,1594.007993655126,1.0005963523279182,0.0006939812770656486
1594.0149379499344,1594.0149379499344,1.0008533426747994,0.0006940109673774889
1594.0218822443717,1594.0218822443717,1.0004611669018995,0.0006943358928338894
1594.0288265389013,1594.0288265389013,0.9989104311754655,0.0006936430041968266
1594.0357708332444,1594.0357708332444,0.9997248419993132,0.0006934024795106979
1594.042715127402,1594.042715127402,0.9989200796702565,0.0006936098352280002
1594.049659421466,1594.049659421466,1.0003599479736138,0.0006938624577419237
1594.056603715344,1594.056603715344,0.9990577142455382,0.0006935395605801292
1594.0635480091285,1594.0635480091285,1.001949869644076,0.0006942000479571609
1594.0704923028204,1594.0704923028204,0.998889322216743,0.0006935074173275108
1594.077436596325,1594.077436596325,0.9997906008278232,0.0006935413540159151
1594.0843808897378,1594.0843808897378,1.0009994577395336,0.0006940690072794718
1594.0913251830561,1594.0913251830561,0.9992786238966674,0.0006935792684576494
1594.0982694761892,1594.0982694761892,1.000095344703285,0.0006935070801684189
1594.1052137691356,1594.1052137691356,0.9998196055476735,0.0006937912370741518
1594.1121580619888,1594.1121580619888,0.9994422558936098,0.0006934789758343486
1594.1191023548424,1594.1191023548424,1.0004156025211206,0.0006940121531255364
1594.1260466473232,1594.1260466473232,0.999726345622338,0.0006937978316948155
1594.1329909398041,1594.1329909398041,0.9999794653249563,0.0006936393155339718
1594.1399352322846,1594.1399352322846,0.999517687718269,0.0006935373337409485
1594.1468795243004,1594.1468795243004,1.0001955569770478,0.000693531501749323
1594.153823816408,1594.153823816408,1.0009504683954646,0.0006937989593584604
1594.1607681083308,1594.1607681083308,0.9996355299803248,0.0006936238646071478
1594.1677124001587,1594.1677124001587,0.9996940525980824,0.000693721929051923
1594.174656691802,1594.174656691802,1.0002863615815258,0.0006937686489103246
1594.181600983351,1594.181600983351,1.0000237514281645,0.0006941885708231729
1594.1885452746214,1594.1885452746214,1.000513635781248,0.0006942042374214379
1594.1954895659842,1594.1954895659842,0.9993984514875441,0.0006938749757681826
1594.202433856975,1594.202433856975,0.9990408407150697,0.0006935870334840244
1594.209378147966,1594.209378147966,1.0013682924637446,0.000694288616422456
1594.21632243877,1594.21632243877,0.9998980599109679,0.000693543378582222
1594.2232667294818,1594.2232667294818,0.9991918079510885,0.000694201909000536
1594.2302110200994,1594.2302110200994,1.0014273714433404,0.0006944028791659118
1594.2371553104392,1594.2371553104392,0.9999954235946176,0.0006940568868006519
1594.24409960087,1594.24409960087,0.9996839462607185,0.0006942209289330289
1594.2510438910233,1594.2510438910233,1.000101647672277,0.0006942947801202839
1594.2579881807096,1594.2579881807096,0.9997022076907186,0.0006939001694229049
1594.2649324706765,1594.2649324706765,0.9995333948863294,0.0006940770717308867
1594.271876760363,1594.271876760363,0.9998005973193094,0.0006940251295752054
1594.2788210499568,1594.2788210499568,0.9992076556406501,0.0006940694753868602
1594.2857653392712,1594.2857653392712,1.0005239496814156,0.0006942851509254475
1594.2927096285853,1594.2927096285853,1.0003250163734874,0.0006941692836710498
1594.2996539178064,1594.2996539178064,1.0009679323229028,0.0006941494903907184
1594.306598206748,1594.306598206748,0.9988532715535406,0.0006937189598246655
1594.313542495504,1594.313542495504,1.0000250317413042,0.0006940107117142478
1594.320486784259,1594.320486784259,0.9996299500685752,0.0006935994371274298
1594.3274310727352,1594.3274310727352,1.0005430156365107,0.000693956137531891
1594.3343753612112,1594.3343753612112,1.0005822474243513,0.0006939511687169477
1594.3413196495017,1594.3413196495017,1.0001303873180245,0.0006939377549050507
1594.3482639376045,1594.3482639376045,1.0010425045998816,0.000694297156942543
1594.3552082256158,1594.3552082256158,1.0000380799909683,0.0006938449571335041
1594.3621525134392,1594.3621525134392,0.9986716745000755,0.0006939637203453052
1594.3690968009846,1594.3690968009846,0.999410739431568,0.0006944982417980449
1594.3760410885288,1594.3760410885288,0.9988386159161472,0.0006936959606823956
1594.3829853758878,1594.3829853758878,1.000293445978246,0.0006942204584698137
1594.38992966306,1594.38992966306,1.0012981389848554,0.000694515672843484
1594.396873950232,1594.396873950232,0.9995642063639186,0.0006941054151909242
1594.403818237032,1594.403818237032,1.000224890361941,0.0006941994642687989
1594.4107625239249,1594.4107625239249,1.0005556139134786,0.0006941727242151215
1594.4177068104457,1594.4177068104457,0.9998632815212287,0.0006940937935831263
1594.424651096872,1594.424651096872,1.0001712350034124,0.0006940496831633435
1594.431595383207,1594.431595383207,1.0000927684914576,0.0006939068448259288
1594.4385396694468,1594.4385396694468,0.9988669170381833,0.0006938052321142081
1594.4454839554091,1594.4454839554091,0.9995529102282326,0.0006936814223785527
1594.452428241184,1594.452428241184,1.0009254845328952,0.0006942022778363132
1594.4593725269594,1594.4593725269594,1.0003740703678112,0.0006940764546666955
1594.4663168126417,1594.4663168126417,0.9997186468488977,0.00069376760598043
1594.4732610977649,1594.4732610977649,0.9993285974411169,0.0006939771674995974
1594.4802053830745,1594.4802053830745,0.9996755011052139,0.0006937357329417419
1594.4871496681048,1594.4871496681048,0.9996581906174467,0.0006940637394338914
1594.4940939530418,1594.4940939530418,1.0008373040565828,0.0006941837688593962
1594.5010382377927,1594.5010382377927,0.9999105507276382,0.0006939650981422289
1594.5079825224507,1594.5079825224507,1.000000628432069,0.0006937495470539114
1594.5149268068285,1594.5149268068285,0.9993579211610228,0.0006937878693810428
1594.5218710911145,1594.5218710911145,0.9993737692223444,0.0006939272299920547
1594.5288153752126,1594.5288153752126,1.000490432200072,0.0006938168321999802
1594.5357596592185,1594.5357596592185,1.000314570352743,0.0006943088477427333
1594.5427039430374,1594.5427039430374,1.000698332207833,0.0006944359545773245
1594.5496482265785,1594.5496482265785,0.9999072032130037,0.0006940781471184681
1594.5565925101178,1594.5565925101178,1.0001155957190035,0.0006938881310133373
1594.5635367932862,1594.5635367932862,0.9987920538774603,0.000693428263164466
1594.5704810764532,1594.5704810764532,1.0007376770896386,0.0006940420385697694
1594.5774253596212,1594.5774253596212,1.0010534921296912,0.0006943537617796814
1594.5843696423228,1594.5843696423228,0.9999313262227567,0.0006938612167928898
1594.591313924932,1594.591313924932,0.9994649710150686,0.0006939607995655787
1594.5982582075405,1594.5982582075405,1.0008774502671653,0.0006946142650292973
1594.6052024897763,1594.6052024897763,1.00031289252458,0.0006941171848698188
1594.6121467720127,1594.6121467720127,0.9989642789674882,0.0006935902232252653
1594.6190910539694,1594.6190910539694,0.9997764397637671,0.0006938309052299304
1594.6260353358334,1594.6260353358334,1.000388993919308,0.0006938960197614407
1594.6329796174173,1594.6329796174173,1.0005874856011974,0.0006938813054865173
1594.6399238989093,1594.6399238989093,0.9991870178525751,0.0006944447252084304
1594.6468681802137,1594.6468681802137,0.9998235421076697,0.0006939975134714171
1594.6538124614258,1594.6538124614258,1.0006700300564133,0.0006939019563669856
1594.6607567422648,1594.6607567422648,0.9997144293009006,0.0006937586122884405
1594.6677010231044,1594.6677010231044,1.0004598315692446,0.0006942412770859149
1594.67464530385,1594.67464530385,0.9996642777376687,0.000693870209464496
1594.6815895842242,1594.6815895842242,0.9998498306559169,0.0006939035575352717
1594.6885338645045,1594.6885338645045,1.0010770549014691,0.0006940887345489252
1594.6954781445988,1594.6954781445988,0.9994841177131566,0.0006938929008099171
1594.7024224245995,1594.7024224245995,0.9990902886761907,0.0006936660217185827
1594.7093667043214,1594.7093667043214,0.9992484353123064,0.0006940973865236505
1594.7163109839498,1594.7163109839498,1.0003599805384198,0.0006944096354466404
1594.723255263299,1594.723255263299,1.0008359327111132,0.0006943548257418949
1594.730199542555,1594.730199542555,1.0008890946591031,0.000694029388064432
1594.7371438216246,1594.7371438216246,1.0009199738876804,0.000694250626342283
1594.744088100415,1594.744088100415,0.9986016574551287,0.0006932574259129475
1594.751032379205,1594.751032379205,0.9992617391865977,0.0006937285873455432
1594.7579766577164,1594.7579766577164,0.9991279122697044,0.0006935969294801057
1594.7649209359474,1594.7649209359474,1.0001655212866756,0.0006941287093297243
1594.7718652140866,1594.7718652140866,1.0003451006391757,0.0006939842928515677
1594.7788094921314,1594.7788094921314,1.0012328570444335,0.0006942697026086078
1594.7857537698976,1594.7857537698976,1.0002586855891902,0.000694156429260593
1594.792698047477,1594.792698047477,0.9997490974579536,0.0006938715512527881
1594.7996423249638,1594.7996423249638,0.9999305518826247,0.0006935920023602058
1594.8065866020775,1594.8065866020775,0.9995406231547991,0.0006937487337614157
1594.8135308790986,1594.8135308790986,1.0003920265384956,0.0006937949241503105
1594.8204751560256,1594.8204751560256,0.9997217546182,0.0006936782387028449
1594.8274194326743,1594.8274194326743,0.9993320894835124,0.0006942811291211103
1594.8343637092298,1594.8343637092298,1.0004900399884051,0.0006937245153346655
1594.8413079854122,1594.8413079854122,1.0005371083227208,0.0006941940315551458
1594.8482522615948,1594.8482522615948,0.9995883328917274,0.000693929210591726
1594.8551965374052,1594.8551965374052,0.9987058949301991,0.0006936367769994385
1594.8621408132149,1594.8621408132149,1.0000529293330893,0.00069411829637241
1594.8690850887463,1594.8690850887463,1.0010877723007137,0.0006939878732886751
1594.8760293639973,1594.8760293639973,0.9992647044423707,0.0006937104196186942
1594.8829736391556,1594.8829736391556,0.9989936622052366,0.0006933319987445078
1594.8899179141276,1594.8899179141276,1.0015896101634765,0.0006935016476902025
1594.8968621888193,1594.8968621888193,1.000946500457327,0.000693674911217475
1594.9038064634192,1594.9038064634192,0.9998466826828036,0.0006936979621802124
1594.910750737832,1594.910750737832,1.0002848158246622,0.0006939778372360801
1594.917695011873,1594.917695011873,1.0007696954824585,0.0006935183336891644
1594.9246392860994,1594.9246392860994,0.9991210153306733,0.0006938304252200314
1594.931583559582,1594.931583559582,0.9993023212053306,0.0006934436453664715
1594.9385278332493,1594.9385278332493,1.0000065852073976,0.000693693609893989
1594.9454721065456,1594.9454721065456,0.9997412930248204,0.0006935851003792337
1594.9524163797473,1594.9524163797473,0.9996648070444399,0.0006937032747328759
1594.959360652671,1594.959360652671,0.9992304441019497,0.0006940063546336567
1594.9663049254073,1594.9663049254073,0.9999183908097414,0.0006940403355751787
1594.9732491979578,1594.9732491979578,1.0020324662337685,0.0006949358075084507
1594.9801934703216,1594.9801934703216,1.0003901381116704,0.0006941640836110059
1594.9871377425002,1594.9871377425002,1.0000045365381265,0.0006940384936938726
1594.9940820143984,1594.9940820143984,0.9996045255040122,0.0006935945102464933
1595.0010262859248,1595.0010262859248,0.9993051946393843,0.0006941699918433801
1595.0079705574503,1595.0079705574503,0.9996961056918938,0.0006938380907033314
1595.0149148289768,1595.0149148289768,0.9999407096112382,0.0006942549691159828
1595.021859099944,1595.021859099944,1.000707115224103,0.0006942995860128077
1595.0288033709112,1595.0288033709112,1.0000900196712634,0.0006943524984948942
1595.0357476415988,1595.0357476415988,0.9997717444784173,0.0006943700030886294
1595.0426919119145,1595.0426919119145,0.9996917119721358,0.0006939800306825003
1595.0496361822293,1595.0496361822293,1.0011645334310812,0.0006941082034561319
1595.0565804522653,1595.0565804522653,1.0004145097284673,0.0006942679870211712
1595.063524722115,1595.063524722115,0.9994585709328986,0.0006941895186793983
1595.070468991685,1595.070468991685,0.9993198708752304,0.0006937233685459596
1595.077413261069,1595.077413261069,1.0003413695128613,0.0006944418123451737
1595.0843575302667,1595.0843575302667,1.0001614054215655,0.0006946142872742529
1595.091301799092,1595.091301799092,0.9997706961554302,0.0006938583660587353
1595.0982460679174,1595.0982460679174,1.0005085238203502,0.0006940427309996004
1595.1051903362768,1595.1051903362768,1.000039654354525,0.0006938271459962827
1595.1121346046361,1595.1121346046361,0.9996737842740353,0.0006941778122550509
1595.1190788726235,1595.1190788726235,1.000439752904489,0.0006941334668088505
1595.1260231405167,1595.1260231405167,0.9998780026411991,0.0006944588026133961
1595.1329674080384,1595.1329674080384,1.0000800518736148,0.0006939664772381242
1595.1399116754665,1595.1399116754665,1.0007515808467229,0.0006941611086302937
1595.1468559425225,1595.1468559425225,0.9986042480223872,0.0006937671180128374
1595.153800209578,1595.153800209578,1.0000912435667668,0.0006939544478687781
1595.1607444760755,1595.1607444760755,1.0006565049450649,0.0006938818285149117
1595.1676887425715,1595.1676887425715,0.9999930608672709,0.0006938956502764982
1595.1746330086964,1595.1746330086964,0.9997489685107303,0.0006939119861049948
1595.1815772747273,1595.1815772747273,1.0000014766489163,0.0006940566296133745
1595.1885215405725,1595.1885215405725,0.9997441589213543,0.0006943226374902629
1595.1954658060445,1595.1954658060445,1.0005209944929105,0.0006945999507277997
1595.2024100713306,1595.2024100713306,0.9997439549798303,0.0006940894153115221
1595.2093543363376,1595.2093543363376,0.9996894482052637,0.0006942520264266621
1595.2162986012515,1595.2162986012515,1.0002423095025497,0.0006945235804443698
1595.2232428657921,1595.2232428657921,1.0002615312895302,0.000694496936935258
1595.230187129961,1595.230187129961,1.0000505048610275,0.0006947810525906153
1595.237131394129,1595.237131394129,0.9999237114645094,0.00069449387021193
1595.2440756579258,1595.2440756579258,1.0004570991546966,0.0006948533320213849
1595.2510199215353,1595.2510199215353,0.9994499591107558,0.0006942489261558798
1595.2579641848656,1595.2579641848656,1.0002848669533202,0.0006943352614708886
1595.2649084479167,1595.2649084479167,0.9988389223276515,0.000694257302899135
1595.2718527108748,1595.2718527108748,1.0001262277820786,0.0006940483748634508
1595.2787969733665,1595.2787969733665,0.9998831916866738,0.0006943231905426235
1595.2857412359522,1595.2857412359522,1.0002850787975626,0.0006941889023282699
1595.2926854978855,1595.2926854978855,1.001100881012849,0.0006944728262628127
1595.2996297597251,1595.2996297597251,0.9997182531494797,0.0006941446770218042
1595.3065740213797,1595.3065740213797,0.9995146780459752,0.0006936928373170908
1595.313518282754,1595.313518282754,1.000222886819469,0.000693949543531722
1595.3204625438498,1595.3204625438498,0.9995434356243742,0.0006941069214246396
1595.327406804572,1595.327406804572,1.0004321244510008,0.0006942588915440568
1595.3343510652019,1595.3343510652019,0.9999935504552336,0.0006942586955136341
1595.3412953255515,1595.3412953255515,0.9998773360585155,0.000694370830597343
1595.3482395856227,1595.3482395856227,1.0003431813541566,0.0006942158022599856
1595.3551838455064,1595.3551838455064,1.0003306308931195,0.0006940724790109347
1595.362128104926,1595.362128104926,0.9997858014224892,0.0006943962982490608
1595.369072364158,1595.369072364158,0.9998011173277128,0.0006945071079105446
1595.3760166232048,1595.3760166232048,1.0000466503372052,0.0006949364557349497
1595.3829608819713,1595.3829608819713,0.999960286577257,0.0006948086762592609
1595.3899051405524,1595.3899051405524,0.9996406889654429,0.0006944823594009817
1595.3968493986667,1595.3968493986667,1.0000797785365116,0.0006946215671824192
1595.4037936567825,1595.4037936567825,0.9995897832594739,0.0006946912249687126
1595.4107379143377,1595.4107379143377,0.9999062769643133,0.0006946681025580796
1595.4176821718015,1595.4176821718015,1.0007126754955404,0.0006948270749591336
1595.4246264288915,1595.4246264288915,0.999453876154574,0.0006949900272253943
1595.4315706857963,1595.4315706857963,1.00071512841221,0.0006948049561715703
1595.4385149423274,1595.4385149423274,1.0000537604148483,0.0006948468224796127
1595.4454591986735,1595.4454591986735,0.9994311116052618,0.0006944691436048874
1595.4524034547387,1595.4524034547387,0.9998403388426315,0.000694544705879203
1595.4593477105261,1595.4593477105261,1.0003907983633864,0.0006945412748198507
1595.46629196594,1595.46629196594,1.0009311556468352,0.0006947444834614712
1595.4732362211678,1595.4732362211678,0.9996777532404956,0.0006942488225789741
1595.4801804762094,1595.4801804762094,0.9995167466119208,0.0006941727078561841
1595.4871247308788,1595.4871247308788,0.9989424494163043,0.000694123719684924
1595.494068985268,1595.494068985268,1.0008078767270905,0.0006943409974227628
1595.5010132393788,1595.5010132393788,0.9988560111836968,0.0006939011547886585
1595.5079574931158,1595.5079574931158,1.0007242528386473,0.0006943720815478977
1595.5149017466676,1595.5149017466676,1.0001120802259944,0.000693493410777031
1595.5218459998464,1595.5218459998464,1.0005660732556891,0.0006940620161690555
1595.5287902527461,1595.5287902527461,1.0005762657636847,0.0006939650506261935
1595.5357345055522,1595.5357345055522,0.9990612258823711,0.00069332543035875
1595.5426787578936,1595.5426787578936,0.9999380525135008,0.0006933742341070556
1595.5496230100478,1595.5496230100478,0.9997281239874877,0.0006930164960989073
1595.55656726183,1595.55656726183,1.001215519760089,0.0006936296252790076
1595.5635115133318,1595.5635115133318,0.9997721566257557,0.0006933802694582898
1595.5704557645554,1595.5704557645554,1.0003445402681337,0.0006937947402993094
1595.577400015592,1595.577400015592,1.0000145664358076,0.0006938827349145831
1595.584344266164,1595.584344266164,1.0011250376078853,0.0006941480901786315
1595.591288516455,1595.591288516455,0.999891152417862,0.0006944112657290134
1595.5982327665613,1595.5982327665613,0.9989949790902595,0.0006941706131935072
1595.6051770162935,1595.6051770162935,0.9997130484019927,0.0006944678243626124
1595.6121212657483,1595.6121212657483,1.0000674346586758,0.0006945026111401717
1595.6190655148284,1595.6190655148284,1.0003162188166612,0.0006946427521081699
1595.6260097637241,1595.6260097637241,0.9998665279702319,0.0006943553753224524
1595.6329540122456,1595.6329540122456,1.0018877344462171,0.0006954178185091557
1595.6398982604892,1595.6398982604892,1.0004273303630506,0.0006948833197906175
1595.6468425085452,1595.6468425085452,0.9998398840240696,0.0006947201047652633
1595.6537867562304,1595.6537867562304,0.9995351815528573,0.0006945036008677348
1595.6607310036343,1595.6607310036343,1.000270192502047,0.0006948939959940518
1595.667675250667,1595.667675250667,1.0000498536424316,0.0006950690512306643
1595.6746194974191,1595.6746194974191,1.0003365078772144,0.0006946489718348476
1595.681563743893,1595.681563743893,0.9997189245239888,0.0006947445802895696
