time,time,flux,flux_err
-0.4998946159269811,-0.4998946159269811,1.0018373516345964,0.002342768182173442
-0.49976041716960634,-0.49976041716960634,1.0005753920837177,0.0029080180618865385
-0.4996250871301224,-0.4996250871301224,0.9997440761280242,0.0018774665453509167
-0.49947379795466984,-0.49947379795466984,1.0020161986203597,0.001598900925560388
-0.49939156683758484,-0.49939156683758484,0.9993168713542946,0.0019985905655283804
-0.49932995823292003,-0.49932995823292003,0.9986896173345639,0.001700366442947469
-0.49920595318817507,-0.49920595318817507,0.999436591700426,0.0025877844553307172
-0.4991005863195824,-0.4991005863195824,0.9994740315478478,0.0015705133955760029
-0.49901693982828876,-0.49901693982828876,0.9984099428419958,0.001962131033466897
-0.4988674154390537,-0.4988674154390537,0.9993726087087437,0.0019857969425712153
-0.4987506447994747,-0.4987506447994747,1.000547153948222,0.00221819535716698
-0.4986270757337479,-0.4986270757337479,0.9979301013715194,0.002727920483060011
-0.49846685680295194,-0.49846685680295194,1.0018977542846652,0.0026911260345336982
-0.4983392421625467,-0.4983392421625467,0.9996200972432554,0.0015260653803468814
-0.4982372053622385,-0.4982372053622385,0.9999934977065909,0.0015657254879467535
-0.4981364218789167,-0.4981364218789167,1.0006959790881385,0.0020254483281194986
-0.49800209778622956,-0.49800209778622956,1.0007751116258805,0.0016616569996464876
-0.4979226971465323,-0.4979226971465323,0.9994502496267627,0.0020699053164529
-0.4977906870524748,-0.4977906870524748,0.9987272268779103,0.002310189041277783
-0.49766867544367416,-0.49766867544367416,0.9992440101902462,0.0016070311093582073
-0.4975821541129335,-0.4975821541129335,0.9975612784743696,0.0015994073208011772
-0.4974781347977114,-0.4974781347977114,0.9986602731491668,0.0017165620311801939
-0.49735728358318737,-0.49735728358318737,0.9968210357427054,0.0018578369294470769
-0.49723586858635827,-0.49723586858635827,0.9991405389087109,0.0022209023535146896
-0.49713205669031596,-0.49713205669031596,0.9988927408404183,0.003161977138740424
-0.4969862344138164,-0.4969862344138164,1.000261014117005,0.0015553757424317098
-0.49686627808987394,-0.49686627808987394,1.0003303342596288,0.002652512964752745
-0.49674623410192,-0.49674623410192,1.000579809798885,0.0015350593329136284
-0.49662192055711785,-0.49662192055711785,1.000169915964308,0.001679217338311054
-0.49651598816926706,-0.49651598816926706,1.0000039363403364,0.0017694593617729663
-0.49634834886273893,-0.49634834886273893,1.001586297188304,0.0017161428010590552
-0.49624963700043734,-0.49624963700043734,0.9988832799040057,0.0014716702628337383
-0.4961656805209714,-0.4961656805209714,0.9993257039712073,0.002849789783070858
-0.4959924776279877,-0.4959924776279877,1.0002411864158092,0.0024127963393274763
-0.49586332489780033,-0.49586332489780033,1.0004006878631833,0.0019383897010917454
-0.4957647812138021,-0.4957647812138021,0.9984477980306675,0.002340781471809932
-0.49565463761082357,-0.49565463761082357,0.999103529306681,0.0021577784115397926
-0.495507590669331,-0.495507590669331,1.0000745181446553,0.0027518883106837566
-0.49536595054778443,-0.49536595054778443,1.000753174100488,0.0027087042798713003
-0.4952721540108541,-0.4952721540108541,0.9977375545523343,0.0014738974202272374
-0.49510699044822104,-0.49510699044822104,0.9995863389041266,0.0015052316896971936
-0.495032627004548,-0.495032627004548,0.9986648606343482,0.0014563025502327086
-0.49483982433903295,-0.49483982433903295,1.0004763837372637,0.002004960154521224
-0.4946560946058526,-0.4946560946058526,1.0004946459121358,0.002273264187325681
-0.49455972693012884,-0.49455972693012884,0.9998794568561904,0.0016841222061219833
-0.4945005661353207,-0.4945005661353207,0.9995059993962432,0.002041309361497522
-0.4944110789345359,-0.4944110789345359,0.9996283233563112,0.0020151529492812036
-0.4943137891485094,-0.4943137891485094,0.9974096375898311,0.00194508640204851
-0.4942574246051663,-0.4942574246051663,1.001023972096482,0.0020127840816750037
-0.49409401272223474,-0.49409401272223474,1.0004242873116536,0.0027148870815628095
-0.4939665893653,-0.4939665893653,1.0011486193818175,0.002383930311176467
-0.4937801044367006,-0.4937801044367006,0.9982418999799003,0.002660142325309306
-0.4936780465670381,-0.4936780465670381,1.0013622307168686,0.00156204344314642
-0.4935571080688533,-0.4935571080688533,1.0013401185827076,0.001565702468844907
-0.49348090620696894,-0.49348090620696894,0.9980237610828542,0.0018994431229317527
-0.4933370011867737,-0.4933370011867737,1.000277719355506,0.0021630575702670917
-0.4931571442271888,-0.4931571442271888,0.9997395731964621,0.0015879106563766912
-0.49304161896598087,-0.49304161896598087,1.002038591714553,0.0025053906597009698
-0.4928873173146712,-0.4928873173146712,1.0020744698000534,0.0019865102202892533
-0.492784305538953,-0.492784305538953,1.0007130872950687,0.001955470245999293
-0.492675166947447,-0.492675166947447,0.9990976096083237,0.002358572914723437
-0.49256126406180556,-0.49256126406180556,0.9991927049358642,0.0015969242275940087
-0.4924540634136065,-0.4924540634136065,0.9993210898063201,0.002763358526471
-0.4922820674617469,-0.4922820674617469,0.9993636145154273,0.0026894157129220926
-0.49220356340047144,-0.49220356340047144,1.0009405322506761,0.001474881097261919
-0.49206551057759496,-0.49206551057759496,1.001298408732855,0.0016063324393695733
-0.4919643772253039,-0.4919643772253039,1.0005699934825554,0.0014740190295718417
-0.4917764741498104,-0.4917764741498104,1.001157703702449,0.00204697670525262
-0.4915385870403043,-0.4915385870403043,0.9977662644463361,0.002361749626640296
-0.4914381545548167,-0.4914381545548167,1.0000509116850997,0.0015633662245169784
-0.49134822993019045,-0.49134822993019045,0.999992510141239,0.0016199595703560114
-0.4912191165545664,-0.4912191165545664,0.9986805410978977,0.0023424652343893098
-0.4910835127966493,-0.4910835127966493,1.0003444128311645,0.001511351155157284
-0.490984195922465,-0.490984195922465,1.0016224770880093,0.0026971121834252656
-0.4908904235149748,-0.4908904235149748,1.0013756323008236,0.00265648379845644
-0.4907642024811139,-0.4907642024811139,0.9997734608888912,0.002201152144142419
-0.49065776140960227,-0.49065776140960227,1.0024824667841659,0.0015833785744937567
-0.49055889558785565,-0.49055889558785565,1.0001933448261653,0.001592210436631054
-0.490432383373809,-0.490432383373809,0.9988686196381913,0.0016060420971168402
-0.49032189424142414,-0.49032189424142414,0.9995334013507545,0.002123135808332122
-0.49009788563871554,-0.49009788563871554,1.0007068724185577,0.001844706392890565
-0.4898883622203357,-0.4898883622203357,1.0005401521627078,0.0018138246127161364
-0.4896904359713517,-0.4896904359713517,0.9996051553519301,0.0019583821971315947
-0.4895680182326032,-0.4895680182326032,1.0013913319000898,0.0023836456500011026
-0.48942674946974873,-0.48942674946974873,0.998012552867776,0.0022405230755807278
-0.48929738638453274,-0.48929738638453274,0.9979306004743792,0.002187349191669076
-0.4891938095030127,-0.4891938095030127,1.0007268955044015,0.0021636269723456334
-0.48908147152778836,-0.48908147152778836,1.0010980219551324,0.001471819257505179
-0.4889266772490373,-0.4889266772490373,0.9997947946962643,0.001687402894036885
-0.48881343811081024,-0.48881343811081024,0.9997525138456842,0.0014291677562884373
-0.48861748119343246,-0.48861748119343246,1.0002119974796508,0.0015593398714298312
-0.48846205979953083,-0.48846205979953083,1.0002934240514185,0.002572813937689062
-0.4883325821496328,-0.4883325821496328,0.9996228290759822,0.0017011239229508157
-0.48820823471542096,-0.48820823471542096,0.9998546210945278,0.001898186658550818
-0.48811912964574733,-0.48811912964574733,0.9993408101577141,0.001991693729604039
-0.48795774687823723,-0.48795774687823723,1.0015789491739508,0.002512905421400449
-0.4878349423808686,-0.4878349423808686,1.000550817105903,0.0022419042065175143
-0.48774924502358774,-0.48774924502358774,0.999260520541221,0.0022494321209994453
-0.4876552518697281,-0.4876552518697281,1.0014717545496192,0.0023244413024391146
-0.4874708887806264,-0.4874708887806264,1.0019469909555387,0.0016136248526941478
-0.48732078185475985,-0.48732078185475985,0.998958379126093,0.002900542684815749
-0.48718738564020897,-0.48718738564020897,0.9992165387942107,0.0021264963044292156
-0.48699413552039916,-0.48699413552039916,0.9993137232310808,0.002135992214788887
-0.4868650735961637,-0.4868650735961637,0.9978748784632826,0.0017310736646310991
-0.48668585086979876,-0.48668585086979876,1.0010933947692204,0.0020769909224641605
-0.4865535093245853,-0.4865535093245853,0.9996311649843381,0.0023185928964429654
-0.48641562032553337,-0.48641562032553337,1.0002388174669508,0.0021851250503975325
-0.4862474320698311,-0.4862474320698311,1.0006944844964238,0.0016091412866916254
-0.4861135341625413,-0.4861135341625413,0.9989073978955201,0.002662260767287172
-0.4859783633628467,-0.4859783633628467,1.0004127362565787,0.0016741895731759073
-0.485837311702744,-0.485837311702744,1.0010116631542345,0.0016173164461841688
-0.4857149683768512,-0.4857149683768512,1.0006166724052499,0.0015738742768557587
-0.48556797781366184,-0.48556797781366184,0.9978359308517781,0.001630422842438739
-0.48543891093559066,-0.48543891093559066,0.9996116477076946,0.001996087604573419
-0.48529540696963525,-0.48529540696963525,1.0002797515580064,0.001981190386411892
-0.48515240492251904,-0.48515240492251904,1.0005642314885128,0.0022665039613067126
-0.4850097511056447,-0.4850097511056447,0.9998078448698413,0.002083228939516572
-0.48485668264256676,-0.48485668264256676,0.9994206219834076,0.0026731000275326093
-0.4847225528696072,-0.4847225528696072,1.0009333855436413,0.0026871780893039294
-0.48461656924300767,-0.48461656924300767,0.9994001804780742,0.0027160293791195205
-0.4844956173426908,-0.4844956173426908,0.999877414887974,0.0016255365901263652
-0.48436536912086015,-0.48436536912086015,1.0022168861518232,0.0015579030944936098
-0.4842391684691393,-0.4842391684691393,0.999063954244398,0.0015509613068183984
-0.48412296577844244,-0.48412296577844244,1.000990722209687,0.001604156944019345
-0.4840189129281498,-0.4840189129281498,1.0008014542585006,0.0021165957642526314
-0.48388556625086493,-0.48388556625086493,1.0013481880761983,0.002116577903820975
-0.48377297852457557,-0.48377297852457557,0.9998347135006235,0.0015441481532599928
-0.48366413373842077,-0.48366413373842077,0.999698203523867,0.0017494300682818656
-0.48348166926880365,-0.48348166926880365,0.9997304179915723,0.002306440652847887
-0.48332746139512894,-0.48332746139512894,0.9998575786126708,0.00222421158626467
-0.4831336541876226,-0.4831336541876226,1.000320786130156,0.0014884062610372025
-0.48301279159477417,-0.48301279159477417,0.9985439475844136,0.0034463474687150076
-0.482919567144927,-0.482919567144927,0.9989862095144716,0.001674247390637123
-0.4828075948502374,-0.4828075948502374,1.0008975223235947,0.0015188762642351244
-0.4827189263442051,-0.4827189263442051,0.9992135624788124,0.0015654536243941118
-0.48261021818470906,-0.48261021818470906,1.0006055339245563,0.0015773578081428989
-0.48246231221219205,-0.48246231221219205,0.997481151456926,0.0015391052770328062
-0.482350542860695,-0.482350542860695,1.0014233823534364,0.0016480444575997504
-0.4822153335322582,-0.4822153335322582,0.9999959172206951,0.0019526972722081677
-0.48206224243349427,-0.48206224243349427,1.000787726074739,0.0019046549659708742
-0.48190295806252836,-0.48190295806252836,1.0015625995006634,0.002075396917491284
-0.4818026575754629,-0.4818026575754629,0.9971937228342217,0.0026254279981843143
-0.481627534245672,-0.481627534245672,1.010531239858,0.002983657710723722
-0.48149850086956575,-0.48149850086956575,1.0005339949159209,0.003123051126252211
-0.48137141392835475,-0.48137141392835475,0.9999968608012392,0.0016222162126711
-0.4812163854350729,-0.4812163854350729,1.0007557362585147,0.0015690350641318987
-0.4810577883008591,-0.4810577883008591,0.9987169352227843,0.0017092966468533993
-0.4809413764329292,-0.4809413764329292,0.9977186806920149,0.0021307346696385248
-0.48083547555452244,-0.48083547555452244,0.9982579734892972,0.0020610341929040866
-0.48068230581448007,-0.48068230581448007,0.9994901737711788,0.001585567814372748
-0.4806133545522243,-0.4806133545522243,0.9980017036057707,0.0016730375402586504
-0.48045245451648955,-0.48045245451648955,0.9976415362195243,0.0019883514208168663
-0.4803002549633675,-0.4803002549633675,0.9996353349159687,0.0020016528147581434
-0.4801998146736878,-0.4801998146736878,1.0000568985741913,0.0022518154487834005
-0.4800799037629986,-0.4800799037629986,0.9996566628306788,0.0021623702965043773
-0.47994913203820033,-0.47994913203820033,0.9998942845450822,0.0026584505883118633
-0.4798592454821119,-0.4798592454821119,0.9986255535869247,0.0026814798395468917
-0.4797725701515446,-0.4797725701515446,1.0005072521872147,0.0015495824147288531
-0.47963761477185474,-0.47963761477185474,1.0001907278288245,0.0015776894358841317
-0.47950005966158643,-0.47950005966158643,1.0002891479467588,0.0017082174389357924
-0.479345692348943,-0.479345692348943,0.9987579739427812,0.001538858605839727
-0.47927425033249166,-0.47927425033249166,1.000279643358731,0.001570334846803795
-0.4791495226590996,-0.4791495226590996,0.9980321442147474,0.002336879891954945
-0.4790017165030804,-0.4790017165030804,1.0024121790935339,0.0016489140402281368
-0.47890999978517357,-0.47890999978517357,1.0000307730406348,0.0022778970364076695
-0.47876381004862195,-0.47876381004862195,1.0007735983412167,0.0016790341661600088
-0.47863935194345686,-0.47863935194345686,0.9998100890977032,0.002332225652785467
-0.47849356067836196,-0.47849356067836196,1.0005425407050124,0.0031144778293931033
-0.47834725716711546,-0.47834725716711546,1.0007923077327951,0.0026785663940521367
-0.4782775250636405,-0.4782775250636405,1.0010553085910059,0.0016554323299970528
-0.478196759506136,-0.478196759506136,1.0002091550007708,0.0015102172675715247
-0.4779630192329932,-0.4779630192329932,1.0006381885982352,0.0017235316948521339
-0.477823690621517,-0.477823690621517,0.9999992499914393,0.002143457621250592
-0.47770296461512773,-0.47770296461512773,0.9979141885961365,0.0023888085710611394
-0.47756866146573884,-0.47756866146573884,1.0007959665998467,0.0015879144306749804
-0.47750766053522964,-0.47750766053522964,1.0009449150105243,0.0016308920489284235
-0.47738803234897204,-0.47738803234897204,0.9994180634950272,0.0020117418917638174
-0.4772570546752831,-0.4772570546752831,0.9973491095437858,0.0015290917252179816
-0.4771431751840282,-0.4771431751840282,1.0003445673459137,0.00223234631055969
-0.47703937346286696,-0.47703937346286696,1.000971762367542,0.0022566400107611215
-0.47688742853624716,-0.47688742853624716,0.9994646105577898,0.0021984526730210387
-0.47679726525584554,-0.47679726525584554,1.0006519788331407,0.0030775419024761173
-0.4766780024043328,-0.4766780024043328,0.9999729649064321,0.001612980677910616
-0.47656324127856353,-0.47656324127856353,0.998852633404724,0.0028076046361982707
-0.4764600850365241,-0.4764600850365241,0.9996547555571966,0.001773806253005159
-0.47631476682690843,-0.47631476682690843,0.997857830963228,0.0016181484057019757
-0.4762131220411902,-0.4762131220411902,0.9999894920856314,0.0019833622168553017
-0.47616929280939074,-0.47616929280939074,0.9994914570155757,0.0014544589697958966
-0.4760427400355184,-0.4760427400355184,1.0017737686189865,0.0023300693275698924
-0.4759425155518329,-0.4759425155518329,0.9980560983107919,0.001998306656031814
-0.47585123950248087,-0.47585123950248087,1.002219356561246,0.0019684406069636297
-0.475683906116501,-0.475683906116501,0.9995353977661747,0.0019851707459925738
-0.47556722224489933,-0.47556722224489933,0.9996149375982206,0.0022163085589194135
-0.47544347001603454,-0.47544347001603454,1.0015550950234864,0.0027254713292302257
-0.475291873695096,-0.475291873695096,1.0017535152876147,0.0027729501409267184
-0.47517647465683693,-0.47517647465683693,1.0009970954882639,0.001530786269659484
-0.4750700372904248,-0.4750700372904248,1.0011451137331302,0.0015066563639330197
-0.47493703039490354,-0.47493703039490354,0.9992515340253278,0.002023855714149657
-0.47479049712692356,-0.47479049712692356,0.9995894722776884,0.0016278220081851625
-0.4747107054077787,-0.4747107054077787,0.9994657123280852,0.0019697128109806327
-0.4745402998154532,-0.4745402998154532,0.9987999264643846,0.001978594461596931
-0.4744478965414601,-0.4744478965414601,1.0018067746634967,0.0015430748804796395
-0.4743596714512023,-0.4743596714512023,1.0004140814912836,0.001802361999344268
-0.4742490374974295,-0.4742490374974295,0.9999202330276737,0.0019922674838372596
-0.47415694722640184,-0.47415694722640184,1.00064236623968,0.0013533613275049914
-0.47402390923034543,-0.47402390923034543,0.9994617229614733,0.0027307757614412655
-0.47391771715865616,-0.47391771715865616,0.9982114078036457,0.002780554796232632
-0.47378015108770344,-0.47378015108770344,1.00124297905721,0.0022214960698535005
-0.4737054309491214,-0.4737054309491214,0.9992875754221885,0.0024882265332534467
-0.47356270447835414,-0.47356270447835414,1.0013596017588455,0.001534372527188905
-0.47343828808043326,-0.47343828808043326,0.9974466080673613,0.0016787619253959558
-0.4733308902516001,-0.4733308902516001,0.9985993042741006,0.0018520865357065277
-0.4731439944183876,-0.4731439944183876,0.9995881803460807,0.0015791816234876081
-0.473066433151871,-0.473066433151871,1.0001390301777522,0.0014718213108130382
-0.47299355067789295,-0.47299355067789295,0.9980175599532309,0.002610399048064772
-0.4728794461552752,-0.4728794461552752,1.0003048676249329,0.0026987194195950185
-0.4727147620589676,-0.4727147620589676,1.0023168800020608,0.00235220609701876
-0.47259934051926394,-0.47259934051926394,0.9978331458023255,0.0023320748777654497
-0.4724976818750292,-0.4724976818750292,1.0005897840125804,0.0014862832211897225
-0.47232459768856644,-0.47232459768856644,0.9993793090329547,0.003124542274103943
-0.47220402225993896,-0.47220402225993896,1.0018373177528503,0.0021999768964766258
-0.47211005601511713,-0.47211005601511713,0.9973652944480653,0.002164384555851357
-0.4719931630286737,-0.4719931630286737,0.998696449807011,0.0015077878798836777
-0.47188835373381155,-0.47188835373381155,1.0002814526596828,0.0014374367875086404
-0.47180170886276757,-0.47180170886276757,0.9985106248458427,0.001425822834158778
-0.47164106042782805,-0.47164106042782805,1.0007464818968654,0.002012695638667649
-0.47147263257829763,-0.47147263257829763,0.9987016535329157,0.0022719994467519486
-0.4713660399464061,-0.4713660399464061,0.9999647480708477,0.0017151553335528614
-0.47131709735003824,-0.47131709735003824,0.9994199550338626,0.0020425752065223964
-0.4712218184575249,-0.4712218184575249,0.9982367555711905,0.001629393749803676
-0.4711153544334593,-0.4711153544334593,0.9988293829628786,0.002282120938426618
-0.47101989090588176,-0.47101989090588176,1.0001843502659298,0.0015425930512946383
-0.47087885475011715,-0.47087885475011715,0.9996204015570003,0.0032282287631134215
-0.4707077976128858,-0.4707077976128858,1.0003343888322218,0.0021871475759088414
-0.47053058009641974,-0.47053058009641974,0.9979707434179733,0.002224981889158745
-0.47042847371885727,-0.47042847371885727,0.9986542933781161,0.0015523006421444383
-0.4703262727422043,-0.4703262727422043,0.9984638073257841,0.0016301227951393126
-0.47019611468658695,-0.47019611468658695,0.997321673591733,0.002239562906325176
-0.47000199292797334,-0.47000199292797334,1.0024162602469464,0.0016864841611503052
-0.4698837323116095,-0.4698837323116095,1.0010953993862772,0.0021432627195156193
-0.4697299911194932,-0.4697299911194932,1.0016047216827642,0.002396193557306714
-0.46961376495619334,-0.46961376495619334,1.0007411133572965,0.0019726724708056
-0.46950672740222216,-0.46950672740222216,0.999976721575458,0.002361907742774275
-0.46941237710943823,-0.46941237710943823,0.9996050615423517,0.0016210869043445976
-0.46927078065273237,-0.46927078065273237,1.0002751628919213,0.0022518189933158914
-0.4690985176426693,-0.4690985176426693,1.0006118775960025,0.0026932862735969095
-0.46899849945239114,-0.46899849945239114,0.9990531046974572,0.0014963198683903749
-0.46885989687361873,-0.46885989687361873,0.9994509178247929,0.0015749189740161464
-0.4687445900095554,-0.4687445900095554,1.0018648277266688,0.0014736527830895435
-0.46848098029113316,-0.46848098029113316,0.9978608346845539,0.0020492659091374257
-0.46831887969910896,-0.46831887969910896,1.0001116866461908,0.0023192034510765075
-0.46822462381078367,-0.46822462381078367,0.9992068438624824,0.0016706969365720633
-0.46810992814807834,-0.46810992814807834,1.0002190848266346,0.001584653736285095
-0.46799831701591754,-0.46799831701591754,1.0006442991482074,0.0023197419030869778
-0.4678183795826044,-0.4678183795826044,1.000502363580445,0.0022322007905487395
-0.4677711188534886,-0.4677711188534886,1.0005504780295484,0.0027178304554840048
-0.4676545544747569,-0.4676545544747569,1.0005573708908284,0.00215971737420305
-0.4675311717417571,-0.4675311717417571,1.0000309441844968,0.0021602969069641404
-0.467413420610319,-0.467413420610319,1.0005888943735606,0.0016863768717816584
-0.4672997199588281,-0.4672997199588281,1.000522875573763,0.0015571126686177487
-0.4671887035421605,-0.4671887035421605,1.000929742131272,0.0015607682422073288
-0.46706572300990956,-0.46706572300990956,0.9985801387099034,0.0022599193412463376
-0.46683438959571505,-0.46683438959571505,0.9981158884062202,0.0017917494961821527
-0.46661186054097925,-0.46661186054097925,0.9996772955776612,0.002001536291994662
-0.4665004115719057,-0.4665004115719057,1.0004742296900049,0.00205047894077758
-0.46640405350990477,-0.46640405350990477,1.0008474662013715,0.002392019556212295
-0.46627748860937573,-0.46627748860937573,0.9993372934553884,0.0015751813484505082
-0.46613926386435195,-0.46613926386435195,0.9993164109520902,0.0027269158905600466
-0.4660230686296927,-0.4660230686296927,1.0006263479132904,0.001520284420956364
-0.46593222003957635,-0.46593222003957635,0.9997453596573742,0.0021300862049747214
-0.46579350375050127,-0.46579350375050127,1.0017465294402021,0.001641267880038305
-0.46565501056902575,-0.46565501056902575,1.0000390304613518,0.0014781762848209681
-0.4655401306858039,-0.4655401306858039,0.9991921679883738,0.0015890679908896715
-0.46531403388980835,-0.46531403388980835,1.0005034776881563,0.0025870142255126267
-0.4651770459446197,-0.4651770459446197,0.9998351013979558,0.00163390222734002
-0.46507071002379236,-0.46507071002379236,0.9993787743146918,0.0014948328046554137
-0.4649522019419237,-0.4649522019419237,0.9997543534338724,0.0019927509839912307
-0.46481907710058296,-0.46481907710058296,1.000918214645854,0.002325590178602492
-0.46466566534891174,-0.46466566534891174,1.0006119255070025,0.0027044688837246497
-0.4645877305718386,-0.4645877305718386,1.0005213458249413,0.002390431826307394
-0.46450433364771015,-0.46450433364771015,0.9977288330922665,0.002189311670806964
-0.464373319074366,-0.464373319074366,1.000185360981367,0.001564396658022342
-0.46423079311971377,-0.46423079311971377,0.9991599023604048,0.002914131599207911
-0.4641098154763313,-0.4641098154763313,0.9995551289213609,0.0016594309631983897
-0.46388920292974944,-0.46388920292974944,0.997460478421111,0.002218217222879043
-0.4637122879370509,-0.4637122879370509,0.9996995910836297,0.0019994285051824425
-0.46358165478613955,-0.46358165478613955,0.998409809513318,0.002191708042500885
-0.4634143445347945,-0.4634143445347945,0.9992369299514132,0.0022833196976193063
-0.46325301079232306,-0.46325301079232306,1.0014908814070085,0.0022285519297405936
-0.46309853474194823,-0.46309853474194823,0.999128603541265,0.001575522518221469
-0.46296190712455426,-0.46296190712455426,1.0011610917373988,0.002186442834768065
-0.46283782733971746,-0.46283782733971746,0.9995620582624891,0.0022177984012390324
-0.462681852872629,-0.462681852872629,1.0000094028807656,0.0016197352926933992
-0.4625580644053116,-0.4625580644053116,1.0001249238774927,0.001651326582891792
-0.46249343079452954,-0.46249343079452954,1.000049875537022,0.00150251173229166
-0.4623568109231201,-0.4623568109231201,1.001064106737159,0.0016322102005800136
-0.4622375492963329,-0.4622375492963329,0.9995876912139533,0.0018905714176909532
-0.46207793843168476,-0.46207793843168476,0.9992758625145808,0.0020193413955830906
-0.4619462591921547,-0.4619462591921547,0.999104630853903,0.0022780442455578353
-0.46181327464073546,-0.46181327464073546,0.9996390326695522,0.0020907769010365014
-0.4616352742177696,-0.4616352742177696,0.9996809082893241,0.002662839307300181
-0.46152664966793966,-0.46152664966793966,1.000245672378546,0.002705946449591169
-0.46140447943471374,-0.46140447943471374,0.9988302194469547,0.0027341590570728715
-0.461300119088628,-0.461300119088628,1.000217358980175,0.0015625332484582109
-0.46118187519496134,-0.46118187519496134,0.9994065243485801,0.0015567161613148012
-0.46101830821553447,-0.46101830821553447,1.0009668130181963,0.0016378514544517799
-0.4608874153151191,-0.4608874153151191,1.001110719716723,0.0016789755844272944
-0.46077571644054843,-0.46077571644054843,0.9985120058498136,0.0022001020328218704
-0.4606482557934214,-0.4606482557934214,1.0003889573472022,0.0020285244023481304
-0.460555665514039,-0.460555665514039,1.0010126687730623,0.0016628521557273336
-0.4603866145238499,-0.4603866145238499,0.998234025127104,0.002047813287669404
-0.46019492325012834,-0.46019492325012834,1.0021593474726747,0.002080014715010578
-0.4600405028306341,-0.4600405028306341,0.9999316213818515,0.002149553470881256
-0.45986919852675784,-0.45986919852675784,1.0013743145524967,0.002650305991338083
-0.4597674382715923,-0.4597674382715923,1.002984109909835,0.0027167609790532026
-0.45967306838520017,-0.45967306838520017,1.0006308086485078,0.0016184392171146602
-0.4595710407837032,-0.4595710407837032,0.9994693557394493,0.001531406866018679
-0.4594759270094073,-0.4594759270094073,1.00179522304044,0.0016428877360756054
-0.4593937679310329,-0.4593937679310329,0.9992486633970934,0.001547056889726407
-0.45930269823329584,-0.45930269823329584,1.0008232696487216,0.0014099612224125302
-0.4591951989961672,-0.4591951989961672,0.9996155087573435,0.0017766047670920888
-0.45904382465832894,-0.45904382465832894,0.9996210822816904,0.001912104533458199
-0.45890388954721856,-0.45890388954721856,1.0014724640560568,0.001962075659752505
-0.4587414457579143,-0.4587414457579143,0.9996097307569322,0.002021291965151151
-0.4586572450305539,-0.4586572450305539,1.0009052249977632,0.0021384270590117157
-0.4584620531579276,-0.4584620531579276,1.0020659497482496,0.0031013386188521058
-0.45831806328333186,-0.45831806328333186,1.0016428702336169,0.0030873022342235825
-0.45821634830463154,-0.45821634830463154,1.0003707497418852,0.0016341864598846203
-0.4581015993910114,-0.4581015993910114,0.9989126482542513,0.0015719725940003802
-0.4579296926145616,-0.4579296926145616,1.0000583348667862,0.001587263710421533
-0.4577955862319868,-0.4577955862319868,1.000905226027135,0.00178627865286275
-0.457707326464697,-0.457707326464697,1.0000371410878788,0.0021467586151648066
-0.4575391192911411,-0.4575391192911411,0.9982015024295172,0.0018950161049446595
-0.457432707656335,-0.457432707656335,0.9998376940173703,0.0017763789783277692
-0.45725879899091526,-0.45725879899091526,1.0022992093592689,0.0019666684491076655
-0.45708432320370773,-0.45708432320370773,0.9982175018526659,0.0020544282741743734
-0.456999913485015,-0.456999913485015,1.000919079385568,0.0022147013492422223
-0.4568327789280374,-0.4568327789280374,0.9983286034415922,0.0026708731410838822
-0.4567353609998463,-0.4567353609998463,1.0012541097453416,0.002648500811598926
-0.45663465974848805,-0.45663465974848805,0.9993778554359768,0.0022501402534088363
-0.4565040389665228,-0.4565040389665228,1.0021517762350163,0.0020246357840166722
-0.45638695462803297,-0.45638695462803297,0.9988357502538395,0.001713149192117487
-0.4562052926496108,-0.4562052926496108,1.0012195465023273,0.00147605386435952
-0.45612294430502515,-0.45612294430502515,0.9982971722526583,0.0016925639604880363
-0.4559924228415184,-0.4559924228415184,0.9994339254135001,0.0019835625587774444
-0.4558446478065889,-0.4558446478065889,1.0008175534153156,0.0020377543135208943
-0.45576121058784336,-0.45576121058784336,0.999003196316458,0.0019571045588509094
-0.45558950048944097,-0.45558950048944097,1.0006395466118456,0.002084319046046341
-0.45548949527965304,-0.45548949527965304,1.0007283851581719,0.0023004953977142934
-0.4553602031002811,-0.4553602031002811,0.9994025348524952,0.002686576267122832
-0.4552144605706417,-0.4552144605706417,0.9996935054934928,0.003079865799386603
-0.4551133824090357,-0.4551133824090357,0.9989887522892401,0.0016023657376306212
-0.45504941283525113,-0.45504941283525113,0.9988430370742434,0.0014918131071900642
-0.4549125344499771,-0.4549125344499771,0.9997590666202866,0.0016089059135235059
-0.45471397336041264,-0.45471397336041264,1.0003118905167394,0.001729100259422123
-0.4546143523015417,-0.4546143523015417,1.0014814344969332,0.0024012998179457406
-0.45445858621042134,-0.45445858621042134,0.9994398243772998,0.0021324764312347583
-0.45436518376263846,-0.45436518376263846,1.000565567118742,0.0014627772217837274
-0.4542857751544943,-0.4542857751544943,1.001001394283109,0.0017184830483393022
-0.4541458366626102,-0.4541458366626102,1.0015756699505998,0.0019157628974427864
-0.4540029951507677,-0.4540029951507677,0.9998071006221485,0.0016564200858684881
-0.45389783441823967,-0.45389783441823967,0.9992374891655411,0.002256837406379916
-0.45375823928989123,-0.45375823928989123,0.9990365374240746,0.0022127357183787245
-0.45365264747524636,-0.45365264747524636,1.0009334178631577,0.0030504395963707434
-0.45355739120059296,-0.45355739120059296,0.9984493265347529,0.0022196832585841407
-0.4534569896512039,-0.4534569896512039,1.0005399057572109,0.0027742592274072647
-0.45332934940015546,-0.45332934940015546,1.0019339107025917,0.0016781210503717316
-0.45322001791209915,-0.45322001791209915,1.0009584575664607,0.0016242655476226004
-0.4530847673773678,-0.4530847673773678,1.0008615230529965,0.0017316413014935813
-0.4530224303043724,-0.4530224303043724,0.9983173698650276,0.0019069853826409542
-0.4529354269739997,-0.4529354269739997,1.0002423171182926,0.002012004337551463
-0.4528167971611765,-0.4528167971611765,1.0013485566394968,0.00227335128797789
-0.4527201807663005,-0.4527201807663005,1.0002544575778927,0.001565342572031212
-0.4526373949838671,-0.4526373949838671,1.0004953395380727,0.001970798766596831
-0.45248132640208494,-0.45248132640208494,0.9998415167002849,0.001967269424318051
-0.4523940559531184,-0.4523940559531184,0.9993711863173562,0.0016157746914879259
-0.4522837438753413,-0.4522837438753413,1.0017917275396169,0.003115827334271558
-0.45216912903670164,-0.45216912903670164,0.9996741992088888,0.0027082491925578805
-0.45201433688926046,-0.45201433688926046,0.9990714530641412,0.0015333570635918496
-0.4519093601455097,-0.4519093601455097,0.9997877577793017,0.001515147103868999
-0.4517820254923208,-0.4517820254923208,0.9968781091467974,0.002032477591710061
-0.4516279152921925,-0.4516279152921925,0.9997212680648218,0.0015819993815857018
-0.45154259652354084,-0.45154259652354084,1.001311143932145,0.0020511765967751883
-0.451413028719071,-0.451413028719071,0.9979517941090137,0.00198935651278294
-0.45130185186244487,-0.45130185186244487,1.0025475479556178,0.0016085602129691408
-0.4512153685467638,-0.4512153685467638,1.000896723343779,0.0016006447994473098
-0.45111122351154337,-0.45111122351154337,0.9994937918667522,0.0017130051315152547
-0.45099700646933344,-0.45099700646933344,1.0008224966872707,0.0018644868406029833
-0.4508954053721027,-0.4508954053721027,0.9999002332656384,0.0015627472203217218
-0.4507819995993486,-0.4507819995993486,0.9987044493833389,0.0035327671690565236
-0.45063416106295334,-0.45063416106295334,1.000427604054337,0.0015847645536509816
-0.4504939245094647,-0.4504939245094647,0.9984268250541227,0.0026479860614774245
-0.4503577552604838,-0.4503577552604838,0.999949824960531,0.0015910575031414897
-0.4502326877629457,-0.4502326877629457,0.9990628382898956,0.001678451474853147
-0.4501297295642871,-0.4501297295642871,0.995841595181967,0.0018595002948813978
-0.44996857403730245,-0.44996857403730245,0.9991658062266204,0.001604460740273481
-0.4498875522729577,-0.4498875522729577,1.0009141467234095,0.0014406033797604335
-0.44981011537111043,-0.44981011537111043,1.0006998584835851,0.0026386961347866526
-0.4496958042062033,-0.4496958042062033,1.00022017872992,0.0026979531071246103
-0.4495312246870526,-0.4495312246870526,1.0003007209871104,0.0023541284677158414
-0.4494157174769498,-0.4494157174769498,0.999796621928021,0.00233079880991273
-0.4493144353516982,-0.4493144353516982,1.0009548658942609,0.0014846351530203039
-0.44915892392127715,-0.44915892392127715,1.0020967040112654,0.003109295952965803
-0.4490217903648954,-0.4490217903648954,0.9988389483060598,0.002219990973398818
-0.4489266394453807,-0.4489266394453807,1.0023946304162077,0.0021619726056909907
-0.44876959985449505,-0.44876959985449505,1.00001270437351,0.0015570259114487542
-0.4486850267545378,-0.4486850267545378,1.0022158168409614,0.0014682367151437324
-0.4485509605960033,-0.4485509605960033,1.0015312440063469,0.001407307840025687
-0.44839656634758285,-0.44839656634758285,0.9974632907333228,0.002434785647101068
-0.4482632337718314,-0.4482632337718314,0.9996441269772915,0.0019074780527446652
-0.44817283951633724,-0.44817283951633724,0.9996996864633481,0.002176413446672682
-0.44810128227672974,-0.44810128227672974,1.0015519879242691,0.0016029015090637867
-0.4479867531856144,-0.4479867531856144,0.9984876186791674,0.0020291805491818235
-0.4479110885135015,-0.4479110885135015,1.0015378849414573,0.0018674568581235691
-0.4477618020988302,-0.4477618020988302,0.998882780349619,0.002690477525575954
-0.4475993560967254,-0.4475993560967254,0.9998862121411923,0.00237922608513405
-0.44740978992667807,-0.44740978992667807,0.9995005388407685,0.0026942503703630597
-0.4472988083311066,-0.4472988083311066,0.9992671617175157,0.001552275934765993
-0.44717766377616497,-0.44717766377616497,1.000285512264337,0.0015594632271155632
-0.44711371000939837,-0.44711371000939837,0.9996323982303338,0.0018943490071799077
-0.4469291771747521,-0.4469291771747521,0.9996497052210236,0.0024255757491151975
-0.4467905020950639,-0.4467905020950639,0.9979096800260138,0.001589652668816207
-0.4466742159378555,-0.4466742159378555,0.9983036253467672,0.0025063507396699543
-0.44651368726063084,-0.44651368726063084,0.9974402023493386,0.0020192329928980885
-0.4463903729616504,-0.4463903729616504,1.0006611774757534,0.0022859644857659914
-0.44629563697162666,-0.44629563697162666,1.0007731692371968,0.0020386274653454864
-0.44617997956156613,-0.44617997956156613,0.9992107519675717,0.0015490860416171302
-0.44605935135332403,-0.44605935135332403,1.001207517713134,0.002730588627977543
-0.445904201743906,-0.445904201743906,1.0015599599843912,0.0021982903489266227
-0.4458151932461988,-0.4458151932461988,1.0011636910696098,0.0014969669978957502
-0.4456764659973487,-0.4456764659973487,1.0002250218289048,0.001574122113498218
-0.44556119803728506,-0.44556119803728506,1.0002017722077028,0.0014738718998019355
-0.44527607762720434,-0.44527607762720434,0.998967616623782,0.0026589329936603694
-0.4450810393069332,-0.4450810393069332,1.0019892854261758,0.001675024381372184
-0.44500573834575335,-0.44500573834575335,1.000528809673637,0.001565308512836428
-0.4448746003145061,-0.4448746003145061,0.9995526624793449,0.002033540974395507
-0.4447306267084059,-0.4447306267084059,0.9979392271470455,0.001960337215323306
-0.4446170731613165,-0.4446170731613165,1.0010699122309212,0.0027085111861463104
-0.44452717144849885,-0.44452717144849885,0.9998185847758562,0.0026745451575019945
-0.4443971513343058,-0.4443971513343058,0.9970596374166778,0.0022032609369101895
-0.44426840700143655,-0.44426840700143655,0.9999534113895205,0.0015842218895383488
-0.44416728352425705,-0.44416728352425705,0.999907926501522,0.0015404786445044694
-0.44404174109313316,-0.44404174109313316,0.9978915596141743,0.0016574793664697264
-0.44392309806389674,-0.44392309806389674,0.9996525334648438,0.002162539627324537
-0.4436873442375145,-0.4436873442375145,0.999675185109165,0.0018450204929272445
-0.4434729293863711,-0.4434729293863711,0.9982474882446889,0.0017005413332243642
-0.44334777787607893,-0.44334777787607893,0.9999204048505609,0.002272293536617646
-0.44322331349540034,-0.44322331349540034,0.9983671859899129,0.002389632428770025
-0.4431323883272853,-0.4431323883272853,1.0001931789461824,0.0015741303768613386
-0.4429791207756352,-0.4429791207756352,1.002434250571626,0.002264630357908738
-0.44285446716385196,-0.44285446716385196,0.998052578377376,0.0021652894459468644
-0.4427581748475859,-0.4427581748475859,1.0015622020488428,0.002187142557387163
-0.44261654805486617,-0.44261654805486617,0.9997539210551583,0.0015970239182559517
-0.4424816877224657,-0.4424816877224657,1.0015281392047668,0.0015619890670788496
-0.442433144405004,-0.442433144405004,0.9990049560110881,0.0015754069607250727
-0.4421639089616292,-0.4421639089616292,0.9985781600738122,0.002344003272861013
-0.4420159793431594,-0.4420159793431594,0.9983699940305589,0.0020717594216083436
-0.4419160752413518,-0.4419160752413518,1.001245943940725,0.0014006091559851767
-0.4417836405284106,-0.4417836405284106,0.9993010303067787,0.002008219679627796
-0.44171237115606343,-0.44171237115606343,1.000477264456225,0.002295358665597275
-0.4415126234935087,-0.4415126234935087,1.0017122011703514,0.002228761662356745
-0.4414258130498638,-0.4414258130498638,0.9989485267230224,0.0027838856572326275
-0.4413208767608012,-0.4413208767608012,1.000304250687356,0.0021900288637605467
-0.4411479191327089,-0.4411479191327089,1.0009872876845807,0.0016246818921785218
-0.4409913647268695,-0.4409913647268695,0.9981921341605556,0.00293352105386396
-0.4408385106245987,-0.4408385106245987,1.0006652563775111,0.002069962114862882
-0.4406271542793547,-0.4406271542793547,1.0002518312133977,0.0021327069128328894
-0.4405059162183534,-0.4405059162183534,1.0007615703067807,0.0017222745185153
-0.4403891832942463,-0.4403891832942463,0.9991371008091443,0.0020943950301909736
-0.4402620446011497,-0.4402620446011497,0.999744051141532,0.001863894541531386
-0.440086296328991,-0.440086296328991,0.9988462053989773,0.0020430285044855992
-0.4399520880793716,-0.4399520880793716,1.000163836159763,0.002195782655220831
-0.439804694878876,-0.439804694878876,0.9985987224129846,0.002167866925776927
-0.4396729565074565,-0.4396729565074565,1.0019472272665464,0.0022552260345836887
-0.4395345359838757,-0.4395345359838757,0.9969538843595531,0.0015657136484347818
-0.4393907059016783,-0.4393907059016783,0.9992674433522055,0.0016905231538483494
-0.4392734475044563,-0.4392734475044563,1.0001775247776132,0.001513387149525187
-0.43912065498298036,-0.43912065498298036,1.000092222581293,0.0016457185390635434
-0.43896343940177757,-0.43896343940177757,0.9995528113478447,0.0023334971142446397
-0.4388119929682944,-0.4388119929682944,0.9975628717551199,0.0019012099530133157
-0.4386639153264696,-0.4386639153264696,1.000123104214938,0.0023880697420793923
-0.43852943942765704,-0.43852943942765704,0.9994300100723992,0.0022797745932291633
-0.4383733958855373,-0.4383733958855373,0.9997558535623707,0.00308436352918738
-0.43827836289074185,-0.43827836289074185,0.9999561232405354,0.0022633828102281766
-0.43815623419686744,-0.43815623419686744,1.0000239224262686,0.0022083198326937085
-0.43805655005689914,-0.43805655005689914,1.0002360331168059,0.0016011498471673214
-0.43786937673175996,-0.43786937673175996,0.9999441663488315,0.001660028438364112
-0.43773158023850556,-0.43773158023850556,1.0006410033808704,0.0015921176413830316
-0.4376118447376939,-0.4376118447376939,0.9984401223497901,0.0021979243072026743
-0.4375138362764119,-0.4375138362764119,0.9992121268903125,0.0019765707696702698
-0.43741808790528014,-0.43741808790528014,1.0019124547918246,0.0017061371739952994
-0.43732577281898555,-0.43732577281898555,0.9994784311255541,0.0017768551347117634
-0.43711468066030645,-0.43711468066030645,0.9987621667645931,0.0023079604499477062
-0.4369604386234641,-0.4369604386234641,1.0013601611364673,0.002222636401572994
-0.43678563609482807,-0.43678563609482807,0.9969651180363149,0.0015514625747574148
-0.43664526773864054,-0.43664526773864054,1.0004565983047011,0.0034429929562589715
-0.4365524766004455,-0.4365524766004455,1.0005858071820544,0.001674819287466285
-0.43643720367108474,-0.43643720367108474,1.0017588052102953,0.0014835694242937797
-0.4363308582020181,-0.4363308582020181,0.999659919822817,0.00165395396428425
-0.436259430179598,-0.436259430179598,0.9987847418786318,0.001479887596706205
-0.43615570183501406,-0.43615570183501406,1.0024609598966847,0.0014927488878440128
-0.4360629418943063,-0.4360629418943063,0.9993025619702077,0.0016791513244991951
-0.4359234272116737,-0.4359234272116737,0.9985884116037477,0.00201009431597613
-0.4357429692372534,-0.4357429692372534,0.9993316923735515,0.0015265932960414174
-0.43560629532003076,-0.43560629532003076,0.9997850012045386,0.0019858729233687014
-0.43551063541126495,-0.43551063541126495,1.0005328895048224,0.0019970488786228047
-0.4353937846053668,-0.4353937846053668,0.9982541718345072,0.002638720866648138
-0.43523101609589504,-0.43523101609589504,1.0016431911337667,0.0031104553225302168
-0.43510647813145625,-0.43510647813145625,1.000424412540818,0.0026509128590147457
-0.4350045532732111,-0.4350045532732111,1.0011257410643237,0.0016235032114674593
-0.4348494264721012,-0.4348494264721012,0.9982798610102213,0.0015679977695198632
-0.43469044784978905,-0.43469044784978905,0.9982841288279296,0.001709410370685761
-0.4345742091851207,-0.4345742091851207,1.0001489242133803,0.002130291842945099
-0.4344708299049671,-0.4344708299049671,1.0000035158769236,0.0020633187805213036
-0.4343280002343818,-0.4343280002343818,1.0003023706794694,0.0015522703005396762
-0.43421676076031873,-0.43421676076031873,0.9984293088673677,0.0017773307479936724
-0.4340338402716952,-0.4340338402716952,1.0004042970813753,0.001889397795115997
-0.4339008266593737,-0.4339008266593737,0.9998921015523161,0.002051847974122818
-0.4338164885781225,-0.4338164885781225,0.9985531015782481,0.002210173550803633
-0.4336491463871425,-0.4336491463871425,0.9997497327328787,0.0026648697640308675
-0.4335519145772196,-0.4335519145772196,0.9989867394894629,0.0026481760213037347
-0.43345090810144027,-0.43345090810144027,1.0023129917675704,0.002251403961524338
-0.43329547433113474,-0.43329547433113474,1.000444298622058,0.0015782620618861123
-0.43317136298664993,-0.43317136298664993,0.9995042479945914,0.001643297433190852
-0.4329961773337345,-0.4329961773337345,0.9979058510111433,0.0015401049628775542
-0.43290872958205,-0.43290872958205,0.9990609744580426,0.00181766052785873
-0.4327507010029876,-0.4327507010029876,1.0006479924738583,0.0022615328092047784
-0.43261874048603205,-0.43261874048603205,0.9987367992016596,0.0020577551137958843
-0.4325061534982524,-0.4325061534982524,0.9991613331345806,0.0019989343277301073
-0.43238431414010847,-0.43238431414010847,1.000061634083242,0.001715246683902078
-0.43224610312463485,-0.43224610312463485,1.0013935116298476,0.002229631968937913
-0.4321263320664002,-0.4321263320664002,0.9981147951135793,0.003113149558195304
-0.43198083701099677,-0.43198083701099677,1.0014717521575411,0.002644966349424747
-0.43189320813780796,-0.43189320813780796,1.0010851542131172,0.0015829678093936949
-0.43176119450854455,-0.43176119450854455,0.9997796394485248,0.001643142387859515
-0.4315483799553476,-0.4315483799553476,0.999293161545148,0.001794704271366685
-0.4314307110786103,-0.4314307110786103,1.0001266120705443,0.0023998701046140797
-0.43128576882354536,-0.43128576882354536,0.9996243622433678,0.002046398040192818
-0.43119263073604086,-0.43119263073604086,0.9999511847699747,0.0015905007536045654
-0.4311241276795045,-0.4311241276795045,0.9988102468233395,0.0015977689034467498
-0.4309918939945419,-0.4309918939945419,0.9987154884062521,0.0020278204807431277
-0.43084388332681556,-0.43084388332681556,0.9996617742686823,0.001614890224503264
-0.4307369855019715,-0.4307369855019715,1.002988927842089,0.002262916613434801
-0.4306009817535596,-0.4306009817535596,0.9964585783074977,0.0025687839197514454
-0.43048918637359745,-0.43048918637359745,1.001994433821356,0.002630705667283829
-0.4303742274267279,-0.4303742274267279,0.998570577754534,0.00271773805703236
-0.43027056741921116,-0.43027056741921116,0.9982090648641538,0.002771256481420842
-0.4301458031286529,-0.4301458031286529,1.000230673405062,0.001677451334014766
-0.4300364562897812,-0.4300364562897812,1.0013281254772128,0.0016229826093058987
-0.4299012610839782,-0.4299012610839782,1.00132452164783,0.0017322348100787363
-0.4298391178081147,-0.4298391178081147,1.000287019281549,0.001909334324274804
-0.42975198418134825,-0.42975198418134825,0.997573559313777,0.0020140061374535295
-0.4296535999073967,-0.4296535999073967,0.9991694190456041,0.0022927407176230666
-0.4295505740459703,-0.4295505740459703,0.9994340557105703,0.0015696381624101478
-0.4294753626967577,-0.4294753626967577,0.9994868456017862,0.0019298237350605274
-0.4293168874661205,-0.4293168874661205,0.9994115965420886,0.0019877660412805976
-0.42921523362401787,-0.42921523362401787,1.000008874545839,0.0015913843095163847
-0.42912494959819014,-0.42912494959819014,0.999305633922752,0.0021992522686949192
-0.4290435081853502,-0.4290435081853502,1.0004369843325027,0.003085918437646536
-0.428886316369244,-0.428886316369244,0.9986519759710568,0.0021751756659215706
-0.4287789981024616,-0.4287789981024616,1.000311303890259,0.0015038376163160178
-0.42867615908198786,-0.42867615908198786,0.9969639192591193,0.0020537751566677208
-0.4285148877484971,-0.4285148877484971,1.000124348678924,0.001563518204416661
-0.4283896350860232,-0.4283896350860232,0.9989001031995957,0.0016264703495027927
-0.42828361579995544,-0.42828361579995544,1.0006731521495913,0.0023657475796029317
-0.42813173310114505,-0.42813173310114505,0.9982160087911769,0.001601748722647733
-0.42804406030518294,-0.42804406030518294,0.9990518209141704,0.0016423918470737451
-0.4279277678417202,-0.4279277678417202,0.9996041191502478,0.0017115117300085226
-0.42780717748919417,-0.42780717748919417,1.000391255236272,0.0018561074177234776
-0.42768531581732533,-0.42768531581732533,1.0006122456545987,0.00221544087375079
-0.42759543889314955,-0.42759543889314955,1.0010346767629976,0.003146381045953039
-0.42747982267301265,-0.42747982267301265,0.9992226887996193,0.0015603015063361608
-0.42737962682167563,-0.42737962682167563,1.0017381757006203,0.0026558392919027044
-0.42723743749374987,-0.42723743749374987,0.9994957182813433,0.001665232093589315
-0.4270634968002923,-0.4270634968002923,0.9992570304391281,0.001653996084335588
-0.42692891605984185,-0.42692891605984185,1.0008014671820626,0.0017809332640130343
-0.42675467475073675,-0.42675467475073675,1.0003938729646416,0.0016077116409645193
-0.42668503948716535,-0.42668503948716535,0.9939044529907587,0.0025696837058419865
-0.42661326997586,-0.42661326997586,1.0019482526181185,0.0020496706311720816
-0.42647514131003844,-0.42647514131003844,1.0005462891648353,0.0026920744265972398
-0.42632257665118234,-0.42632257665118234,0.9991382874686128,0.0020188940226074804
-0.42623209445282556,-0.42623209445282556,1.0018496635616014,0.0023329493944413493
-0.42613118865974686,-0.42613118865974686,0.9995769619835924,0.0014841712390958031
-0.4259752130543347,-0.4259752130543347,1.0024406778071169,0.0031103321683477302
-0.42583834853339797,-0.42583834853339797,0.9999072776240018,0.0022167722786458647
-0.425743222917481,-0.425743222917481,0.9995865436455148,0.0021570034196921007
-0.42558615419548007,-0.42558615419548007,1.0003659295752811,0.0015564338168227714
-0.42550174823627457,-0.42550174823627457,0.9983985029464163,0.0014727476138193976
-0.42536775322987525,-0.42536775322987525,0.9994152854550254,0.0014056759305147372
-0.425240117094836,-0.425240117094836,1.0017158707012963,0.0020716514820485416
-0.4251068219053195,-0.4251068219053195,1.0004162331679887,0.002271427680849845
-0.4250126855195049,-0.4250126855195049,1.0008884668766473,0.0017449890110058663
-0.424950159747641,-0.424950159747641,1.0000059366741998,0.00203403550607365
-0.4248551261234752,-0.4248551261234752,0.9996889597073395,0.0016292831258255792
-0.42474839264195907,-0.42474839264195907,0.9992989432996346,0.002278733848054783
-0.4246531072858488,-0.4246531072858488,0.9997422495779134,0.0015434785489312531
-0.42449219982227077,-0.42449219982227077,1.0013364278173646,0.003193913470907833
-0.42431861309269153,-0.42431861309269153,1.0018376529959376,0.002183504911014844
-0.4241632372208187,-0.4241632372208187,1.0000460845023051,0.002226511057088271
-0.42406850002898866,-0.42406850002898866,0.9991078934193934,0.0015901342258251346
-0.4239677799865603,-0.4239677799865603,0.9999129155883452,0.0015782063895253984
-0.42386818849190605,-0.42386818849190605,1.0013497933617412,0.0021919587655614965
-0.4236792425355816,-0.4236792425355816,0.9979458590140007,0.0021484254738495826
-0.42356446884896287,-0.42356446884896287,1.0006133780107709,0.0017216249582551312
-0.4234662877370283,-0.4234662877370283,0.9972551952274189,0.0023567279580452203
-0.42331276022578096,-0.42331276022578096,1.0006684792462575,0.00202223111857792
-0.4232068678102223,-0.4232068678102223,1.001641071727657,0.0022868395923395096
-0.4231120411430311,-0.4231120411430311,1.0008728010996317,0.0020402781013979343
-0.4229750675247487,-0.4229750675247487,0.9998584450870395,0.0016043146981017443
-0.4228360329747375,-0.4228360329747375,1.0012258969841301,0.002767196366939493
-0.4226963948165576,-0.4226963948165576,1.0001187727279732,0.0021459231156455353
-0.4225450252279188,-0.4225450252279188,1.0005948807726075,0.0015976953281027222
-0.4224203047264382,-0.4224203047264382,0.9983855427602837,0.0014807650714896506
-0.42233721069151214,-0.42233721069151214,0.9991674196811321,0.0015221288720627863
-0.4221359900320749,-0.4221359900320749,1.0004974408737237,0.00236270732909982
-0.4219149907974497,-0.4219149907974497,1.0008864658206398,0.0021086422175247495
-0.42182641945528304,-0.42182641945528304,0.9963022454516401,0.0015116883310893714
-0.42175214399430844,-0.42175214399430844,0.9997991936109598,0.0016363654154175952
-0.4216493206373343,-0.4216493206373343,0.9986730690622567,0.0023476405511935637
-0.42147825856718557,-0.42147825856718557,0.9984936722857919,0.002197737666157729
-0.4214077262511637,-0.4214077262511637,0.9989054880422386,0.0027392034831135847
-0.4212863853343151,-0.4212863853343151,0.9992099967951639,0.002143291563120719
-0.42117762673478865,-0.42117762673478865,0.998798640157483,0.0021751696909080246
-0.4210612585915442,-0.4210612585915442,0.9995981363105242,0.0016084719415969868
-0.4209479558829116,-0.4209479558829116,1.0011717809867295,0.0016197674148633007
-0.42082106200359704,-0.42082106200359704,1.0005350167445646,0.0015804422038767705
-0.4206513317423742,-0.4206513317423742,0.9996651903220686,0.0023352100097245184
-0.4204321909317514,-0.4204321909317514,1.0002660058303445,0.0016908683899752805
-0.4202448297493902,-0.4202448297493902,1.0010329377542861,0.002000533467377419
-0.4201108021383334,-0.4201108021383334,1.001209820438707,0.0019526792401465085
-0.42001684511997156,-0.42001684511997156,0.9998847969597676,0.002383976495852012
-0.41987667700359455,-0.41987667700359455,0.998940245292254,0.0022483361757361297
-0.41974735134735963,-0.41974735134735963,0.9997294430674284,0.002191260548001679
-0.4196192730210896,-0.4196192730210896,0.9992655069043433,0.002175546249645902
-0.4194653622869737,-0.4194653622869737,0.9994526565754558,0.0015595452427570999
-0.4193357262560312,-0.4193357262560312,0.9998207943061649,0.0015882580132280597
-0.4192577136693217,-0.4192577136693217,1.0002955099449728,0.0014371362167185828
-0.41912403458245534,-0.41912403458245534,0.9989473627914818,0.0016796065959159602
-0.41891562985001657,-0.41891562985001657,1.0008878772657568,0.0025673445448846184
-0.4187877647327696,-0.4187877647327696,1.0020258993599955,0.0016735643962083285
-0.41867960277759264,-0.41867960277759264,0.9978578727145381,0.0019030626850097473
-0.41856899914619133,-0.41856899914619133,0.997378103743926,0.001991006082857862
-0.418443661755191,-0.418443661755191,0.9979263981138745,0.0019798177704773595
-0.4182987933807453,-0.4182987933807453,1.0006825150891294,0.0027040292515969283
-0.4181992828642251,-0.4181992828642251,1.0010671888352287,0.002264215742627742
-0.41807793640819,-0.41807793640819,0.9978075764582599,0.002225112590023612
-0.41789289754178754,-0.41789289754178754,0.9959633617361595,0.0029341663594884874
-0.4177813727168541,-0.4177813727168541,0.9986773283781742,0.0016331975166886132
-0.41761715241846104,-0.41761715241846104,1.0004932154755533,0.002036596671382997
-0.4174207822592507,-0.4174207822592507,1.0014761700016774,0.002124571551755975
-0.4173145819841011,-0.4173145819841011,1.0004542036815454,0.0017341963194397174
-0.41713511700036177,-0.41713511700036177,0.9994068343288026,0.0020728931542439493
-0.41701376600249207,-0.41701376600249207,1.002057337424937,0.002294433329150387
-0.41686490703468737,-0.41686490703468737,0.9992951256156081,0.0021798273556412483
-0.4167146172578214,-0.4167146172578214,1.0001732427407504,0.0016261585178672488
-0.4165952099958304,-0.4165952099958304,1.0001436298494546,0.002186961531518151
-0.41647063064792744,-0.41647063064792744,1.0014256514344666,0.0022163389112848948
-0.4163148215042384,-0.4163148215042384,0.9992754172382943,0.0016180707663955613
-0.41618531901949607,-0.41618531901949607,0.9997306923729636,0.001620783043065694
-0.416087120254997,-0.416087120254997,0.9977744877615823,0.001540741895185822
-0.41593715976596285,-0.41593715976596285,0.999538399015996,0.001643370475801531
-0.41577989080233235,-0.41577989080233235,0.9992996638510403,0.0023315717312070174
-0.4156285938077417,-0.4156285938077417,0.999580932827544,0.0018985634633323228
-0.4154813993109201,-0.4154813993109201,1.000190598226829,0.0020761362968022613
-0.4153871931708636,-0.4153871931708636,0.998636561266315,0.002562965213571537
-0.41520489678041483,-0.41520489678041483,0.9980702636431241,0.00268210263252027
-0.41512451732814953,-0.41512451732814953,1.000923680390458,0.0022630852837597065
-0.4149882932624678,-0.4149882932624678,1.0019436912700743,0.0026717647734433103
-0.414894575413382,-0.414894575413382,0.9997493840712031,0.001658273007922854
-0.41472513328972127,-0.41472513328972127,1.0007459520777129,0.0016105878566970784
-0.4145725794878672,-0.4145725794878672,0.9979899710086354,0.0016023581239680324
-0.41446706492733937,-0.41446706492733937,0.998025348004394,0.0021287345548454606
-0.41436314818347453,-0.41436314818347453,1.000760871823878,0.0021141881195148337
-0.4142685775323116,-0.4142685775323116,0.9971215155151368,0.0016107107752517484
-0.4141888480338821,-0.4141888480338821,0.9981826069063244,0.0016608436751503158
-0.41401946747555485,-0.41401946747555485,1.0010135204596018,0.0020459469726547453
-0.4138278623757287,-0.4138278623757287,0.999961656962061,0.002074922417615164
-0.41368351801484093,-0.41368351801484093,1.0000172002098429,0.0021924081443463177
-0.4135316742131181,-0.4135316742131181,1.0000350759336523,0.002620106781842915
-0.4134215176800353,-0.4134215176800353,0.9999454378484559,0.002726275451158856
-0.41332845379729405,-0.41332845379729405,0.9990477624061904,0.0015731794197783484
-0.41318812962181256,-0.41318812962181256,1.0016932384731216,0.0015476773006737209
-0.4131030321030266,-0.4131030321030266,0.9999142905899989,0.0015424532070968386
-0.4130140730969288,-0.4130140730969288,0.9994271164640501,0.0015498026077991752
-0.4129123133703615,-0.4129123133703615,1.000314664192106,0.0015390660738339706
-0.4128001301281984,-0.4128001301281984,0.9998835532997188,0.0016473053990452697
-0.41263249696148707,-0.41263249696148707,0.9980810199835798,0.0019534216199681488
-0.41247824154470436,-0.41247824154470436,0.9981209716025343,0.001973101430842666
-0.4123320026767033,-0.4123320026767033,1.0002093766508349,0.002064655599146094
-0.41227402288132,-0.41227402288132,1.0010998328717182,0.0020959244013555732
-0.4120946617653317,-0.4120946617653317,0.9994062363657186,0.0031004329262046804
-0.4119509075715541,-0.4119509075715541,0.9999530241257564,0.0030852418530998623
-0.41186489099600293,-0.41186489099600293,0.9989634002418413,0.0016583062822323289
-0.41173911768073596,-0.41173911768073596,0.9992147297896665,0.0016213326063903842
-0.41156257481070496,-0.41156257481070496,1.0004773809927177,0.0015855579904778285
-0.41140584931908963,-0.41140584931908963,1.0016420686785796,0.0018313134156316944
-0.4113184876860032,-0.4113184876860032,1.0002481474574902,0.0024003314026067655
-0.41116000125421126,-0.41116000125421126,0.9993873955374253,0.001435767227081434
-0.4110656786670006,-0.4110656786670006,1.00042535927419,0.0017747799454604733
-0.4108918624582657,-0.4108918624582657,1.0010432659311104,0.001962388557229812
-0.41071732999498634,-0.41071732999498634,0.9998014711028169,0.0020519786097728137
-0.41063306371870567,-0.41063306371870567,1.001884416812816,0.0022107919207630736
-0.41046551384552005,-0.41046551384552005,1.0002899178620817,0.002664718677394571
-0.41036846825845713,-0.41036846825845713,0.9989658272361126,0.002641351034481677
-0.41026715654261353,-0.41026715654261353,0.9984615139931705,0.002256468630907285
-0.41012810357769924,-0.41012810357769924,0.9967894691738056,0.0015261320872248752
-0.4100193394258895,-0.4100193394258895,0.9999907749538476,0.0017100940832556932
-0.4098386550129362,-0.4098386550129362,1.000685930295621,0.0014754585635454345
-0.40974996877685044,-0.40974996877685044,1.000435058768305,0.0017431888740554065
-0.4095988905812192,-0.4095988905812192,0.9998501985464564,0.002338096877302581
-0.40945150658917556,-0.40945150658917556,1.0009358354774924,0.001647583317559366
-0.4093594147301701,-0.4093594147301701,1.00080415501203,0.002278078495592621
-0.40921359900148674,-0.40921359900148674,0.9997836193150602,0.0016762825329022612
-0.4090897145630151,-0.4090897145630151,0.9992853234437706,0.0023017178447487427
-0.4089681357419977,-0.4089681357419977,1.000736824479972,0.0027187958249718387
-0.40882198806903036,-0.40882198806903036,0.9995191106098467,0.003071509966539266
-0.4087280695404843,-0.4087280695404843,0.9996508977259279,0.001596802049405219
-0.40862686640302853,-0.40862686640302853,1.002136633497112,0.0015677464439930043
-0.4084431969720754,-0.4084431969720754,0.997970219925034,0.0016873263192216683
-0.40828637098711623,-0.40828637098711623,0.9993945918487264,0.0018232015052161374
-0.4081713945564843,-0.4081713945564843,1.0016109095453627,0.002689682530426427
-0.4080312458174376,-0.4080312458174376,1.0010460887756578,0.001553515519511821
-0.4079574880794098,-0.4079574880794098,1.0010853206710184,0.0016279644619483324
-0.4078459063930495,-0.4078459063930495,0.9966713040543393,0.0015489227187811204
-0.40774027783063505,-0.40774027783063505,0.9985378897217817,0.0018917382892319739
-0.4076110596057333,-0.4076110596057333,1.0008722989899888,0.0017266831398222778
-0.40750961844678385,-0.40750961844678385,0.9977453580843608,0.0027101454671943095
-0.4073582776622061,-0.4073582776622061,1.0013715471717186,0.00256603296347908
-0.4072697069403148,-0.4072697069403148,1.0009848142883984,0.0030558537288065306
-0.40714044433061647,-0.40714044433061647,0.998076759317048,0.0016617503920107247
-0.4070126205071574,-0.4070126205071574,1.0007571243136846,0.002789527576030094
-0.4069091067447516,-0.4069091067447516,0.9997804222880644,0.0017680872972518392
-0.40676458425550666,-0.40676458425550666,0.998473842031131,0.001614103098276939
-0.40666286087816844,-0.40666286087816844,0.9989294562012505,0.0019795471176004232
-0.4066195835372127,-0.4066195835372127,0.9994132837802638,0.0014540103187843764
-0.4064987700263373,-0.4064987700263373,1.0005325169127803,0.0023555417794917117
-0.4064100766572665,-0.4064100766572665,0.9990094890523901,0.001897562019249889
-0.40632609255644636,-0.40632609255644636,0.99707838023047,0.0020555948118192173
-0.40620105484504165,-0.40620105484504165,1.0006782357163424,0.0019700420955069574
-0.40606874335881005,-0.40606874335881005,0.9995846217530293,0.0015933704898270947
-0.40594146983130486,-0.40594146983130486,1.000717483142234,0.002198539966171641
-0.40583821328727937,-0.40583821328727937,0.99954189451107,0.0031241559453650974
-0.40567168163033784,-0.40567168163033784,1.0005684343298282,0.0021693814756112355
-0.40558277260261094,-0.40558277260261094,0.9980649185891359,0.0019667079739548758
-0.4054657823331581,-0.4054657823331581,0.9991463987486962,0.0020629736633629367
-0.4052960137531045,-0.4052960137531045,0.9985589066227988,0.0015239810260333731
-0.4052062195369217,-0.4052062195369217,0.9993587988196213,0.001625267990052967
-0.40510004040625064,-0.40510004040625064,0.9992775780312378,0.0023664665528239856
-0.40494832311542267,-0.40494832311542267,0.999125233863429,0.0016007603143986832
-0.4048606357238896,-0.4048606357238896,0.9984252433634669,0.0016447589807765475
-0.4047443121713513,-0.4047443121713513,0.9999201672005054,0.001710735135110674
-0.40462380853277863,-0.40462380853277863,1.0007770230798045,0.0018553669816736835
-0.4045017982525678,-0.4045017982525678,0.9980863305450006,0.0022113192951219544
-0.40439729997087853,-0.40439729997087853,1.0012809005542949,0.0031607668912756693
-0.40425425244357027,-0.40425425244357027,0.9982505281025282,0.0015869744204223834
-0.4041629281755377,-0.4041629281755377,1.0004548298130167,0.002682055240177391
-0.40401022155110694,-0.40401022155110694,1.0005156565452662,0.0015907761432779615
-0.4038569472177187,-0.4038569472177187,1.0004860105763604,0.0016504425828744456
-0.4037315559209674,-0.4037315559209674,0.9989283056370766,0.001713024723648984
-0.40357130140782826,-0.40357130140782826,0.9992151959648703,0.0016087643365096777
-0.4035018085021875,-0.4035018085021875,0.9962985087533655,0.002596780585903987
-0.40342975126386593,-0.40342975126386593,0.9998640760453383,0.0020422599941781845
-0.403291505501511,-0.403291505501511,0.9986056403958065,0.002694985512438259
-0.4031391399988934,-0.4031391399988934,0.998990997923768,0.002014297069485858
-0.4030484714117847,-0.4030484714117847,0.9988760534743664,0.0023361669622873346
-0.4029479417737093,-0.4029479417737093,0.9991612414968317,0.0014847786113177956
-0.4027915023529204,-0.4027915023529204,0.9975735339177827,0.003106799845198972
-0.40265490682359084,-0.40265490682359084,0.9992115915093454,0.0022098459597413044
-0.4025441327074077,-0.4025441327074077,1.001169594876521,0.0021758988751275736
-0.40242235375881136,-0.40242235375881136,0.9992161593605291,0.0015915609616832908
-0.4023279547698621,-0.4023279547698621,0.9997798035640848,0.0014561204571914188
-0.4022471619122371,-0.4022471619122371,0.998317864414822,0.0014203699218346105
-0.4020906131836455,-0.4020906131836455,1.0005227321942738,0.002012798018243555
-0.4019467007470666,-0.4019467007470666,1.0017002781809066,0.0023183010199252186
-0.40182240985577666,-0.40182240985577666,0.9990421081356198,0.0017445849113563194
-0.4017505430178062,-0.4017505430178062,0.9982914933312665,0.002078228502169952
-0.40164968512854105,-0.40164968512854105,0.9997319276304907,0.0016423462969391504
-0.40155208434061934,-0.40155208434061934,0.9998658221906022,0.002239965675228722
-0.4014322189019367,-0.4014322189019367,1.001440636359745,0.002182165769643692
-0.40127344557331524,-0.40127344557331524,0.9991987199311637,0.002813204183200687
-0.4010751997018815,-0.4010751997018815,1.0000954524223613,0.0026963306408515674
-0.40094393254785243,-0.40094393254785243,1.0014125996412298,0.0015618017739421103
-0.4008586899068177,-0.4008586899068177,0.9998853892267501,0.0015365178971959259
-0.40077587112446056,-0.40077587112446056,1.001158050120178,0.0016298481569249402
-0.4006772563607228,-0.4006772563607228,0.9968124971317387,0.002137472724112132
-0.400497719759187,-0.400497719759187,0.998415497880784,0.002146057147587018
-0.40040057350397545,-0.40040057350397545,0.9980766220618017,0.001586272892671241
-0.40028268993628446,-0.40028268993628446,0.9989602354747898,0.00243085502358529
-0.40015405650501634,-0.40015405650501634,0.9971601908540924,0.001980305119005705
-0.4000506741545905,-0.4000506741545905,0.9995982520692328,0.0019536259473250505
-0.39994070742777693,-0.39994070742777693,0.9994199612360518,0.002349375304723532
-0.3998244679687559,-0.3998244679687559,1.0010714800863472,0.001603176310630404
-0.3996581424378746,-0.3996581424378746,0.9993057298492622,0.0027485417116541117
-0.39951518106354345,-0.39951518106354345,0.9993530353468019,0.002170429981736278
-0.39940479924553074,-0.39940479924553074,0.9974701509466085,0.0015599555953071712
-0.39927843341247354,-0.39927843341247354,0.9990742700783514,0.0015678846029275196
-0.3991914105352407,-0.3991914105352407,0.9996908616442862,0.0013916942648682417
-0.3990307985479376,-0.3990307985479376,0.999676483493787,0.0016436466223727498
-0.39881333314642686,-0.39881333314642686,0.9958659327593817,0.0026432683393446564
-0.3986741053597143,-0.3986741053597143,0.9994740478735398,0.0016705414562665142
-0.3986007458492168,-0.3986007458492168,1.0022145913542375,0.001582286948132471
-0.39848517240297954,-0.39848517240297954,0.9983697625248149,0.0023340153415298106
-0.3983270638573231,-0.3983270638573231,0.9991951683623961,0.0015686412808336276
-0.398240146489843,-0.398240146489843,1.0001586507855764,0.00271392638952305
-0.3981443231316007,-0.3981443231316007,0.999757773296152,0.0023740813438938952
-0.3979621332477109,-0.3979621332477109,1.0015104341105168,0.002178994249618453
-0.3978245793743554,-0.3978245793743554,0.9993267129684458,0.00159073856846935
-0.3976743992341653,-0.3976743992341653,1.000117246986279,0.0016583572220591526
-0.39755575374256297,-0.39755575374256297,1.002093721573969,0.002159225970510271
-0.39732566326056257,-0.39732566326056257,1.0000287152012886,0.0018152369128870503
-0.39715692403879077,-0.39715692403879077,1.0002286609155595,0.0018289669928717254
-0.3969983502991454,-0.3969983502991454,0.999929026972542,0.002263902300880658
-0.3968758604101822,-0.3968758604101822,0.9974842947622473,0.002364179594919231
-0.3967654426360241,-0.3967654426360241,0.9983375867229011,0.0015735574737993912
-0.3966124557837247,-0.3966124557837247,1.00086740084043,0.0022705166263132003
-0.3964768901712887,-0.3964768901712887,0.999728128464915,0.002675100465672272
-0.3963479789550547,-0.3963479789550547,0.999553370260484,0.00147289324989728
-0.3962077754980783,-0.3962077754980783,1.000603782334268,0.0016420187502785965
-0.39608577181115834,-0.39608577181115834,1.0026925110420908,0.0014270677730145473
-0.3960203623377311,-0.3960203623377311,0.9976894730238672,0.0017489795238557107
-0.39576335921155986,-0.39576335921155986,0.9987287997472796,0.002577640748430977
-0.39562667321552,-0.39562667321552,1.0002266420698038,0.00163216721143551
-0.39552062811362704,-0.39552062811362704,1.0004354612759276,0.001494278643161645
-0.3954020965469681,-0.3954020965469681,1.0006399235668364,0.001986241144513275
-0.3953042902072411,-0.3953042902072411,0.9991933566956572,0.002295163436247976
-0.39512836840167437,-0.39512836840167437,1.000040257634648,0.002696080221185945
-0.39502359989619434,-0.39502359989619434,1.000888238417168,0.0022928912041691174
-0.3948942805391198,-0.3948942805391198,0.9990623357450247,0.0022247627257742124
-0.3947256234965607,-0.3947256234965607,0.9979693989264045,0.0015635193116819586
-0.39459919097917007,-0.39459919097917007,0.9953185841440696,0.0029693319169725617
-0.39443355454823176,-0.39443355454823176,0.9991128217242284,0.002052642179185091
-0.3942553096263509,-0.3942553096263509,0.9990956116082886,0.002126257023145928
-0.39414974389565033,-0.39414974389565033,0.9988048685827152,0.0016798707963099394
-0.39398531806218673,-0.39398531806218673,1.0006464568694748,0.002112355037597233
-0.3938628800175138,-0.3938628800175138,1.0088928788531033,0.0022498296149163614
-0.3937021821622693,-0.3937021821622693,0.9990796576423058,0.002225911466699209
-0.39356309249888,-0.39356309249888,0.9996537630103273,0.0015998011121123052
-0.3934435107506943,-0.3934435107506943,1.0002121435652003,0.0021858637660071073
-0.3933323883376943,-0.3933323883376943,1.000313842268282,0.002186678730821682
-0.3932483362537823,-0.3932483362537823,1.0007000742757857,0.0015914911973744581
-0.39311397514065904,-0.39311397514065904,1.0010161067847405,0.0015622509071554012
-0.39300171255545135,-0.39300171255545135,0.9986391993296218,0.00161989631572751
-0.39290379778649365,-0.39290379778649365,0.9988337837106658,0.0015401006399676463
-0.3927536645835062,-0.3927536645835062,0.9997884177093888,0.0016406002814138292
-0.3925963422383575,-0.3925963422383575,1.0019161144815891,0.002330595058800045
-0.39244519475541895,-0.39244519475541895,1.0007447240905527,0.0018982434856392506
-0.392297934193266,-0.392297934193266,1.0003540927652221,0.002079930242696493
-0.3922035899184266,-0.3922035899184266,0.9990048942142382,0.0025614230646145
-0.39203750338238025,-0.39203750338238025,0.9991508121737755,0.00221596999772404
-0.39196259175660086,-0.39196259175660086,1.0004023207334778,0.0026899870085155056
-0.39184196736005106,-0.39184196736005106,1.0002051171250115,0.0028023526878649804
-0.3917607266788764,-0.3917607266788764,0.9986873517405556,0.001589734771039361
-0.39161582695778635,-0.39161582695778635,0.9985965691916621,0.0016088030833103077
-0.39144546929564966,-0.39144546929564966,0.9990987710509772,0.001580403226949351
-0.3913098003447885,-0.3913098003447885,1.0003630102723575,0.0020918661690164124
-0.3912055431532281,-0.3912055431532281,1.0005488323660179,0.002195693174362673
-0.3911038426334926,-0.3911038426334926,0.996392351968406,0.0016215701542428023
-0.39102118073296876,-0.39102118073296876,1.0009575132079527,0.0016083485878280652
-0.39087502493857756,-0.39087502493857756,1.0004267636291828,0.001685120089620008
-0.39067994169163284,-0.39067994169163284,1.0014656008443448,0.0023845693827603104
-0.3905384788782612,-0.3905384788782612,1.0005771844460694,0.0021868441597355823
-0.39035147897120626,-0.39035147897120626,1.000134322326144,0.002669609018885815
-0.39023788736922144,-0.39023788736922144,1.0019975862172879,0.0027203623346467145
-0.3901449499549926,-0.3901449499549926,0.9987373728062228,0.0015716012777970678
-0.39000460993283925,-0.39000460993283925,0.999272419444425,0.0015478556451120587
-0.38991974959317305,-0.38991974959317305,0.9998907397481748,0.0015992175563750628
-0.38984917359266547,-0.38984917359266547,1.0001875660013448,0.0015493009404028367
-0.3897289805538094,-0.3897289805538094,0.9998298457871673,0.0015384004195452613
-0.38961665942915713,-0.38961665942915713,0.9978713209510628,0.001646735339143341
-0.38944911690141454,-0.38944911690141454,0.998891660687941,0.0019489153098625044
-0.38929476164794324,-0.38929476164794324,0.9985956285135703,0.0019723588732356114
-0.38914850452765676,-0.38914850452765676,1.0001576969303234,0.0020625077123943947
-0.3890541857410426,-0.3890541857410426,1.000078931050267,0.002583637934986903
-0.3888894585779781,-0.3888894585779781,0.9990291514161604,0.0027082200373338473
-0.388739924877882,-0.388739924877882,0.9973477619603998,0.0030838355000270584
-0.3886376927635865,-0.3886376927635865,0.9993990804693229,0.0016227340590955896
-0.3885209437457888,-0.3885209437457888,0.9991641453945048,0.0015468708289820923
-0.38837901596907615,-0.38837901596907615,0.999508737344744,0.0015847484937404686
-0.3882222402155094,-0.3882222402155094,1.0000693663679168,0.0018309994676403557
-0.38814765795668793,-0.38814765795668793,1.0006867562973323,0.002053571852448341
-0.38800275085286556,-0.38800275085286556,0.9989966431351057,0.0019183949965797438
-0.38790015685008256,-0.38790015685008256,1.0005696314076542,0.0016993791811783555
-0.3877486065724952,-0.3877486065724952,1.000927712823097,0.0020293709860618337
-0.38756671368446405,-0.38756671368446405,1.0000834495761288,0.001991346659071737
-0.38746586229281094,-0.38746586229281094,0.9982470616077184,0.0022384824585698166
-0.38731924052681277,-0.38731924052681277,0.9977330083286446,0.0021730080855741148
-0.38719962645209305,-0.38719962645209305,1.0026942433656223,0.0026442750848345983
-0.3871050424198984,-0.3871050424198984,1.0003871669906699,0.0027137306973511947
-0.38697055238244504,-0.38697055238244504,0.99971429962293,0.001509466759031927
-0.38686118735768105,-0.38686118735768105,1.00074149624881,0.001723920948329159
-0.38671024381783353,-0.38671024381783353,1.00030924827761,0.001619631531168953
-0.3865974912421734,-0.3865974912421734,1.0016072022671305,0.001659848148825967
-0.38648726162737146,-0.38648726162737146,0.999880420944591,0.0015759937849135828
-0.38635538111375356,-0.38635538111375356,0.9990429551612419,0.0023576848223901365
-0.38624126485356103,-0.38624126485356103,0.9999335731303951,0.0019437936861119425
-0.38610207461879326,-0.38610207461879326,0.9979489333946461,0.0020548391623420653
-0.3859937992405321,-0.3859937992405321,1.0006085525052841,0.0016802013874495012
-0.38585518025502097,-0.38585518025502097,1.0000285376775928,0.0027096910056630358
-0.385725347207881,-0.385725347207881,1.0007880127931734,0.0031148094949939404
-0.38559887672290644,-0.38559887672290644,1.0005579702843348,0.0021707826622589296
-0.38550815689541196,-0.38550815689541196,1.0000827962417946,0.0015692893445014631
-0.38535830327764414,-0.38535830327764414,0.9983414123017973,0.0016415878860377212
-0.38515831435470316,-0.38515831435470316,0.9985329023867049,0.0016405002939377967
-0.3850890418761992,-0.3850890418761992,0.9977661746578471,0.0021389697076861568
-0.3849512397107901,-0.3849512397107901,1.00018095009558,0.0023859505257539577
-0.38483277976611135,-0.38483277976611135,0.9993290861336263,0.0015217918245804215
-0.3847740973746113,-0.3847740973746113,0.9989129608205458,0.0016252743575262071
-0.3846540663564156,-0.3846540663564156,0.9988578176423275,0.002007121010427751
-0.38451166842423845,-0.38451166842423845,1.001201554477805,0.001541104582817707
-0.3844092139506756,-0.3844092139506756,1.0007288638021263,0.0022347350258451544
-0.384297891704955,-0.384297891704955,1.001428112076335,0.002594357363272593
-0.38415312365268617,-0.38415312365268617,1.0001634014122172,0.002197265873073167
-0.38406263449651307,-0.38406263449651307,1.0009251218844135,0.0030768215087780774
-0.38393453810767825,-0.38393453810767825,1.0006245708903565,0.0016610009697763778
-0.3838000356239718,-0.3838000356239718,0.9979938280303055,0.002798412770508884
-0.38369962787328404,-0.38369962787328404,0.9990448777508527,0.0016932790991008053
-0.38357181368864984,-0.38357181368864984,1.0006104447620672,0.0016667749555834826
-0.38347944061151795,-0.38347944061151795,1.0020189276406026,0.001984264067411034
-0.38343634732464127,-0.38343634732464127,0.9988499361076919,0.001453901058705564
-0.3833152316248743,-0.3833152316248743,0.9996944011639121,0.002350896003713802
-0.3832267523412156,-0.3832267523412156,1.001292957871123,0.0018973961489838036
-0.3831425828675492,-0.3831425828675492,1.001935058994221,0.0020573266944885265
-0.3830175279726973,-0.3830175279726973,0.9995460273789332,0.0019638214238157864
-0.38288541385791175,-0.38288541385791175,1.0010583914376807,0.0015945180231727082
-0.3827546650123622,-0.3827546650123622,1.0016411714697468,0.0026838379046661013
-0.38261904548853637,-0.38261904548853637,0.9992488863142924,0.003123375239395875
-0.3824641680674176,-0.3824641680674176,1.0017810662625497,0.001531994422003202
-0.3823589725783677,-0.3823589725783677,0.9999121468858098,0.0015139567932827937
-0.3822217621789605,-0.3822217621789605,1.00046042746173,0.0021458243457564844
-0.38206691415143723,-0.38206691415143723,0.9984079964550826,0.0015547279250758112
-0.3819866366004135,-0.3819866366004135,0.9984943560004863,0.002066538583222353
-0.38180663523799013,-0.38180663523799013,1.0005024136567682,0.0019772304872872877
-0.38171321783629536,-0.38171321783629536,0.9971783719277777,0.0016610266449075743
-0.38160475211097944,-0.38160475211097944,0.9997188964405467,0.001731130539386123
-0.381492845655157,-0.381492845655157,0.9979460065754626,0.001942832848458072
-0.38136831395841,-0.38136831395841,0.9995312611881626,0.001484480753192985
-0.38125088203596535,-0.38125088203596535,0.9982681045005958,0.0031725538723285152
-0.3811208814451675,-0.3811208814451675,1.002124834312589,0.0022138002459079114
-0.38101261333631553,-0.38101261333631553,1.0013243994550802,0.002659431764097044
-0.38085220632528943,-0.38085220632528943,0.9983070539630337,0.0015882860201646462
-0.38069625001880925,-0.38069625001880925,1.0019916207869106,0.0016535154894310807
-0.38058146923340247,-0.38058146923340247,1.0005111955193682,0.0017757031050085604
-0.3804105069682919,-0.3804105069682919,0.9990596735008783,0.001577540218681519
-0.38034823336092816,-0.38034823336092816,1.0012759577077062,0.001571715792779114
-0.38027265099499347,-0.38027265099499347,0.9939913460543084,0.00267221284763267
-0.38018424891088215,-0.38018424891088215,1.0010641187455078,0.0026461230546342873
-0.38003688458848045,-0.38003688458848045,0.9987054611927515,0.0023637306571172223
-0.37990750789831507,-0.37990750789831507,1.0006119747392854,0.001597711236802459
-0.3798299031368515,-0.3798299031368515,1.0006046587977058,0.002326847243507477
-0.379708605279302,-0.379708605279302,0.9992746233805534,0.0021541558939665614
-0.3795496842914872,-0.3795496842914872,1.0008944447201182,0.002716373818824942
-0.3794270341839365,-0.3794270341839365,1.0001965396957553,0.002694481212254773
-0.37931529201596276,-0.37931529201596276,0.9999203877653559,0.0014652728392614551
-0.37916584992799474,-0.37916584992799474,0.9987846588769316,0.0014330618822331743
-0.3790909746374382,-0.3790909746374382,0.9992850229430668,0.0015530058326866858
-0.3789374599586154,-0.3789374599586154,1.0014659893579105,0.0015788086291926844
-0.37878827217227806,-0.37878827217227806,0.9988136899828473,0.0026299316008571213
-0.3786533730120937,-0.3786533730120937,1.0013566077673899,0.002340457830431537
-0.3785832221596138,-0.3785832221596138,0.9975995612542647,0.0020372736347391467
-0.3784884340955614,-0.3784884340955614,0.9997765158326025,0.0016268090162651894
-0.37838143078352005,-0.37838143078352005,0.9999556445503355,0.0022772292070335743
-0.37828632367127285,-0.37828632367127285,0.9991107740961664,0.001542138045670141
-0.37814600395468007,-0.37814600395468007,0.9988753851302816,0.003211541639896713
-0.37800630604670005,-0.37800630604670005,0.9982076870130367,0.0015558202213447124
-0.3778353519477605,-0.3778353519477605,0.9975606821867734,0.0026552028162370807
-0.3777480587916216,-0.3777480587916216,0.9992580553353279,0.0016011701989725978
-0.37762638582407815,-0.37762638582407815,1.0007099926769114,0.0016377882762161372
-0.3775372600894116,-0.3775372600894116,1.0004149050553355,0.00181728878109421
-0.3773680187521677,-0.3773680187521677,0.9983206787816739,0.002423243825430511
-0.3772514997577673,-0.3772514997577673,1.0006393328370824,0.001522368962349772
-0.3771625512847095,-0.3771625512847095,0.9991752888735274,0.002098302894904153
-0.377050035452703,-0.377050035452703,0.9994122386207709,0.002077391818084866
-0.3769249193745054,-0.3769249193745054,0.9979096989610434,0.0022903660314735784
-0.3768382621263299,-0.3768382621263299,1.000028315567216,0.002272565729742696
-0.3767448495906137,-0.3767448495906137,1.0000121737842322,0.0020334123851258952
-0.37663030245112167,-0.37663030245112167,0.9997602728485351,0.0015266609666073952
-0.37647445872444224,-0.37647445872444224,0.9998319639198872,0.0027471674505954104
-0.3763317840634045,-0.3763317840634045,1.0007719699739208,0.0021703971866610296
-0.37622146644116583,-0.37622146644116583,0.9993725020294273,0.001559840380324478
-0.37609493071431643,-0.37609493071431643,0.9980807195169549,0.0015681981605364537
-0.37600813479912176,-0.37600813479912176,1.000534401212121,0.0013908879265733271
-0.3757816658780939,-0.3757816658780939,0.9976323522458816,0.0020063154111361293
-0.37558245812888347,-0.37558245812888347,1.0012455918136465,0.0024101680307537397
-0.37548720745435277,-0.37548720745435277,0.9991740586198137,0.002150684113141693
-0.37541737969713723,-0.37541737969713723,0.9988304854297665,0.0015801520627126114
-0.37531762279140823,-0.37531762279140823,0.9984397984291539,0.00195749062587701
-0.37518014473134825,-0.37518014473134825,1.0009383752323444,0.0019795207010708236
-0.3750560037309697,-0.3750560037309697,0.9973739856513537,0.002864157822935551
-0.37495273151816944,-0.37495273151816944,0.9995510897015848,0.002188148136135691
-0.37477861692113945,-0.37477861692113945,0.9979775660715484,0.0021677813364968527
-0.37464416563670966,-0.37464416563670966,1.0015159727645364,0.001603214906495181
-0.3745427864585508,-0.3745427864585508,1.0009493302819759,0.0016596617752744874
-0.37443745392083655,-0.37443745392083655,1.0007451409271186,0.001724975325251677
-0.37422446253294767,-0.37422446253294767,1.0013861167095799,0.002196153175090898
-0.37404273412339534,-0.37404273412339534,0.9992214584443595,0.0017414093869421246
-0.3738451576427906,-0.3738451576427906,1.0003996878065913,0.001929718489673685
-0.37374216990501735,-0.37374216990501735,1.0005479255078573,0.0023302396844143572
-0.3736282461331939,-0.3736282461331939,0.9999535976275593,0.002027188987892782
-0.3734808877990872,-0.3734808877990872,0.9999607975814152,0.002283054543273027
-0.37335719607908685,-0.37335719607908685,0.9952672868402483,0.0021434700391505467
-0.37323051779167143,-0.37323051779167143,0.9996878202922945,0.0022003651491579986
-0.3730661935842363,-0.3730661935842363,1.0002071291001748,0.0015958999127600557
-0.37294161909867396,-0.37294161909867396,1.000082640471831,0.001475991746302097
-0.3728430526856755,-0.3728430526856755,0.9996277426600603,0.00168288383914873
-0.3726044910841665,-0.3726044910841665,1.0000400133162193,0.002272143015090134
-0.37246526876679126,-0.37246526876679126,0.9992168936331088,0.0020691380828100356
-0.3723662248321489,-0.3723662248321489,0.9997069195176482,0.0013995609292673488
-0.37225355959490114,-0.37225355959490114,0.9993297497554995,0.0019530139214246974
-0.37217894630521187,-0.37217894630521187,0.9974999034272584,0.002345645042463665
-0.3719976508158652,-0.3719976508158652,0.9999709145573752,0.0021984928631844864
-0.37189030250301586,-0.37189030250301586,0.9986289154375889,0.002802458011870428
-0.37177050640038944,-0.37177050640038944,0.9964692613161805,0.0021922231511287697
-0.37159692870354777,-0.37159692870354777,1.0006500881476572,0.0015619857897195314
-0.3714701304290429,-0.3714701304290429,1.001105888041315,0.002968106813313582
-0.3713527125448309,-0.3713527125448309,0.9989860842300194,0.0016474691410077933
-0.3711915822263109,-0.3711915822263109,0.9978583742579652,0.0021347674309516664
-0.3710439367398067,-0.3710439367398067,0.9979933809365763,0.001972433499179871
-0.37094758803232253,-0.37094758803232253,0.9998331658931642,0.0017317780318047056
-0.37076796120072686,-0.37076796120072686,1.0008977896754438,0.0020719968785637673
-0.37064673339591536,-0.37064673339591536,1.0048481445609676,0.0022849607850151067
-0.37049776511812527,-0.37049776511812527,0.9997608810817711,0.0021779368910431357
-0.3703453110940245,-0.3703453110940245,0.999315794872178,0.0016338604402291676
-0.3702130181667599,-0.3702130181667599,1.000049908549795,0.002641111685950509
-0.37010841282644835,-0.37010841282644835,0.9993995538961984,0.0016081045711360074
-0.3700161968141401,-0.3700161968141401,0.9983998134519358,0.0015688363197399996
-0.36988978174795195,-0.36988978174795195,1.0003054491992913,0.0016600603575099872
-0.36978316303375325,-0.36978316303375325,1.0021582456077098,0.0014826316049561066
-0.36965081985163123,-0.36965081985163123,0.9993455096758466,0.0016276662194458676
-0.36951702236856365,-0.36951702236856365,1.0002749306224004,0.001984680551356096
-0.3693439299122474,-0.3693439299122474,0.99953024360853,0.002014416110801707
-0.3692122159731298,-0.3692122159731298,0.998558348246626,0.0022708022805921855
-0.36907467926503157,-0.36907467926503157,0.9984797182704643,0.0020649952101766253
-0.36894437086702964,-0.36894437086702964,1.0016657280008805,0.00227626419461745
-0.3688226503814803,-0.3688226503814803,0.9993116130087893,0.0030687840140556275
-0.3687378465572692,-0.3687378465572692,0.9999628176271459,0.0017754556065641472
-0.3686210549207317,-0.3686210549207317,1.0004646516293527,0.0026692761160483176
-0.3685276815453108,-0.3685276815453108,1.000446486326214,0.0016576759374156542
-0.3683578895888786,-0.3683578895888786,0.9990319028109711,0.0016091844922790214
-0.36820565570542385,-0.36820565570542385,0.9996397076367967,0.0015999006268386361
-0.36809088807785884,-0.36809088807785884,1.0009561009432562,0.002087749320188359
-0.36799614611754805,-0.36799614611754805,1.0011096951611678,0.0021140777728086415
-0.36790205924971814,-0.36790205924971814,0.9973169726250187,0.0016328747924722411
-0.36782203088823734,-0.36782203088823734,0.9983865394938792,0.0016599714985470987
-0.36765232032284983,-0.36765232032284983,1.0019830887347347,0.00204822192254063
-0.3674818593441159,-0.3674818593441159,1.0004960213430678,0.002063575693752747
-0.367362818192305,-0.367362818192305,0.9977854784831759,0.0021598773872220567
-0.3671942782633778,-0.3671942782633778,0.9982900424046705,0.0022019350584476195
-0.3670737338745312,-0.3670737338745312,0.9988441101160165,0.0031068914520909832
-0.36698393783754,-0.36698393783754,0.9985539761406299,0.0015753327881061266
-0.36684775861140223,-0.36684775861140223,0.9988840973310993,0.001548123534272276
-0.36674517976771315,-0.36674517976771315,0.9993993072950424,0.0015983753937588749
-0.36667179856030996,-0.36667179856030996,0.9987255902098717,0.0014200268795420596
-0.36656158369569314,-0.36656158369569314,0.9999012879971975,0.0016486011984884058
-0.36643318881106096,-0.36643318881106096,1.0020587056461054,0.0016455007983434684
-0.3662657369142835,-0.3662657369142835,1.001319820054018,0.0019531827569164314
-0.3661112818284892,-0.3661112818284892,0.9999328786309528,0.001971869194505837
-0.36596500647101493,-0.36596500647101493,1.0004650852042336,0.002061350143609613
-0.3658706437508954,-0.3658706437508954,0.9995188836900907,0.0025816577433977355
-0.36572449456580214,-0.36572449456580214,0.9950379856838731,0.00272336833090501
-0.3655837524200251,-0.3655837524200251,0.9996694328209882,0.003079165894537602
-0.365499429825104,-0.365499429825104,0.9994422961649025,0.0016309799915530609
-0.3653670160076217,-0.3653670160076217,0.9992436197811948,0.0015472529015252258
-0.36523257046737856,-0.36523257046737856,1.000854467141934,0.0016091532162307008
-0.36506253278166695,-0.36506253278166695,0.9990676101229568,0.0017515441331691101
-0.3649726490086323,-0.3649726490086323,1.000320634574074,0.0021435963998622173
-0.36481934315324904,-0.36481934315324904,1.000477800254318,0.001915965177439838
-0.3647167110180817,-0.3647167110180817,0.99938863556988,0.001697101324746452
-0.3645650648857554,-0.3645650648857554,0.9981440408969451,0.002026395683060402
-0.3643746285571979,-0.3643746285571979,1.0010435271466764,0.0020163918140400057
-0.36426621412683746,-0.36426621412683746,1.0012357882694507,0.0022014682616525007
-0.3640982489559974,-0.3640982489559974,1.0009730007590512,0.0026719057693484955
-0.3640144105620493,-0.3640144105620493,0.9992707395733337,0.0021294575779712303
-0.36393770448703433,-0.36393770448703433,0.9983405557420564,0.002700972731979078
-0.3638160517099095,-0.3638160517099095,0.9966423363400239,0.0015713877153907345
-0.3637198467627968,-0.3637198467627968,1.0004997753179863,0.0015752276728219646
-0.36357673071797764,-0.36357673071797764,1.0004688125582033,0.0015855157471656224
-0.36341416686955197,-0.36341416686955197,0.9981749003440912,0.0015846171703137724
-0.3632920544199806,-0.3632920544199806,0.9992958111490239,0.00206995830798085
-0.3631417576367312,-0.3631417576367312,0.998572318719878,0.0020349660190606828
-0.36305108267206376,-0.36305108267206376,0.997973707125411,0.0019117380224259132
-0.36287840081458855,-0.36287840081458855,1.0004870642284067,0.002090771979447447
-0.3627885707684982,-0.3627885707684982,0.9986428144869187,0.0017262156962980315
-0.36264464407158814,-0.36264464407158814,0.9984735538185736,0.00308430936240374
-0.3625102826328657,-0.3625102826328657,0.9992253900624217,0.00310318755595224
-0.362397021819379,-0.362397021819379,0.9981777896271108,0.0015603435132232485
-0.362310050166343,-0.362310050166343,0.9981416655405113,0.0015641802523431048
-0.3621203432667244,-0.3621203432667244,0.9996588038504122,0.0016208186245704487
-0.3619527513157664,-0.3619527513157664,0.9997438301636474,0.0018216015243195174
-0.36185973775372987,-0.36185973775372987,1.000054625813076,0.0024441536931720034
-0.36171027888085516,-0.36171027888085516,0.9978751878656796,0.0019422283083170733
-0.3616402913039565,-0.3616402913039565,1.000388887957417,0.0015225305090197589
-0.36157395894351796,-0.36157395894351796,1.0000984778188726,0.001595739679967669
-0.36144128203832226,-0.36144128203832226,1.0022647518689496,0.002028066093702697
-0.3612939501894289,-0.3612939501894289,0.9999180435942788,0.0016141418592296776
-0.3611864709204383,-0.3611864709204383,0.9993598609849037,0.0022550815621123084
-0.36103702364925994,-0.36103702364925994,1.0013620722382865,0.0021882128268345476
-0.36091820653764445,-0.36091820653764445,0.9980701052164817,0.0030494891849046505
-0.36080105229975745,-0.36080105229975745,0.9985549627317424,0.0022540653441781634
-0.3606728626520635,-0.3606728626520635,1.0038209181845654,0.002777383158363562
-0.36055809823665186,-0.36055809823665186,0.9986555660840957,0.001764543622580586
-0.3604242788442207,-0.3604242788442207,0.9989136821338794,0.0015399045768671586
-0.360313570078506,-0.360313570078506,0.999478997182492,0.001662361926620033
-0.36027004102652427,-0.36027004102652427,1.000856358720573,0.0018852255099671383
-0.36015093171590706,-0.36015093171590706,1.00202494853137,0.002008762778655645
-0.36006359245602654,-0.36006359245602654,1.0017032001840593,0.002268174592162487
-0.35997220229819504,-0.35997220229819504,0.9996259731664072,0.002014385651459348
-0.3598707558692695,-0.3598707558692695,0.9998358302283126,0.0016443094687909198
-0.35974075498543245,-0.35974075498543245,0.9987277765857601,0.0019383612766158006
-0.3596502713584414,-0.3596502713584414,1.0013131870530412,0.0016340637891231584
-0.3595252129505752,-0.3595252129505752,0.9997853889142716,0.0031095217865790394
-0.35936559563942866,-0.35936559563942866,0.9987670477186015,0.0026853045287917017
-0.35921949689891336,-0.35921949689891336,1.0000763087946418,0.0015769815993128457
-0.3590987531988503,-0.3590987531988503,1.0016326565100038,0.002099072855105678
-0.35892927491822774,-0.35892927491822774,1.0000100511650658,0.001523120048739592
-0.35882302081445233,-0.35882302081445233,1.000451140248344,0.0021514577031731567
-0.35866010218051086,-0.35866010218051086,1.001000236711573,0.0019802864556823013
-0.3585511125744233,-0.3585511125744233,1.0010702941127518,0.0015419275664943096
-0.35844185776841186,-0.35844185776841186,1.0018983735682554,0.0017945909738545072
-0.35834788974352705,-0.35834788974352705,0.9997540596868781,0.0019629201873678005
-0.35824072548111874,-0.35824072548111874,0.9994592365170722,0.0013509799411213176
-0.3581056856037321,-0.3581056856037321,0.9993405019292521,0.002719900096757921
-0.35799937007213883,-0.35799937007213883,1.0002562663718257,0.0027690362125724196
-0.35786402833346076,-0.35786402833346076,1.0014483810049826,0.0022110462851980895
-0.3577238292808033,-0.3577238292808033,1.0008305553211883,0.002218213146870225
-0.35758280613026727,-0.35758280613026727,0.998682203952681,0.0016542611483132933
-0.35747087090021523,-0.35747087090021523,1.0001112121031976,0.001760925630531926
-0.35734483569922304,-0.35734483569922304,1.0001289413022056,0.002056213282163084
-0.3572045547529342,-0.3572045547529342,0.9999066396596529,0.001605997448018082
-0.3571353470300892,-0.3571353470300892,0.9975506090826481,0.0026621668578151966
-0.35706271408216705,-0.35706271408216705,0.9983728030765207,0.0020403408372461733
-0.3569242340348865,-0.3569242340348865,1.0026884079925606,0.0026914125235373834
-0.35677226685420466,-0.35677226685420466,0.9991089978213653,0.002010609986562595
-0.35668122533061253,-0.35668122533061253,1.0020750184929128,0.0023258242169877296
-0.35658144746848847,-0.35658144746848847,1.0002713613925713,0.0014836267342946002
-0.35642408119274477,-0.35642408119274477,0.9998602761991554,0.0031065491749524173
-0.3562880238532671,-0.3562880238532671,1.0002191631908357,0.0022087195818033716
-0.3561557357072161,-0.3561557357072161,0.9983385187735487,0.00146339368051051
-0.3560067102378525,-0.3560067102378525,1.0004866763143414,0.0015019527732738074
-0.35593292541216215,-0.35593292541216215,0.9976062024397201,0.0014874074395476665
-0.35578245582528323,-0.35578245582528323,0.9980208672397304,0.0015248674789437929
-0.35563663206703494,-0.35563663206703494,0.9984321327098955,0.002398987090219286
-0.3554771583745605,-0.3554771583745605,0.9977668293157602,0.0021366304320754176
-0.3553997533617803,-0.3553997533617803,0.9999991922863879,0.0020293783848968753
-0.3553050882053867,-0.3553050882053867,1.001431566720102,0.0016276492575004735
-0.35519794979663855,-0.35519794979663855,0.9979427809532735,0.00227565345505149
-0.3551029318350629,-0.3551029318350629,0.99976948056051,0.0015423029795623817
-0.35494511320248423,-0.35494511320248423,1.0027037492286142,0.0032001098490402322
-0.3547899397155561,-0.3547899397155561,1.0006215493196389,0.0021807210632265074
-0.35460431756000615,-0.35460431756000615,1.0014420164579467,0.0022613902301617337
-0.35449435262889895,-0.35449435262889895,1.0021682498871525,0.0015237418211207121
-0.354399884405575,-0.354399884405575,1.0002924280671552,0.0022880234466713233
-0.35428283378842024,-0.35428283378842024,0.9995439831427921,0.0021407170082416776
-0.35414804703741537,-0.35414804703741537,1.001168689101914,0.0021465837793161156
-0.3540512816949558,-0.3540512816949558,0.9974422288802305,0.0014374903602240618
-0.3539568410013089,-0.3539568410013089,0.9990519894408838,0.0020927788583922076
-0.35381555846106494,-0.35381555846106494,1.0004749525227012,0.0020377349133470315
-0.3537066291197334,-0.3537066291197334,0.9987684877910876,0.002269425982064542
-0.3536101343213886,-0.3536101343213886,0.9992558427906936,0.0023391455258936116
-0.3535243671944045,-0.3535243671944045,0.9991887539960249,0.0015846991152815427
-0.35339159210034266,-0.35339159210034266,1.0003073403846714,0.0015721812490582718
-0.3532144664324733,-0.3532144664324733,1.0002826429235334,0.003142841340933339
-0.3531201827345285,-0.3531201827345285,0.9994358188490062,0.0014969879581723535
-0.3529842977230146,-0.3529842977230146,0.9989379826690492,0.0015262980093072164
-0.3528700978220513,-0.3528700978220513,0.9982842628602097,0.0014790689817200582
-0.3527697975567207,-0.3527697975567207,1.0003146271390928,0.0018996099529764673
-0.3525414063096832,-0.3525414063096832,1.0019168788798656,0.00265437198303116
-0.35234131819615866,-0.35234131819615866,0.9992635509287933,0.0022502114429647654
-0.35227631450306945,-0.35227631450306945,0.9998341510968125,0.001510402055547356
-0.3521890133926718,-0.3521890133926718,1.0005173366775781,0.0016298975622430368
-0.3520807240738577,-0.3520807240738577,1.00121241131323,0.0023187455575628215
-0.35188986146113166,-0.35188986146113166,0.9992433916241085,0.002708857080524302
-0.3518096215095284,-0.3518096215095284,0.9995037101934615,0.002369589959107463
-0.35163602866014115,-0.35163602866014115,0.9996831637296151,0.002168502358620115
-0.3514739505193575,-0.3514739505193575,0.999222441232415,0.0016114235484343121
-0.3513391366019277,-0.3513391366019277,1.0010954612478784,0.0016374933520681239
-0.35123880134942737,-0.35123880134942737,1.0000143524497074,0.0016985619351440923
-0.3510408741511128,-0.3510408741511128,0.9967338628462235,0.0021918922101876567
-0.35088085204861275,-0.35088085204861275,0.9991605943417252,0.0016793930337895926
-0.3507308918400668,-0.3507308918400668,0.9989696867168248,0.0015742124575250337
-0.35058952247891284,-0.35058952247891284,0.9991641742128546,0.0023268515291221875
-0.35046567241261073,-0.35046567241261073,0.9985434446371396,0.0023771165465622216
-0.3503266046342105,-0.3503266046342105,1.0036639932342473,0.0022607227877782586
-0.350202512100077,-0.350202512100077,1.002318278164355,0.0021760274012783704
-0.3500910176095203,-0.3500910176095203,1.00075019892717,0.0022073811102287996
-0.34994174808089157,-0.34994174808089157,0.9969688330048985,0.0014718631541512889
-0.34979872001549667,-0.34979872001549667,1.0019339465069665,0.0015996591110506784
-0.349723038312186,-0.349723038312186,0.9997041515095508,0.0013964455299283354
-0.34962822362285806,-0.34962822362285806,1.0011039270844075,0.0017014872775709274
-0.3493962430327883,-0.3493962430327883,1.0002253032077433,0.002575833336538788
-0.3492597581438531,-0.3492597581438531,1.0000741696572035,0.0016311390191507877
-0.3491409585116344,-0.3491409585116344,1.0008996500563163,0.001959851447676504
-0.3490188686782858,-0.3490188686782858,1.0009813570725048,0.0019873963075692155
-0.34889295539687737,-0.34889295539687737,0.9993563927886762,0.0019709613393091266
-0.34874848546933207,-0.34874848546933207,0.9989073696043105,0.0026941260613320274
-0.3486354049942747,-0.3486354049942747,0.9990821406215542,0.00229843044334971
-0.3485051993839079,-0.3485051993839079,1.0008923598633257,0.0022173343748006797
-0.34835865090572044,-0.34835865090572044,0.9995690847686655,0.0015608052484688266
-0.3482322439280324,-0.3482322439280324,0.9984507141306377,0.0029871785311827944
-0.3481148241511619,-0.3481148241511619,0.9995153112471133,0.0020054417977231143
-0.3479472490304033,-0.3479472490304033,1.001059852456109,0.0018374845470591158
-0.34781407327645864,-0.34781407327645864,0.9965014532911873,0.0019587418104545402
-0.34773321310603933,-0.34773321310603933,0.9992198138547892,0.0017718375799454784
-0.34755461009281136,-0.34755461009281136,1.0013720884049768,0.0019597418979792618
-0.3474604322524101,-0.3474604322524101,0.9995845081975101,0.002283968324827734
-0.34731419425297644,-0.34731419425297644,0.9991895399799073,0.002183863230453496
-0.34719413521361275,-0.34719413521361275,0.9986709881236452,0.0016224138969888416
-0.3470554464125598,-0.3470554464125598,0.9988272992352479,0.0021623146106911468
-0.34694012917789224,-0.34694012917789224,0.9993036748069397,0.002197746369768331
-0.34686158742351836,-0.34686158742351836,1.0003612071697234,0.0015677119969876394
-0.3467255475969068,-0.3467255475969068,0.9986646681517286,0.0016347486123713402
-0.34661395893599545,-0.34661395893599545,1.0002138387430581,0.0015690673752311271
-0.34650204062909323,-0.34650204062909323,0.9980805328105437,0.0016537148287078932
-0.3463774314732291,-0.3463774314732291,1.0005610712437623,0.001499407049416816
-0.3462353710574462,-0.3462353710574462,0.9980590361436785,0.0022857939552140836
-0.34610299168289205,-0.34610299168289205,1.0007524576782256,0.002012309449897868
-0.345957955744052,-0.345957955744052,0.9978736259337492,0.0020205125151748988
-0.3458786514293024,-0.3458786514293024,0.9996870075541215,0.002098982285993432
-0.34572852793717174,-0.34572852793717174,0.9995841595164068,0.002675152442183973
-0.34562159975321266,-0.34562159975321266,0.9990698930196047,0.0026787967758819787
-0.34552739493592527,-0.34552739493592527,0.9988498308513363,0.0023172870570820825
-0.3454222046626455,-0.3454222046626455,1.0018895186893928,0.0022038574102486415
-0.3453228861493699,-0.3453228861493699,0.9998883043888268,0.0016000362818154815
-0.3451343121796526,-0.3451343121796526,0.9987868234571122,0.001656605424194597
-0.34499824757403985,-0.34499824757403985,0.9973517355333256,0.0015881249906576223
-0.34488319746305934,-0.34488319746305934,1.0028365620729387,0.0020566271863951885
-0.34479679116429907,-0.34479679116429907,0.999299618302893,0.002120525256823616
-0.34470189562507586,-0.34470189562507586,0.9986428765377016,0.0017467435576589605
-0.34462249971820713,-0.34462249971820713,0.998529193219234,0.001659066107173353
-0.34442561332671173,-0.34442561332671173,0.9982830482937631,0.0019883136786726582
-0.3442438317593769,-0.3442438317593769,0.9998022005376297,0.0020451223441905627
-0.3441038029946867,-0.3441038029946867,1.000844749192375,0.002165146463053441
-0.3439314014580305,-0.3439314014580305,0.9997232128373525,0.003068102494859726
-0.34383400809310843,-0.34383400809310843,0.9979237475373635,0.0022434224825432585
-0.3437235067318397,-0.3437235067318397,0.9984516451785123,0.0014889078337970158
-0.3435963197011006,-0.3435963197011006,0.9989153187188528,0.0015643921980774995
-0.34352173597617364,-0.34352173597617364,0.9992559895962367,0.0015741851909111908
-0.34342881292977834,-0.34342881292977834,0.9978798577491087,0.0014900115109935674
-0.34330634459020076,-0.34330634459020076,1.0004285420958186,0.001697928161828182
-0.34315585079966693,-0.34315585079966693,0.9988998015919479,0.0019846745829183174
-0.3429867457678483,-0.3429867457678483,1.000229799848368,0.0019590864910423063
-0.3428155881827479,-0.3428155881827479,1.0003061567273919,0.002038289403539737
-0.34274932915468526,-0.34274932915468526,0.9990845009741978,0.0020604677303265066
-0.34257396864904877,-0.34257396864904877,1.001955175305662,0.0031165230998649565
-0.3424856068631925,-0.3424856068631925,0.9994515234297319,0.0026955347623792082
-0.34235132772355426,-0.34235132772355426,1.000683027955738,0.002687402079527623
-0.34227083241858053,-0.34227083241858053,1.0019409206953345,0.0016211332474789873
-0.34212662734535115,-0.34212662734535115,0.9980034467522547,0.0015450463243675981
-0.3419780416928916,-0.3419780416928916,1.000103745818154,0.0016457304420069475
-0.341839875639198,-0.341839875639198,0.9979159353314054,0.002129768179036322
-0.34173657411647584,-0.34173657411647584,0.998640446155379,0.0020585935547289477
-0.3415943640318801,-0.3415943640318801,1.000534613263454,0.0015502175170177411
-0.3414827115033404,-0.3414827115033404,0.9984801555603451,0.001774648184166703
-0.34131740193024596,-0.34131740193024596,0.9985930853329892,0.0019079218232330552
-0.34115766735940267,-0.34115766735940267,0.9989883070181239,0.002090677042234462
-0.3410610331202406,-0.3410610331202406,0.9996604198847472,0.0026573349420989565
-0.3408819076330474,-0.3408819076330474,1.0003159478612527,0.0021533604854992623
-0.34081770253415017,-0.34081770253415017,0.9983604588188986,0.002643416476665417
-0.34071590255134654,-0.34071590255134654,0.9991288867572174,0.0022431524833263386
-0.3405779277654801,-0.3405779277654801,1.0018328662618536,0.0015258157040563343
-0.3404679168394068,-0.3404679168394068,0.9980227282961259,0.001706199449506286
-0.3402727817920095,-0.3402727817920095,0.9972228851827758,0.0013849418761803733
-0.3401744167527795,-0.3401744167527795,0.9992002041406373,0.0018147936474689687
-0.3400169557782647,-0.3400169557782647,0.9994574056752311,0.0022567992007561767
-0.3398847131174989,-0.3398847131174989,1.000468269221241,0.0020530903267251817
-0.33977224716145427,-0.33977224716145427,1.0002709006840644,0.0019930372720450367
-0.33965071239799727,-0.33965071239799727,1.000275537356732,0.0017111904803792182
-0.3395021295944389,-0.3395021295944389,1.0006844202716443,0.0027126755718058044
-0.33935811590108644,-0.33935811590108644,1.0011833604034748,0.0031090715570499744
-0.33923195838524406,-0.33923195838524406,0.999144816022078,0.002168615931278829
-0.3391560894171562,-0.3391560894171562,0.9983148901599235,0.001513027196849185
-0.33901007770855357,-0.33901007770855357,0.9987094636364615,0.0016408289404926074
-0.338829101475676,-0.338829101475676,0.9998392157088123,0.0016549876198196805
-0.33873868709815724,-0.33873868709815724,0.998586877421855,0.0017210920587135716
-0.3386561634040845,-0.3386561634040845,1.0013088365446046,0.0027392983438205235
-0.3385011127058533,-0.3385011127058533,0.9983382221441366,0.0015816001235532738
-0.33842247857210167,-0.33842247857210167,0.99856819347981,0.0015401020957189987
-0.33829015374576554,-0.33829015374576554,1.0009419414007081,0.0019970649939508216
-0.33811063890661897,-0.33811063890661897,0.9992035817421513,0.0016129799831769078
-0.33800296592908124,-0.33800296592908124,1.0014682559801886,0.0022541896466605196
-0.33785345501491976,-0.33785345501491976,1.0003136249841147,0.0021859822918415825
-0.3377345966237044,-0.3377345966237044,1.0001792424292604,0.0030489226099220047
-0.3376172968361061,-0.3376172968361061,1.0004869849722517,0.002252707665575768
-0.3374893172671364,-0.3374893172671364,0.9967104388492803,0.0027673784473152678
-0.33736351578609175,-0.33736351578609175,0.998275042657597,0.0017406875188452687
-0.33719472035299985,-0.33719472035299985,0.9997448660316104,0.0016086912550369568
-0.33710765641171747,-0.33710765641171747,1.0001957827981145,0.0020011639304816048
-0.33704967637786465,-0.33704967637786465,1.0015285566098406,0.0015725882432000566
-0.3369288118574332,-0.3369288118574332,1.0001764634773118,0.002270097540007469
-0.3368419579712281,-0.3368419579712281,0.9991613692872633,0.0019931089007673495
-0.3367589784562369,-0.3367589784562369,0.9979251604057658,0.0019571111110595406
-0.33661278975068853,-0.33661278975068853,1.000409384883723,0.002006393462519892
-0.33651655196463254,-0.33651655196463254,1.0005604540751611,0.001560672607005656
-0.336387522538098,-0.336387522538098,0.9989528698011355,0.002689615907663278
-0.3362518037916743,-0.3362518037916743,0.9989921000965409,0.0031182424727268796
-0.33608090037560034,-0.33608090037560034,0.9989337423513425,0.0015919372357319828
-0.3359686761683406,-0.3359686761683406,0.9985873087718715,0.0015036915931709968
-0.33581582571987384,-0.33581582571987384,0.9978636877165161,0.0021274847099931955
-0.3356851837803333,-0.3356851837803333,0.9998109277002435,0.0016446441877807528
-0.3356195938824385,-0.3356195938824385,0.9987127443016324,0.0020613764190988283
-0.33546032393096537,-0.33546032393096537,1.0014702522582604,0.001984399774757296
-0.33536772168645257,-0.33536772168645257,1.0019915315602814,0.0015407427304676938
-0.33525829506088484,-0.33525829506088484,0.9989588532815125,0.0017916112559669376
-0.3351470628706011,-0.3351470628706011,1.000233670857242,0.0019727859746579107
-0.33502989146527395,-0.33502989146527395,1.0013345772024465,0.0014317529313047797
-0.33490555529406263,-0.33490555529406263,1.0023865577382438,0.002783556951176161
-0.33480532164940086,-0.33480532164940086,0.9969453177794667,0.00265237076375486
-0.3346806006766201,-0.3346806006766201,0.9973401718931754,0.0022064709648344986
-0.33456334164566215,-0.33456334164566215,0.9988857526490758,0.0022227909639178102
-0.3344266564250574,-0.3344266564250574,0.9986843109507303,0.001643755861086343
-0.3343059542838091,-0.3343059542838091,1.0018422925004826,0.0016501356065610818
-0.3341811542140931,-0.3341811542140931,1.0013101242068545,0.0017038582641485049
-0.33402118142184917,-0.33402118142184917,0.999895652107423,0.0016055526591424354
-0.3339521165324186,-0.3339521165324186,0.999023504794564,0.002689188868607392
-0.33387919562901514,-0.33387919562901514,1.0004920958135628,0.002036942150336728
-0.33374059834131914,-0.33374059834131914,0.9984049199930501,0.002690728012928517
-0.33358883038490605,-0.33358883038490605,1.0000511598006867,0.0020098140507913134
-0.3335065544382815,-0.3335065544382815,0.9989202701712145,0.0022735634295288714
-0.3334312913115355,-0.3334312913115355,0.999335155201947,0.0015400536148544358
-0.3332704450678648,-0.3332704450678648,0.9993065403010464,0.0026791387911436265
-0.3331507505128684,-0.3331507505128684,1.000461867327728,0.002575768416208656
-0.3330292473499867,-0.3330292473499867,0.9998182416182786,0.0021666905686678582
-0.3329008436714503,-0.3329008436714503,0.998307226221935,0.0015460902482131405
-0.33278810899682865,-0.33278810899682865,0.9997642513722436,0.0014346553438417734
-0.3326879861724592,-0.3326879861724592,1.0053241359869534,0.0014844669774954967
-0.3325036600803287,-0.3325036600803287,0.9998830754290046,0.002344071899427619
-0.3323223857980338,-0.3323223857980338,0.9999289164716394,0.002086000385729192
-0.33222962735126205,-0.33222962735126205,0.998494317068633,0.002060289669993863
-0.3321436977197664,-0.3321436977197664,0.9994497277918016,0.0015774170837380547
-0.3320301998299328,-0.3320301998299328,1.000453004277676,0.0019455133759722584
-0.33195346984502977,-0.33195346984502977,0.9981919219357813,0.001935209087598993
-0.33178179370715954,-0.33178179370715954,0.9997274105610169,0.0032052667050513385
-0.33163934383374,-0.33163934383374,1.001422518540784,0.001556275224074019
-0.33147819247278676,-0.33147819247278676,0.9987929191139828,0.0026999535031982493
-0.33138073382942823,-0.33138073382942823,0.9978158844673297,0.0015978500419026626
-0.33124468905079996,-0.33124468905079996,1.001307163188581,0.0016289433013224885
-0.33114181847540747,-0.33114181847540747,1.000652448495977,0.001851106424762996
-0.33101029236477186,-0.33101029236477186,0.9999767954931572,0.002052875515540141
-0.3308979638313758,-0.3308979638313758,0.9984336543125176,0.0019550612327340964
-0.3308179708681564,-0.3308179708681564,1.0018933243779127,0.0017429475009522564
-0.33069568664759574,-0.33069568664759574,1.0003933192493721,0.0024192086533391553
-0.3305580254740562,-0.3305580254740562,0.9999780619355148,0.002288422793509197
-0.3304507426035343,-0.3304507426035343,0.9996104694616615,0.001964550846692953
-0.3303701606051618,-0.3303701606051618,1.0027313612932338,0.0020024709806458155
-0.33026383188735053,-0.33026383188735053,0.9991644859528417,0.001523983050788835
-0.3301070913708827,-0.3301070913708827,0.9978297146414425,0.002743658306996848
-0.3299631873773251,-0.3299631873773251,0.9984405213357705,0.0026706519097992295
-0.3298699958771977,-0.3298699958771977,1.00092951368386,0.0014712477101719045
-0.329732464549852,-0.329732464549852,1.0001182026883968,0.001647174620825182
-0.3296415846896707,-0.3296415846896707,1.0001188045898437,0.001827141814624052
-0.3294555620621395,-0.3294555620621395,1.001661528966034,0.0020026995883332638
-0.3292151292147537,-0.3292151292147537,0.9996113179401147,0.002410633138968136
-0.3291202035557944,-0.3291202035557944,0.9993003761541598,0.002140233800348516
-0.3290506475226721,-0.3290506475226721,1.0001982147604218,0.00158044549171979
-0.3289347147285298,-0.3289347147285298,0.998895862059881,0.002334624733453253
-0.3287750715930088,-0.3287750715930088,0.9982649512852388,0.0021890420296677726
-0.3286740225028552,-0.3286740225028552,0.999457428105052,0.002860776962486944
-0.3285218506176534,-0.3285218506176534,1.000985321512273,0.002184434064458531
-0.32836845369802176,-0.32836845369802176,1.0013433864303436,0.002182488204498265
-0.32824531073601976,-0.32824531073601976,1.0006857626956274,0.001591564353446887
-0.3280865504944813,-0.3280865504944813,1.0009858882269076,0.0015768606527216463
-0.327957256505033,-0.327957256505033,1.00046048072643,0.0022452155870579965
-0.3277528524809895,-0.3277528524809895,0.9996620904638803,0.0016002642971985968
-0.3276632518527549,-0.3276632518527549,0.9975738709256383,0.001709287153304728
-0.3274689217141713,-0.3274689217141713,0.9998073163414192,0.0019864619563590294
-0.32734977762684137,-0.32734977762684137,1.000510775237441,0.002344230398638139
-0.3272417176829549,-0.3272417176829549,0.9982622713275496,0.001997323449445255
-0.32708678042290557,-0.32708678042290557,1.0017119144030837,0.002319535330101915
-0.32696032306375855,-0.32696032306375855,1.001269802364511,0.002166136643250604
-0.32683963104573194,-0.32683963104573194,1.0003038105080566,0.002141564561834443
-0.3266834742613355,-0.3266834742613355,0.9997965310414683,0.0015368016406655314
-0.32656825000849493,-0.32656825000849493,0.9969123592324642,0.001467268140981196
-0.32647588930867644,-0.32647588930867644,0.9990510150854293,0.0016783665533000411
-0.3262126850169807,-0.3262126850169807,1.0000193378396698,0.002577800924892125
-0.3260777045705254,-0.3260777045705254,0.9995830338885245,0.0016294632286067631
-0.32601614144768976,-0.32601614144768976,0.9987202714580455,0.0014344445808967886
-0.3258664775137731,-0.3258664775137731,0.9987905852049623,0.0019913034950710925
-0.32579493557132083,-0.32579493557132083,0.9961354976517374,0.002292957097143137
-0.3255949474363661,-0.3255949474363661,0.999740642402435,0.0022238234953417335
-0.32549556444337213,-0.32549556444337213,0.9984759906112947,0.002781903710737583
-0.3253626374191299,-0.3253626374191299,1.0051554904688165,0.0021883197309638808
-0.3252226629847428,-0.3252226629847428,1.000849238318941,0.0016180352024206235
-0.32510335965289416,-0.32510335965289416,0.9991085634172145,0.002983202547103034
-0.3250001938364221,-0.3250001938364221,1.000917776552794,0.001710503345037861
-0.32486416971041765,-0.32486416971041765,1.0005086222918063,0.0020211724384311606
-0.3247134572799041,-0.3247134572799041,0.9995657829818623,0.0017046397779360394
-0.32461175246753554,-0.32461175246753554,0.9998066395654452,0.001992492370547595
-0.32451623859396933,-0.32451623859396933,1.0002913713837365,0.0018405226639342906
-0.32434997677846694,-0.32434997677846694,1.0004848227403023,0.0013574657181907742
-0.324203408761241,-0.324203408761241,1.0003130552874668,0.0023711323853553108
-0.3240926568141731,-0.3240926568141731,1.0009244692965544,0.0021444330037646018
-0.32395084651871003,-0.32395084651871003,1.0000733200505103,0.0016300809246492264
-0.32382093763117153,-0.32382093763117153,0.9992364036342561,0.0026426349003325408
-0.32372742192801524,-0.32372742192801524,0.998271981326706,0.0016581911443489198
-0.3236201536947192,-0.3236201536947192,1.0007711623276854,0.0014855380598367226
-0.3235104123064957,-0.3235104123064957,0.9991867599433665,0.0017279943008106495
-0.32340714253678016,-0.32340714253678016,0.9989990716204961,0.0015954694598034683
-0.32325614286492055,-0.32325614286492055,1.0007875790694292,0.0016282787546976984
-0.323118741192593,-0.323118741192593,0.9982165286606627,0.002254302878232347
-0.3229461524841099,-0.3229461524841099,0.9994952008769633,0.0015904029798967448
-0.3227739204075988,-0.3227739204075988,1.001314214932591,0.0020127044066974432
-0.322684685645072,-0.322684685645072,0.9999414314035274,0.0020844229508346977
-0.3225448561041048,-0.3225448561041048,0.9976613046598987,0.0026739131084124223
-0.3224381072574033,-0.3224381072574033,0.99948808487327,0.0026762019413967527
-0.3223439623176091,-0.3223439623176091,0.9979877636311467,0.0023175776742118
-0.3222386973509856,-0.3222386973509856,0.9983345321953465,0.0022020707109658977
-0.3221394701953614,-0.3221394701953614,0.9986311460137582,0.0015993142123245214
-0.321989208551895,-0.321989208551895,0.9999219585117872,0.0016955595511208136
-0.3218675037704088,-0.3218675037704088,0.9995285644029861,0.0016415419166917055
-0.3217434530655737,-0.3217434530655737,1.0008668258430782,0.002085573723287173
-0.32164708112049994,-0.32164708112049994,0.9983558246885181,0.0021074028884003645
-0.32153554127817185,-0.32153554127817185,1.0027134441600114,0.0016574785143237754
-0.3214552140530941,-0.3214552140530941,1.0013500671551374,0.0016585984587847804
-0.3213070404533937,-0.3213070404533937,0.9982685717981779,0.0015990122343591383
-0.3211293180829671,-0.3211293180829671,0.9975999153815709,0.002384360897705837
-0.32099580869416966,-0.32099580869416966,0.9978987145696226,0.0021562069761086834
-0.32080717534554426,-0.32080717534554426,1.0002501540547697,0.0021943930137935503
-0.3207063919900975,-0.3207063919900975,0.9982325838344792,0.003104032849173187
-0.3206316113275534,-0.3206316113275534,0.9975078362498271,0.0020040290459244882
-0.3205117193474507,-0.3205117193474507,0.9995638355549652,0.001491361455259988
-0.320393617269292,-0.320393617269292,0.9992882869798132,0.0015886098317870394
-0.32032183596547836,-0.32032183596547836,1.0009263618816002,0.0014786960803178585
-0.32022106313106635,-0.32022106313106635,0.9984981608105585,0.001532368023267074
-0.3200935979561109,-0.3200935979561109,0.9993477586713955,0.0017728026920909527
-0.31993445706775675,-0.31993445706775675,0.9998556865809922,0.0019219028722146797
-0.31977547513997706,-0.31977547513997706,0.9987959712182504,0.0019668439538228317
-0.3196127378938399,-0.3196127378938399,1.0009557471546358,0.0020258344755977624
-0.3195415558633613,-0.3195415558633613,0.9986943449436009,0.002088488892154781
-0.3193619740910435,-0.3193619740910435,0.9997175129490087,0.0030925958450980042
-0.3192717962054303,-0.3192717962054303,0.998713007533711,0.0030910204239774277
-0.3191553570437463,-0.3191553570437463,1.0002392711196588,0.0021712457664348804
-0.3190236702861512,-0.3190236702861512,0.9989493750377492,0.0015133089597469305
-0.3188932886634575,-0.3188932886634575,1.000044009506241,0.0016159477592685378
-0.3187557492608903,-0.3187557492608903,0.99995255233342,0.001687034135154826
-0.3186410276493916,-0.3186410276493916,0.9995072319877849,0.002145050935760787
-0.31850832947511665,-0.31850832947511665,0.9985463652330109,0.0019799884460779582
-0.31836930373174255,-0.31836930373174255,0.9993286508549832,0.0016192814363843815
-0.3182352307316251,-0.3182352307316251,0.9992119706660917,0.0017172125674686644
-0.3180436883152652,-0.3180436883152652,0.9990361513249176,0.0023247397419605344
-0.3179153985553057,-0.3179153985553057,0.9977738008497516,0.0022309016836699917
-0.3177685926482809,-0.3177685926482809,1.0001254977517173,0.002159310503876508
-0.31766188783112737,-0.31766188783112737,1.0004471733143077,0.002636163110304341
-0.3175735795346554,-0.3175735795346554,1.0010968005546677,0.0026722600465460397
-0.31744767850086647,-0.31744767850086647,0.9998934823854967,0.0015925334748735983
-0.3173296161046892,-0.3173296161046892,0.9989778131639147,0.0015939782182073977
-0.317170432599778,-0.317170432599778,0.9999766285181746,0.001507063135254313
-0.31701603447836535,-0.31701603447836535,0.9982261862954743,0.0017403649850899507
-0.31686471555185564,-0.31686471555185564,0.9983443449142788,0.002328791513597084
-0.3167178937150311,-0.3167178937150311,0.9992995387709076,0.0016431914492857815
-0.3166253025103288,-0.3166253025103288,0.9987882377150143,0.002268503667311852
-0.31647998479184025,-0.31647998479184025,1.001024166358104,0.0016725483843347162
-0.3163545588911802,-0.3163545588911802,0.9986112924249699,0.0023270614765953457
-0.316208262267719,-0.316208262267719,0.9989725492534169,0.0031060787903011396
-0.3160633104256704,-0.3160633104256704,0.9980909822399319,0.0026284225410821527
-0.3159833700508898,-0.3159833700508898,0.9993134817014153,0.0015944923113121474
-0.3158694875992296,-0.3158694875992296,1.0018011157364217,0.0015716112669761251
-0.3156657770392485,-0.3156657770392485,1.0005956013822053,0.001641627332241059
-0.3155551826346709,-0.3155551826346709,0.9994955319173198,0.0017181704311521196
-0.3154748411729088,-0.3154748411729088,1.0008072358291176,0.002498087446127599
-0.31532783244892926,-0.31532783244892926,0.9989223114352944,0.002004496948721443
-0.31523915751895404,-0.31523915751895404,1.0007397136557719,0.0015394889393607306
-0.3151066272772368,-0.3151066272772368,1.0016968035466285,0.0019991293730334423
-0.3148922210042656,-0.3148922210042656,0.9992300209314134,0.0015640921006113404
-0.3147753203305911,-0.3147753203305911,1.0005962688768684,0.002702255894935701
-0.31460239580319466,-0.31460239580319466,0.9994452397165865,0.002189896195761397
-0.3145116624817092,-0.3145116624817092,0.999998241603554,0.00306374724032055
-0.31438326598254207,-0.31438326598254207,1.0009116805589025,0.0016595480324322902
-0.3142493052726422,-0.3142493052726422,0.9998149101968451,0.002758056833588684
-0.3141154077780811,-0.3141154077780811,0.9994066080346915,0.0017471895463035663
-0.31396432436631583,-0.31396432436631583,1.0003191033928727,0.0016170023389415577
-0.3139167210005326,-0.3139167210005326,1.0001441932153001,0.001933430954482275
-0.3138056710402452,-0.3138056710402452,0.9996516172951433,0.002003177853696054
-0.31371616784854267,-0.31371616784854267,1.0001754046389189,0.0022643822863381634
-0.31362006617346194,-0.31362006617346194,1.0016985482342071,0.0015635236460736657
-0.3135366529077146,-0.3135366529077146,0.9997845168586134,0.001969172489563866
-0.3133738431142774,-0.3133738431142774,0.9992585607817066,0.0019350049856466738
-0.31331060663342214,-0.31331060663342214,0.9996241729215146,0.0015868358949886045
-0.31318145951772747,-0.31318145951772747,0.9976740755418018,0.0031110247617592494
-0.3130299209497025,-0.3130299209497025,1.000565384286261,0.0027226581476193458
-0.31287465054974745,-0.31287465054974745,0.9992488565473925,0.0015085825450371992
-0.3127582337048807,-0.3127582337048807,1.0028150055454268,0.0021415347795128736
-0.3125976995552264,-0.3125976995552264,0.9989766184158047,0.0015571856774042338
-0.31246975135345567,-0.31246975135345567,1.0012054993408266,0.001856147811832913
-0.3123345986548884,-0.3123345986548884,0.9988506534326248,0.002283843401263316
-0.31221468395578994,-0.31221468395578994,0.999255659631505,0.001599057217585446
-0.31212693795223456,-0.31212693795223456,1.00234828933888,0.0016397493867810465
-0.31201048925795477,-0.31201048925795477,0.9987985487710273,0.00170237175625283
-0.31191474362312877,-0.31191474362312877,0.9998965677887256,0.0018601694099970277
-0.3117949730954933,-0.3117949730954933,0.9994551093625956,0.001557839881816996
-0.3116847534878616,-0.3116847534878616,0.9992243277069519,0.003145863337263458
-0.3115926226326337,-0.3115926226326337,1.0000131732188096,0.0022031775844476745
-0.3114818338404802,-0.3114818338404802,1.0013148609314144,0.0021784097661110644
-0.3113186793836576,-0.3113186793836576,1.001455620978105,0.00224304951829967
-0.3112025747164807,-0.3112025747164807,0.9966349168040664,0.0017417425554866327
-0.3111035373945924,-0.3111035373945924,0.9982759624198765,0.0017543371759102832
-0.31096156688417975,-0.31096156688417975,1.0012647932567327,0.0017257606609282783
-0.3108187277046454,-0.3108187277046454,0.9976209882372657,0.0015172455127703186
-0.31075246765049086,-0.31075246765049086,0.9986939551720401,0.0027135232290149513
-0.31067930734443505,-0.31067930734443505,0.9972140271361276,0.0023744727106214366
-0.3105540827855293,-0.3105540827855293,0.9994290954435094,0.0023474210729562354
-0.31042804969274584,-0.31042804969274584,1.00120798994165,0.001997949298322868
-0.3103228961119385,-0.3103228961119385,1.0013891925013316,0.0022730894903021616
-0.3102479268905881,-0.3102479268905881,1.0004612731226308,0.0015389451048441554
-0.31008257560879426,-0.31008257560879426,0.9966592617724791,0.00300698337784571
-0.3099385022707793,-0.3099385022707793,0.9997953277916516,0.002206730860141112
-0.3098167558046043,-0.3098167558046043,0.9988972617770348,0.0021382332377952377
-0.3097120586751771,-0.3097120586751771,1.003672181235941,0.001566549627603235
-0.30959487081618137,-0.30959487081618137,0.9995929108902978,0.001480125968892734
-0.30947052598512526,-0.30947052598512526,1.000946261971008,0.0013622267648281685
-0.3093201092015079,-0.3093201092015079,0.9994458271980502,0.0023442407106490457
-0.3091371318319943,-0.3091371318319943,1.0006074272496244,0.002028428011852286
-0.3090328157617478,-0.3090328157617478,1.0008066276141185,0.0020274016368912393
-0.3089317170315553,-0.3089317170315553,0.9984324835752629,0.0016851572833276422
-0.30881836893950093,-0.30881836893950093,0.9995301637224087,0.002235645175467284
-0.30869817104376124,-0.30869817104376124,0.9983933063256917,0.0021783874680260567
-0.3085576178797055,-0.3085576178797055,0.9987644115496019,0.0027890310320737694
-0.3083811187570973,-0.3083811187570973,0.9975709902110935,0.002689672843189242
-0.3082321245376079,-0.3082321245376079,1.000751165793385,0.001610004540873726
-0.30811688912981483,-0.30811688912981483,1.0005058963033036,0.0015580961717569304
-0.3080121216342377,-0.3080121216342377,0.9994201425910125,0.0018778253696371335
-0.3078510415129131,-0.3078510415129131,1.0011295724401346,0.0019346374573965066
-0.3077528698697279,-0.3077528698697279,0.9997421931234387,0.0020761378849316883
-0.30766734699027437,-0.30766734699027437,1.0005632686576695,0.0015827254137676557
-0.3075350445231379,-0.3075350445231379,0.9992000701245578,0.0024930925885261164
-0.30737457862396694,-0.30737457862396694,1.000404765846398,0.002291855938162091
-0.30726727136643606,-0.30726727136643606,1.0012668422879842,0.001966902365131984
-0.3071766157676393,-0.3071766157676393,1.0002407988169895,0.001978686881901604
-0.3070643820676196,-0.3070643820676196,0.9983306204764031,0.0015294817720685674
-0.3069234077423971,-0.3069234077423971,1.0008675417571582,0.002738545034441979
-0.3067894365403845,-0.3067894365403845,0.9982737483535331,0.002126458592203116
-0.3067106870106727,-0.3067106870106727,0.9998899429900476,0.002161231664759653
-0.3065788625901405,-0.3065788625901405,0.9998196655027541,0.001598988574523261
-0.3064772910745887,-0.3064772910745887,1.000920383688174,0.0014767893653435992
-0.30630852131580466,-0.30630852131580466,0.9984464516069327,0.0019522681295621063
-0.30609608316390224,-0.30609608316390224,0.9997370850310838,0.0026361447786343315
-0.30596484332854745,-0.30596484332854745,0.9973797168645971,0.0021618608248531873
-0.3058946608785845,-0.3058946608785845,0.9990894236429344,0.0015657204532380747
-0.3057994200144094,-0.3057994200144094,0.9993903649396108,0.0016404433758154702
-0.305669591964579,-0.305669591964579,1.0000101948882285,0.002295494910468425
-0.3055155833089884,-0.3055155833089884,0.998921434301049,0.0027027351391552723
-0.3054371027594243,-0.3054371027594243,0.9983411845924811,0.0023893367407367117
-0.30527874186373083,-0.30527874186373083,0.9984740430418938,0.0027019061279953548
-0.30515017048128357,-0.30515017048128357,0.9982352823022896,0.0015579785702281048
-0.3050617680435607,-0.3050617680435607,1.0003765242487528,0.0015907416737106924
-0.3049029227389838,-0.3049029227389838,0.9996502868536851,0.0015734533720281403
-0.3048047869602669,-0.3048047869602669,1.0003780823267838,0.0021610241984925858
-0.3046294370071337,-0.3046294370071337,1.0007793247880294,0.0017270317950570026
-0.30451395765503547,-0.30451395765503547,1.000329749348394,0.001677153086732295
-0.304327253655174,-0.304327253655174,0.9986350798035343,0.0019975554955548483
-0.3041915589088603,-0.3041915589088603,1.002314199854905,0.002331914549705077
-0.30407731634441004,-0.30407731634441004,1.0004333071411957,0.0020217110225767498
-0.3039337265814538,-0.3039337265814538,0.9980274672914131,0.0023107185419679703
-0.30380712465084797,-0.30380712465084797,1.0003724237490306,0.0021406435514048417
-0.3036800537229283,-0.3036800537229283,0.9991443206604883,0.0021980087942747232
-0.30354085670205677,-0.30354085670205677,1.0007349931432825,0.0014752967588368164
-0.3034107694258637,-0.3034107694258637,1.0007135636638107,0.0015552647622845536
-0.3033354432080159,-0.3033354432080159,0.999209911898706,0.0015408896110072185
-0.3030624619490482,-0.3030624619490482,0.9993686639394049,0.0023398449882877726
-0.3029145584016078,-0.3029145584016078,1.0006705975451347,0.002064527075104074
-0.30283284390079646,-0.30283284390079646,0.997752181593128,0.0014331452867819025
-0.302683044938567,-0.302683044938567,1.0005524180496816,0.001993322558246928
-0.30261144857449834,-0.30261144857449834,1.0042611557391892,0.002287745231231252
-0.30241141205697203,-0.30241141205697203,0.999707089721625,0.00222082017349953
-0.30230560511681687,-0.30230560511681687,0.9986169902540649,0.0026482342296508376
-0.3021380378462709,-0.3021380378462709,1.0015309671137618,0.0022137999686831105
-0.3019916785731766,-0.3019916785731766,0.9989465644725088,0.0015605986702054114
-0.3018652972097698,-0.3018652972097698,1.0024038696395834,0.0030001037195801303
-0.3017474896219937,-0.3017474896219937,1.0011676758245052,0.0020046325044352797
-0.30158021003226165,-0.30158021003226165,0.999698255876806,0.0018355639116856275
-0.301447201013616,-0.301447201013616,1.0018993395693272,0.0019590964945941014
-0.3013661993356436,-0.3013661993356436,0.9998842416896659,0.0017694627939783439
-0.30118290965529015,-0.30118290965529015,0.9999625770011702,0.0015140375947715727
-0.30101969159441067,-0.30101969159441067,0.9984984545969718,0.0023662313196621478
-0.3008817480022117,-0.3008817480022117,1.0010790464350101,0.002184639955633843
-0.30072602791588,-0.30072602791588,0.9997841953017164,0.002201698128614398
-0.30059473935507414,-0.30059473935507414,0.9995084495619514,0.0021594970651699678
-0.30051444211840134,-0.30051444211840134,1.0002185883099375,0.0016402250801425412
-0.30036889677521683,-0.30036889677521683,0.9988059022217974,0.0016098934617630833
-0.30027683099888236,-0.30027683099888236,1.000119764747152,0.0017302801682845931
-0.30017351278020216,-0.30017351278020216,1.0006114284746914,0.0015096576270340722
-0.3000212383380131,-0.3000212383380131,1.0022855749120787,0.0017682210762202239
-0.29990861064070484,-0.29990861064070484,1.000220918375867,0.0022484503730369016
-0.29976271969717344,-0.29976271969717344,0.9984986225297947,0.0015881143172915637
-0.29959048635791985,-0.29959048635791985,1.0004288391782252,0.002012554157839991
-0.2995056926367397,-0.2995056926367397,1.0003886599181246,0.0021461029777838487
-0.299393575430804,-0.299393575430804,1.0018127068411062,0.0022702204060610475
-0.299271904147281,-0.299271904147281,1.0010435664534127,0.0030664619242074245
-0.2991608565813294,-0.2991608565813294,0.9975708951962853,0.0023260185316547727
-0.29905519008407283,-0.29905519008407283,0.9998020077622067,0.0021987877706726266
-0.29895605427082045,-0.29895605427082045,0.999260433329316,0.0015987484792445335
-0.2988342541593738,-0.2988342541593738,0.999139611465748,0.0016026330233770536
-0.2987329090377898,-0.2987329090377898,0.9987268726252043,0.0016095123811742055
-0.2986315821754033,-0.2986315821754033,1.000522127108849,0.0015860540205209742
-0.2985160906222518,-0.2985160906222518,0.9992426724345307,0.0020513349173860575
-0.2984250846555369,-0.2984250846555369,1.0025244180199437,0.002109929614234329
-0.29831801081018056,-0.29831801081018056,0.9994350518094134,0.0017696155540884266
-0.2982257140036381,-0.2982257140036381,0.998574949225649,0.0016408249158817924
-0.29804043308413386,-0.29804043308413386,0.9984163790667516,0.002338307817824451
-0.2978593705494859,-0.2978593705494859,0.9987195138384569,0.0022121312026609553
-0.2976927339932445,-0.2976927339932445,1.0003885082749264,0.001515508714974134
-0.297530667866522,-0.297530667866522,0.9999554413106578,0.003456908254013675
-0.2974438465980711,-0.2974438465980711,1.0000639968330307,0.0015512248898849595
-0.2973313378803141,-0.2973313378803141,0.9998549909162397,0.0014645426938737238
-0.29719697641685344,-0.29719697641685344,1.0009545906405215,0.0016452447954948101
-0.2971032547757204,-0.2971032547757204,0.9987322144346708,0.0015448959382841497
-0.29700204774435407,-0.29700204774435407,0.9985368028881666,0.0014436452541756837
-0.29688261353294365,-0.29688261353294365,0.9976482565245958,0.0017545027987493206
-0.29672263823285905,-0.29672263823285905,0.9985235990165393,0.0019358591309045867
-0.2966144120639001,-0.2966144120639001,0.9997612612628108,0.0019396821434427658
-0.2964794910525598,-0.2964794910525598,1.0020460513932816,0.002014331946485084
-0.2964098017648212,-0.2964098017648212,0.9987926454220893,0.0019868279164173422
-0.2962822992894871,-0.2962822992894871,0.9993963701580582,0.0025990913042783625
-0.2961514728858674,-0.2961514728858674,0.9995815289612165,0.00308838969424653
-0.29605816234197846,-0.29605816234197846,0.9993441762529349,0.002666287303643739
-0.29595335835165315,-0.29595335835165315,0.9990984637360227,0.002190822432162285
-0.29581677255246175,-0.29581677255246175,0.9999893431847513,0.001545680562992001
-0.2957033628114004,-0.2957033628114004,0.998744683616124,0.0016104128793835975
-0.2955468327325434,-0.2955468327325434,0.9995122881304603,0.001787200987449279
-0.295446053280466,-0.295446053280466,1.0013635160130985,0.002056159109095849
-0.29535841322449413,-0.29535841322449413,1.000402257475089,0.001967395923761029
-0.29520576786144376,-0.29520576786144376,1.0001103940659446,0.0015822071056530457
-0.2950873696227063,-0.2950873696227063,0.9998530984294369,0.001746038202725613
-0.29489030367367375,-0.29489030367367375,0.9983285992035945,0.0022781902671230423
-0.29475250513878565,-0.29475250513878565,0.9977643060789912,0.0022428391571457204
-0.2946342380328133,-0.2946342380328133,0.99846708570219,0.0021981311350474254
-0.29449849488901236,-0.29449849488901236,1.0003220604416216,0.0021087803895308765
-0.294435949734725,-0.294435949734725,1.0002077015426152,0.003060799909619024
-0.294318471141014,-0.294318471141014,0.9998859922731324,0.001665544511786758
-0.29418853299939657,-0.29418853299939657,0.9990903164257725,0.0015199857584593766
-0.29406928926437104,-0.29406928926437104,1.0005164410838967,0.0016344886922255875
-0.2938734137758729,-0.2938734137758729,1.001360051953739,0.0015711695125394346
-0.2937413430756351,-0.2937413430756351,1.0021132625357894,0.002060555863998432
-0.2935603714251556,-0.2935603714251556,1.0010787481924883,0.002035908571565084
-0.2934969639820338,-0.2934969639820338,0.9995438395167051,0.0018954676334867072
-0.2933277040383473,-0.2933277040383473,1.0015708021214071,0.0020900265087321814
-0.29325471941720027,-0.29325471941720027,1.0013390213935733,0.002205236725449013
-0.29310618792496823,-0.29310618792496823,1.0023300756971203,0.0031289634876208337
-0.2929594317220108,-0.2929594317220108,0.9988932374251049,0.003095204326431939
-0.29285512875958375,-0.29285512875958375,0.9996665696860324,0.0015116423723206091
-0.2927894037404258,-0.2927894037404258,0.9987836821932381,0.001511382160019316
-0.2926425981708235,-0.2926425981708235,1.0012052913589662,0.0016377566697564222
-0.2924516159877385,-0.2924516159877385,1.0032756972298242,0.0016776290191489838
-0.29235886711194325,-0.29235886711194325,1.001144095579972,0.0017459219449342852
-0.2922514354242594,-0.2922514354242594,0.9999599821189451,0.0026681400686455682
-0.29209454738211205,-0.29209454738211205,1.00137465346001,0.0015389766951903496
-0.29200136032341106,-0.29200136032341106,0.998319799771434,0.0017091777922512215
-0.291776615434901,-0.291776615434901,0.9996495073422789,0.0019391109437089736
-0.2916359557761098,-0.2916359557761098,0.9979059757502009,0.002246644997842377
-0.29148631790412766,-0.29148631790412766,1.000414105820028,0.002181359311627647
-0.2913684727160216,-0.2913684727160216,0.9982543472899948,0.0026668377377504146
-0.2912716597018516,-0.2912716597018516,0.9996615362447694,0.0027069238695635657
-0.29115957436297324,-0.29115957436297324,0.9979089925568742,0.002730515076055159
-0.2910411343546002,-0.2910411343546002,1.0009224554690537,0.0016455565588833205
-0.290898493109853,-0.290898493109853,1.0002705689115199,0.001695806991466557
-0.2907634077962939,-0.2907634077962939,0.9984251728489753,0.0016551764082902859
-0.2907032827086368,-0.2907032827086368,1.0018215935251509,0.0019026216141944624
-0.2905810789181487,-0.2905810789181487,1.0006954375719708,0.002343485661314918
-0.29049345513449226,-0.29049345513449226,1.0000200672819337,0.0018902067204974219
-0.29040854478698747,-0.29040854478698747,0.9989863109733476,0.0020501711002977657
-0.2902933582521655,-0.2902933582521655,0.9999758375590944,0.0019309463251482666
-0.2901777142837091,-0.2901777142837091,0.9983990144937931,0.0015361195577526018
-0.2900411823022296,-0.2900411823022296,0.9997762952688507,0.002247482066894514
-0.28993715360338684,-0.28993715360338684,0.9981690931262992,0.003083118802026061
-0.28980298048936676,-0.28980298048936676,0.9999031550739739,0.002191406861652488
-0.2896913211377978,-0.2896913211377978,0.9976739319173102,0.001507670011806688
-0.2895746490567035,-0.2895746490567035,1.0026182390239078,0.0021602574182256013
-0.2894142620592902,-0.2894142620592902,0.999639936429071,0.0015573569914280091
-0.2892860872478195,-0.2892860872478195,1.0007266970022024,0.001854821433828836
-0.2891800456050987,-0.2891800456050987,1.0001793273132322,0.0022839928667134565
-0.2890312743287723,-0.2890312743287723,1.000193051364841,0.0015959335720501324
-0.288943513644881,-0.288943513644881,0.9993811525165576,0.0016390763667610054
-0.2888270335026391,-0.2888270335026391,0.9990438282392088,0.0016994570949777229
-0.2887069616739609,-0.2887069616739609,0.9993256103001862,0.00185273919248308
-0.2885842107345525,-0.2885842107345525,1.0002320604583834,0.0022031237125884106
-0.28848547812194736,-0.28848547812194736,1.0018568363666993,0.0031411411081198022
-0.28835796533549,-0.28835796533549,1.0009037442545492,0.0015764580597282482
-0.28824594294019334,-0.28824594294019334,0.999904126397461,0.0026452063410340775
-0.28807974553365057,-0.28807974553365057,1.0011570597889747,0.0016392158624898047
-0.28796175721399775,-0.28796175721399775,1.0001164362681936,0.0016487811320065268
-0.28782728328751545,-0.28782728328751545,0.9991924559250567,0.0017628142691251414
-0.28765443479132957,-0.28765443479132957,0.9991447579048234,0.0016035851407167681
-0.2875856561024193,-0.2875856561024193,0.9990739182638985,0.0027399987612030984
-0.2875121590699564,-0.2875121590699564,1.0001395203225365,0.0020350897577348973
-0.28741229550287245,-0.28741229550287245,0.9983229785622652,0.0023945844538506757
-0.28728979545503536,-0.28728979545503536,0.9996807380085032,0.0022799039759560055
-0.28716964502345943,-0.28716964502345943,1.0009502426464183,0.001548965361539178
-0.2871011229326541,-0.2871011229326541,0.9960490313675381,0.0023821480517906995
-0.2870046662052118,-0.2870046662052118,1.0004203274587842,0.0021491404381917233
-0.28686465916889575,-0.28686465916889575,1.0006226340283322,0.0025896425549352285
-0.2867376869573491,-0.2867376869573491,0.9997941335913005,0.0026721939816954543
-0.28660581121894213,-0.28660581121894213,0.9984972626599795,0.0014609287809560366
-0.2864750416163588,-0.2864750416163588,1.001140918819289,0.0015143964080518324
-0.2863830758065887,-0.2863830758065887,1.0040214672611176,0.0015067125684802157
-0.2862188435752614,-0.2862188435752614,0.9996870216939875,0.001429111650150745
-0.2860716863106063,-0.2860716863106063,0.9986200699465233,0.002306797287525394
-0.28592441181172035,-0.28592441181172035,0.9990468101177864,0.0020466569485886946
-0.2858330408751499,-0.2858330408751499,1.000252283036077,0.0020603602799587452
-0.28573748168564633,-0.28573748168564633,1.000899369398698,0.001804718367914463
-0.28563493999681666,-0.28563493999681666,0.9989897521674745,0.0022282420607845927
-0.28551465916189045,-0.28551465916189045,1.0004382601655117,0.002176817624276181
-0.28535513139304386,-0.28535513139304386,1.001966025866428,0.002801119775921893
-0.28516608043519226,-0.28516608043519226,0.998532165322834,0.002656355027850092
-0.28502791480823364,-0.28502791480823364,0.9981915693041277,0.00160524063328312
-0.284904555315552,-0.284904555315552,0.9987826228891222,0.0016381863341463011
-0.2848028870084818,-0.2848028870084818,0.9979813115894232,0.0018037511914743218
-0.2846433647686354,-0.2846433647686354,0.998429848156588,0.0020501972737572128
-0.2845311151480928,-0.2845311151480928,1.0006929839664642,0.001954874471498491
-0.28443972007735285,-0.28443972007735285,0.9998430829241979,0.0020951463710873175
-0.2842806284825201,-0.2842806284825201,0.9999239171893164,0.0020846809521886034
-0.2841563186266285,-0.2841563186266285,1.0023738903169341,0.0022661813995405095
-0.28403800309351934,-0.28403800309351934,1.0026827609837548,0.0023456487150352924
-0.2839554695530751,-0.2839554695530751,0.9984950511535354,0.0015396665977891629
-0.2838094654827728,-0.2838094654827728,0.9993404616513523,0.002259112740864452
-0.2836301242881746,-0.2836301242881746,1.001587095799952,0.0026794356270197902
-0.2835481333515418,-0.2835481333515418,0.9986865062336603,0.0021590509745209653
-0.28341231377035003,-0.28341231377035003,1.000111355755529,0.0015348915399624697
-0.2832939310763322,-0.2832939310763322,1.0007523260165396,0.0014755818461962748
-0.28310440640198065,-0.28310440640198065,1.00239424442222,0.0016855384039846516
-0.2829124544561637,-0.2829124544561637,1.0014011805750438,0.002636849502302624
-0.2827813115429308,-0.2827813115429308,1.000913653569366,0.002157036214113689
-0.28271126107119926,-0.28271126107119926,0.9990325121081151,0.0015665596320393982
-0.2826287225116175,-0.2826287225116175,1.0008653236222151,0.0016283648593030445
-0.2825301685112208,-0.2825301685112208,0.9986242031247,0.002305863166145515
-0.28233905179895374,-0.28233905179895374,1.0018102574681425,0.0022400713777432696
-0.2822862984919993,-0.2822862984919993,1.0007916009234608,0.0028771850580630036
-0.28215483618369036,-0.28215483618369036,0.999565595583576,0.0021733567545786097
-0.28200131085632163,-0.28200131085632163,0.9963522359759975,0.002175028641733561
-0.28190436664081064,-0.28190436664081064,0.9986495383468471,0.0015949857890359346
-0.2817650644103196,-0.2817650644103196,1.0001067880671275,0.001616109033097065
-0.2816767429172614,-0.2816767429172614,1.000577215022816,0.0017003340391349236
-0.28149129725316013,-0.28149129725316013,0.9995311491611819,0.00220642741581559
-0.2813490229689705,-0.2813490229689705,1.000554928972932,0.0016736769183083584
-0.2811815411250791,-0.2811815411250791,0.9987588490919238,0.0015691323206138337
-0.2810613247353103,-0.2810613247353103,1.000529796140185,0.002288557699145215
-0.2809344659008275,-0.2809344659008275,1.0003716013388524,0.002381669340496578
-0.28081242462303635,-0.28081242462303635,1.0028920790160234,0.001593729563054136
-0.280672470866557,-0.280672470866557,0.9950322800881304,0.002745671126831308
-0.28054077946944744,-0.28054077946944744,0.9999498529188028,0.002205176554550266
-0.28041383815016163,-0.28041383815016163,0.9991007116937585,0.0014004058868002478
-0.28025215152229066,-0.28025215152229066,1.0011218808184421,0.0016192563161848267
-0.28015751689090396,-0.28015751689090396,1.0001722878020547,0.0015301525880462904
-0.2798788875777973,-0.2798788875777973,0.9982145223416549,0.0023352138080613457
-0.2797309883249909,-0.2797309883249909,0.9996696938078807,0.002061012990925954
-0.27962051684062317,-0.27962051684062317,1.0005991899371183,0.0014888292765782066
-0.27948525444007827,-0.27948525444007827,0.9987139579777328,0.0019777488256014475
-0.27938637741481215,-0.27938637741481215,1.0010752996578494,0.00229027507733062
-0.2792105740043553,-0.2792105740043553,0.9997520502459617,0.002682838141802797
-0.2790882365834477,-0.2790882365834477,1.0017107108721806,0.0026493339238747764
-0.27892475209137046,-0.27892475209137046,1.002053242758871,0.0016208804302368332
-0.27878265581657613,-0.27878265581657613,1.0004616653528235,0.0029520224553036154
-0.2786604471857572,-0.2786604471857572,0.9997416719476524,0.001655021520537692
-0.2785552963245209,-0.2785552963245209,0.9986479679569902,0.0022665939208319818
-0.2783966905026318,-0.2783966905026318,1.0007014316573586,0.0018350276313851208
-0.2782766581074611,-0.2782766581074611,0.9987798415284569,0.001962639611975842
-0.2782019240728914,-0.2782019240728914,1.0000836581257313,0.0016548715151115227
-0.2780323868377309,-0.2780323868377309,1.0017145499559428,0.0016350765974214774
-0.2778754036296959,-0.2778754036296959,0.9987732351683812,0.002327593444681219
-0.27772581175795497,-0.27772581175795497,0.9991960521403482,0.0021777544600472764
-0.27754246658150805,-0.27754246658150805,0.9997948727214926,0.002200709181869716
-0.27741126159799023,-0.27741126159799023,1.0003541131406521,0.0021615850555709868
-0.2773309448719374,-0.2773309448719374,1.001927343601973,0.0016410301763193156
-0.2771853451595234,-0.2771853451595234,0.9993217669614405,0.0016094804719962539
-0.2770997781683036,-0.2770997781683036,1.0014489241541629,0.00166286027364086
-0.27700819114779734,-0.27700819114779734,1.0008925736591698,0.0014967780086622335
-0.27683618877163096,-0.27683618877163096,0.9989934412516227,0.001637823555893436
-0.2766877390047739,-0.2766877390047739,0.9984855102758076,0.0022480138672045175
-0.2765446445100679,-0.2765446445100679,1.002481790990311,0.0015555546808235653
-0.2763806093555104,-0.2763806093555104,1.0011460020516076,0.0020673726342376455
-0.276302362799106,-0.276302362799106,0.9996786848883964,0.002042877936620985
-0.276144717428906,-0.276144717428906,0.999250558307816,0.002666774879544101
-0.27605344919993513,-0.27605344919993513,1.0079535909826862,0.002683809069656224
-0.27593571141078427,-0.27593571141078427,0.9985609912123637,0.0027399411071815597
-0.27586886434328334,-0.27586886434328334,1.0030455754730159,0.001683874026555017
-0.2757726383522822,-0.2757726383522822,1.000826819388891,0.001598698760225846
-0.2756507380052426,-0.2756507380052426,1.0002683056186534,0.0016026682843989209
-0.2755417679421953,-0.2755417679421953,1.0015806335749164,0.001656598886378717
-0.2754350585672,-0.2754350585672,1.0019098484838638,0.0016313076932593386
-0.27533204896717506,-0.27533204896717506,0.998144933450415,0.0021965621529707485
-0.27521701339246646,-0.27521701339246646,0.9979968588815005,0.0021872022382061224
-0.27510512350309,-0.27510512350309,1.0019012498535527,0.0016006482180912537
-0.2750134823609187,-0.2750134823609187,1.0002396038525732,0.0017137779272255941
-0.2748094293563554,-0.2748094293563554,0.9987797112926158,0.002306540615326891
-0.27465462801665125,-0.27465462801665125,0.9986239995975286,0.002137697786658462
-0.27451597380513704,-0.27451597380513704,1.0000454397659773,0.001724106104986483
-0.2743715688007796,-0.2743715688007796,1.000691729857118,0.0034288122974514743
-0.27426765959189653,-0.27426765959189653,1.0030276041660913,0.001665392264398784
-0.2741739463121121,-0.2741739463121121,1.0010804961054254,0.0013682246027215236
-0.2740366593276121,-0.2740366593276121,1.0014648626661677,0.0017055860185407358
-0.2739384712100218,-0.2739384712100218,0.9990965716219383,0.0014171676067997472
-0.2738280499286702,-0.2738280499286702,0.9980731484922772,0.0015238710565043934
-0.2736990319150209,-0.2736990319150209,1.0025428657989737,0.0017562605222303817
-0.27353221749126533,-0.27353221749126533,1.0003944287023765,0.0019447252301936376
-0.2734178165461344,-0.2734178165461344,1.00134809164225,0.001966604393010763
-0.27331539169535973,-0.27331539169535973,1.0012966704102364,0.0019156197560605084
-0.27323101514120934,-0.27323101514120934,1.0007961210813723,0.0020606830684683705
-0.273136474637613,-0.273136474637613,1.0004268256021203,0.002565935345000313
-0.2729881054154248,-0.2729881054154248,0.9993615583209101,0.0022255906662294366
-0.27290464867055564,-0.27290464867055564,1.0020487788833674,0.0030887124986053115
-0.2727698822411185,-0.2727698822411185,1.0010182504110745,0.0021891294170289224
-0.2726333581975268,-0.2726333581975268,0.9994618817490398,0.00154603428240999
-0.2725186867775847,-0.2725186867775847,1.0005207322505085,0.0015523694860416913
-0.27235753932764056,-0.27235753932764056,1.0004684976748834,0.0016820592637732117
-0.27223797163333074,-0.27223797163333074,1.001107997435476,0.002135083530279529
-0.2720738634141526,-0.2720738634141526,0.9982650437303657,0.0024665407325459273
-0.27198293403707796,-0.27198293403707796,0.9984956259094829,0.0016391052756872908
-0.2718563985044966,-0.2718563985044966,1.0011819347155746,0.0016522267522475324
-0.2716766747818838,-0.2716766747818838,1.0012266024498797,0.002314809413633355
-0.2715484230800939,-0.2715484230800939,1.0030054550321155,0.0022193232176013654
-0.27141978825820845,-0.27141978825820845,1.0008028888764056,0.0021661016385433546
-0.2713021417881464,-0.2713021417881464,1.0015938229232755,0.0026121137550868634
-0.2712312903448037,-0.2712312903448037,1.000669187780411,0.0026667012795852144
-0.2711066902791572,-0.2711066902791572,1.0011195643874928,0.0016109100995592828
-0.2709856346487868,-0.2709856346487868,1.002278136178276,0.0015707293066303308
-0.2708743115872494,-0.2708743115872494,1.0000948214830672,0.0016334139780199008
-0.27069008526523247,-0.27069008526523247,1.0017719859873968,0.0015692457661020472
-0.27055777278292226,-0.27055777278292226,1.0000067478616517,0.0020600806336726995
-0.2703793099241011,-0.2703793099241011,0.9999016867821059,0.0020327625836654454
-0.27029357496448936,-0.27029357496448936,1.0005888191643186,0.0019470792649650616
-0.2701383314284612,-0.2701383314284612,1.0138282282290618,0.002070538364669367
-0.2700713321046351,-0.2700713321046351,0.9991648112402748,0.00220350338881338
-0.269922423591197,-0.269922423591197,1.0001969841878204,0.003120349341258843
-0.269793160561494,-0.269793160561494,1.0000461786921464,0.0022332056951005893
-0.2696963005852012,-0.2696963005852012,1.0012044225471481,0.002624303990180555
-0.2696164904849866,-0.2696164904849866,1.0010227017713362,0.0015932686479389567
-0.2695022930163759,-0.2695022930163759,1.0009177266533011,0.001567455273447559
-0.26932980281308116,-0.26932980281308116,1.0016872854522973,0.001520574322300027
-0.2692026505832473,-0.2692026505832473,1.0013627320247551,0.0018234669699734025
-0.2691251982712856,-0.2691251982712856,0.9997933723137589,0.0024274520426473796
-0.26896079941870993,-0.26896079941870993,1.0001544731814582,0.002001770117821304
-0.268862380678911,-0.268862380678911,1.0021229473064053,0.0015913583287163208
-0.26869652521490933,-0.26869652521490933,0.9998821479522277,0.0019257265617908977
-0.2685115196811239,-0.2685115196811239,1.001911366612216,0.0015838091472635592
-0.26840817115516985,-0.26840817115516985,1.0009895612278463,0.002695112954352634
-0.26825077679477544,-0.26825077679477544,0.9997887025709176,0.0022036011250706907
-0.2681707266052399,-0.2681707266052399,0.9990093834979381,0.0026667711131410443
-0.2680660310188614,-0.2680660310188614,1.0001567739592025,0.0022506907354290476
-0.26793868178428965,-0.26793868178428965,1.0013102911571892,0.0027459870196864275
-0.26781220141583617,-0.26781220141583617,1.001235564096295,0.0017339646306809154
-0.2676810338107316,-0.2676810338107316,1.0003957056988244,0.0016303285150137004
-0.26756246762925,-0.26756246762925,1.0004207804345437,0.0015337040460892605
-0.2674995431303614,-0.2674995431303614,1.0000116385710622,0.0020021773032628783
-0.26737847932290604,-0.26737847932290604,0.9992451486163058,0.002256421031004191
-0.2672916793038894,-0.2672916793038894,1.0004320734973091,0.00198482982573053
-0.26720876302151736,-0.26720876302151736,1.0023046997552143,0.0019508336146515787
-0.2670621558885614,-0.2670621558885614,1.0004695146693212,0.001998746824890597
-0.26694670619162936,-0.26694670619162936,1.001634284500768,0.0015418147121787932
-0.26681403162092465,-0.26681403162092465,0.9982201285384885,0.003102065006681105
-0.2666627754473666,-0.2666627754473666,1.000007302799807,0.002712687295063262
-0.26650799180224566,-0.26650799180224566,1.0021352540935269,0.0015077198865939487
-0.26639106457259915,-0.26639106457259915,1.0005250507454324,0.0021788689516053826
-0.2662308246275643,-0.2662308246275643,1.0000438885679739,0.001555986536675626
-0.2661024232127602,-0.2661024232127602,0.9989299465930113,0.0018508806870076763
-0.2660088621703835,-0.2660088621703835,0.9984901687198517,0.002243901893793102
-0.2658593878059037,-0.2658593878059037,1.0020268277330993,0.0016155501612174455
-0.2657826755863425,-0.2657826755863425,1.0011287901785735,0.0015511747872059968
-0.26568748145509746,-0.26568748145509746,0.9999870481888339,0.0017197424182353142
-0.2655755865645915,-0.2655755865645915,0.9972354279789901,0.0019399866580033
-0.2654518659788664,-0.2654518659788664,1.000117049134424,0.001479047795991164
-0.2653351144739645,-0.2653351144739645,0.9995561511013282,0.0027472180263248074
-0.26523307914321775,-0.26523307914321775,0.9987945490709282,0.00266556522371917
-0.26509769202257305,-0.26509769202257305,0.9999102436085702,0.0026448779173042095
-0.26491737602791543,-0.26491737602791543,0.9999859594123119,0.0016543037782185647
-0.2648109369823942,-0.2648109369823942,0.9981523763677114,0.0015864380067430704
-0.2647166718443259,-0.2647166718443259,1.000325488755859,0.001768834474817091
-0.26451337884700477,-0.26451337884700477,1.0006249380791397,0.0017084422198584506
-0.26441735416792655,-0.26441735416792655,0.9985418890367456,0.0014539233391378634
-0.26434263877508785,-0.26434263877508785,0.9945694561522014,0.002852760869588834
-0.26424863861066117,-0.26424863861066117,1.0000602953004358,0.002662735989443859
-0.2641063373745055,-0.2641063373745055,1.0002620806939972,0.00227941645806354
-0.26398627091857635,-0.26398627091857635,1.0012795726273684,0.0015463752916098801
-0.26391749424765293,-0.26391749424765293,0.9998240124710742,0.002378520220199647
-0.2638213352231105,-0.2638213352231105,0.9991535647037291,0.002148672338009871
-0.26365737373780573,-0.26365737373780573,0.9985302558177673,0.0030331277353528225
-0.2635278527401169,-0.2635278527401169,1.0010240697054251,0.002212970391810177
-0.26340016608464795,-0.26340016608464795,1.000492360076588,0.00144925702408233
-0.2632662947436984,-0.2632662947436984,0.997272844356041,0.0014564522693888836
-0.263172915803807,-0.263172915803807,1.0024407038167624,0.0015141727518006838
-0.2630083379293865,-0.2630083379293865,0.999796323491976,0.0015539971666131771
-0.2628741965027075,-0.2628741965027075,1.0000172420485143,0.0025452069604980443
-0.2627178145432481,-0.2627178145432481,0.997744246739724,0.0021132564090662145
-0.2626341319244602,-0.2626341319244602,1.0024127491194728,0.0015964797783145682
-0.26252357012836003,-0.26252357012836003,0.9997812329811163,0.002152299455646594
-0.262444399611195,-0.262444399611195,1.0003460629820646,0.0018565087506661703
-0.26231396807252166,-0.26231396807252166,1.0002521857404585,0.0028592884540821727
-0.26217146847229744,-0.26217146847229744,1.0023034254353909,0.0027961698748383396
-0.2619825284282342,-0.2619825284282342,1.0014246706363972,0.0026519526516054852
-0.26184429805343823,-0.26184429805343823,1.0001905468854968,0.0016074793365226665
-0.261707487115018,-0.261707487115018,0.9999153331374357,0.0016454663759237938
-0.2615329502943496,-0.2615329502943496,1.0020549462594899,0.002217122891804285
-0.2614130794025186,-0.2614130794025186,1.0003843619278414,0.0020521548514432107
-0.26131850513575045,-0.26131850513575045,1.0008342130296564,0.0014338985397786487
-0.26120460716902016,-0.26120460716902016,0.9979666695017544,0.0024833048262782095
-0.2610286175386136,-0.2610286175386136,1.00024315832826,0.002011367214109065
-0.26092242610448013,-0.26092242610448013,0.9992292308093077,0.0019611853407157627
-0.2608267773674015,-0.2608267773674015,0.9993736404421207,0.0023251530372436846
-0.2607434756893781,-0.2607434756893781,0.9997444568711817,0.0014838694516101931
-0.26061251146657016,-0.26061251146657016,1.0000809567916389,0.0022144267872629434
-0.2604610149135624,-0.2604610149135624,0.999456511288858,0.002722925342812263
-0.2603847471935296,-0.2603847471935296,0.9991600485959322,0.0021570226842143755
-0.26025931999283786,-0.26025931999283786,1.001213051687032,0.00145649518817714
-0.26012465219464503,-0.26012465219464503,1.0017750030269617,0.0015212891960209797
-0.2599544085773232,-0.2599544085773232,0.9996355702577364,0.0015735462047181976
-0.25977010504429926,-0.25977010504429926,0.9981061222738739,0.002606621362641593
-0.2596068841910892,-0.2596068841910892,1.0005037744509289,0.0022391418645364477
-0.25954284129802546,-0.25954284129802546,1.0013054313456036,0.0015068591559487953
-0.25946665463307,-0.25946665463307,0.9992397070499399,0.001641375424716254
-0.2593649258478763,-0.2593649258478763,0.9998939302396362,0.0023321696595788146
-0.2591897638352748,-0.2591897638352748,0.999461415306625,0.0022059774622995537
-0.2591161664304309,-0.2591161664304309,0.9993733998363457,0.0028693967368371835
-0.2589713290997679,-0.2589713290997679,1.0005179956348331,0.002174613196251135
-0.25881773945802705,-0.25881773945802705,1.000113823162613,0.0021721146363450476
-0.25869619413242617,-0.25869619413242617,1.0032284691673607,0.0015685630056987733
-0.2585583758802386,-0.2585583758802386,0.9993059012539112,0.001627818592823811
-0.2584458113666187,-0.2584458113666187,0.9988412885613798,0.0021069769630611226
-0.2582339942353428,-0.2582339942353428,1.0009914963847237,0.0017353311648289251
-0.25814706354958616,-0.25814706354958616,0.999205256856383,0.0016747262295755904
-0.2579602236295614,-0.2579602236295614,0.9997545357344755,0.0019917609865094813
-0.2578539590964283,-0.2578539590964283,0.9994836242557181,0.001973217362826997
-0.2577344692444967,-0.2577344692444967,1.000015038396394,0.0023498125907344828
-0.2576289677614113,-0.2576289677614113,1.0006012166162392,0.0015913819965015313
-0.25749487579596464,-0.25749487579596464,1.0049151993195453,0.002301343809571986
-0.2573761795862083,-0.2573761795862083,0.9988597674728567,0.0026639642378503813
-0.25725582564482463,-0.25725582564482463,1.0013191414452263,0.0014913770575867183
-0.2570686562869014,-0.2570686562869014,0.9987528958322344,0.0016182101356998115
-0.25697403895701426,-0.25697403895701426,1.0017881472734047,0.001528646899029494
-0.25669531326839207,-0.25669531326839207,0.9989966245907042,0.002334478469378587
-0.25656629438890377,-0.25656629438890377,1.0015122883391154,0.002083431278010123
-0.25646722937708544,-0.25646722937708544,1.002525000356894,0.001429449311962508
-0.2563115285920503,-0.2563115285920503,1.0018997620797674,0.0020267294255681746
-0.2562408337656962,-0.2562408337656962,1.0036645565054456,0.0022367220453464475
-0.25604434115684854,-0.25604434115684854,0.9987977099850918,0.0022169653327796346
-0.2559578438078461,-0.2559578438078461,1.001640128941618,0.0026733255191927715
-0.25581231476007815,-0.25581231476007815,1.0032502674711434,0.0021849011620406478
-0.25564628356187313,-0.25564628356187313,1.0024541040933332,0.0016113570628857065
-0.25552397856499737,-0.25552397856499737,1.0004746775616749,0.002992784260749871
-0.2554173787646505,-0.2554173787646505,0.9961559670964132,0.001944902083058012
-0.25533092412279074,-0.25533092412279074,1.0007727378812328,0.002008587189217619
-0.2551851682173947,-0.2551851682173947,1.0004660543363513,0.0017270442729529138
-0.2550614856525499,-0.2550614856525499,1.0008286903541854,0.0019899723977435143
-0.25492784589532674,-0.25492784589532674,0.9975337972067075,0.0018014913337391775
-0.25476223563764505,-0.25476223563764505,0.9995350293539135,0.0022428120977423995
-0.2545899425074822,-0.2545899425074822,0.9982931209027861,0.0022194987088648673
-0.2544404499920347,-0.2544404499920347,1.0006974028795856,0.0015869513103827057
-0.2542705002866569,-0.2542705002866569,1.0001458832206047,0.002632995520691553
-0.25417021254143035,-0.25417021254143035,0.9998327199951682,0.001646172340881786
-0.25405018085548364,-0.25405018085548364,1.0008075530059313,0.0016014900660957295
-0.2539367282266539,-0.2539367282266539,1.0003976948086164,0.0017025540880043176
-0.25383389905200604,-0.25383389905200604,1.0012489194399699,0.001521008905860302
-0.2536526936775772,-0.2536526936775772,0.999433695926131,0.001635136573118139
-0.25349903382684713,-0.25349903382684713,1.0000504570992157,0.0023195787588583317
-0.25336122566623087,-0.25336122566623087,1.0025807152892372,0.001553650091982549
-0.25319545049896985,-0.25319545049896985,1.0021035981024133,0.002375158595739176
-0.25306616246598423,-0.25306616246598423,1.0006128880509608,0.0022675468923551976
-0.2529215921251307,-0.2529215921251307,0.9986122378036215,0.002184672241923304
-0.25285748873047853,-0.25285748873047853,1.001611188451919,0.0027090689086424697
-0.25274027629438933,-0.25274027629438933,0.9981617173496133,0.0027755999443034216
-0.2526608621046762,-0.2526608621046762,0.9983604076424732,0.0015872587737199115
-0.2525338728170027,-0.2525338728170027,0.9993773800231663,0.0016096661560320257
-0.2524181996592233,-0.2524181996592233,0.998047392757804,0.0016199417507883542
-0.252334254694324,-0.252334254694324,1.0005624057180518,0.0015269835489630133
-0.25223691855608193,-0.25223691855608193,1.0006104257830288,0.00163515706466661
-0.2521484475286343,-0.2521484475286343,1.0008268709010193,0.0021919844424513413
-0.2520335259938292,-0.2520335259938292,0.9995842505530227,0.002198973534513178
-0.25192114053861586,-0.25192114053861586,0.9996529907880655,0.0016036254120507596
-0.2518227957079944,-0.2518227957079944,0.9994844580904342,0.001668914664058627
-0.25162588124167085,-0.25162588124167085,1.0009187811232694,0.002301726383163603
-0.25147006732549926,-0.25147006732549926,0.9986052626300905,0.002160659661001688
-0.25129600640739225,-0.25129600640739225,0.9993717962200563,0.001747562313592918
-0.2511608639240876,-0.2511608639240876,0.9992572841835254,0.0034343139001133576
-0.251043927484352,-0.251043927484352,1.0002689732409662,0.0015644830498887218
-0.2509064449403013,-0.2509064449403013,0.998126107562407,0.0015152872063717816
-0.2507879910195697,-0.2507879910195697,1.0007250163834422,0.0015733329157578632
-0.25069550883490593,-0.25069550883490593,0.9996550022262557,0.0014875484853484585
-0.2505723194379243,-0.2505723194379243,0.9993830610266883,0.0016926663103135036
-0.25042213692850057,-0.25042213692850057,0.9996070992102754,0.0019764322774224866
-0.2502724590976868,-0.2502724590976868,1.0007111076933484,0.0015341895908578288
-0.2501468096366807,-0.2501468096366807,0.9989160079671716,0.0022947521979826396
-0.2500475175042084,-0.2500475175042084,1.0005282553867618,0.0020542134312066473
-0.24995293207630312,-0.24995293207630312,1.000565553276394,0.0025765084359456584
-0.24980459125508786,-0.24980459125508786,1.000749595337124,0.002222677119898369
-0.24972107512439834,-0.24972107512439834,0.9992165798479746,0.0030814308088957026
-0.2495905156401932,-0.2495905156401932,0.9968148406502824,0.002175562830427797
-0.2494702885946026,-0.2494702885946026,0.998614357566877,0.0015900493607844506
-0.24933519929491013,-0.24933519929491013,0.9992266605026418,0.0015494236382155408
-0.2492442449029113,-0.2492442449029113,1.0000170338939436,0.0017033546901465302
-0.24911488218240266,-0.24911488218240266,1.000360042612848,0.0017514125097530969
-0.24903543572690978,-0.24903543572690978,0.9975391706555499,0.0021516301899727566
-0.24888855092885934,-0.24888855092885934,1.0015206239312264,0.001885912277438113
-0.2487943319565602,-0.2487943319565602,0.9984286271644821,0.001665048318793861
-0.2486473013384966,-0.2486473013384966,0.9995021174591908,0.0020622699831494376
-0.24848381406227418,-0.24848381406227418,1.0005385865143468,0.0020004599665540404
-0.24836493540296942,-0.24836493540296942,1.002266240701322,0.0022200059719879916
-0.24823630365008284,-0.24823630365008284,0.9993807476329215,0.002165179060221705
-0.24811869465302153,-0.24811869465302153,0.9999311063943755,0.0026115249301597978
-0.24804772759562183,-0.24804772759562183,1.0001554731785331,0.002667438368118922
-0.24792306886265578,-0.24792306886265578,0.998752529003067,0.001609366621412521
-0.24780208192823922,-0.24780208192823922,1.0004947611838897,0.0015708316823660623
-0.24771006585397118,-0.24771006585397118,0.9987088599876952,0.0016330073614162469
-0.2475363309817112,-0.2475363309817112,0.9994722968768727,0.0014991634705967562
-0.24740994370204134,-0.24740994370204134,1.0003486768877439,0.0016833909254242944
-0.24725970855379273,-0.24725970855379273,0.9981386059469759,0.0023276447571604743
-0.24714094040391502,-0.24714094040391502,1.0010377135602426,0.0019342176553710135
-0.2470133099161103,-0.2470133099161103,1.000849313040615,0.0020410242514459333
-0.24691711059313093,-0.24691711059313093,1.0028908662937959,0.0017025457166133149
-0.24676762976578176,-0.24676762976578176,0.9979219331882151,0.002707564046306464
-0.24664685842290054,-0.24664685842290054,0.999952596751655,0.002669132860654985
-0.2465415114245843,-0.2465415114245843,1.0019633152890859,0.002636868375204195
-0.2464665041963599,-0.2464665041963599,1.0033209547216173,0.0015658604277871192
-0.24639244570244045,-0.24639244570244045,0.9987785355275912,0.001558916770428991
-0.24617493635050777,-0.24617493635050777,0.9994900624812116,0.0015740617977709238
-0.2460355408358737,-0.2460355408358737,1.00036730783623,0.0017152932030541266
-0.24596158370877674,-0.24596158370877674,1.0003958688834145,0.0023889381669602626
-0.2458068510826706,-0.2458068510826706,0.9992813648257158,0.00204057599678954
-0.24569705524681923,-0.24569705524681923,1.0010105929167918,0.0016446291260668014
-0.24555604789420613,-0.24555604789420613,0.9987797644897111,0.001992589683939185
-0.2453421185562547,-0.2453421185562547,0.9984520396053126,0.0015585212817182744
-0.24522459655072454,-0.24522459655072454,0.998853601949355,0.0026876709285732986
-0.2450917721100268,-0.2450917721100268,0.9993759451132371,0.0022027286356031497
-0.24500708675204805,-0.24500708675204805,0.9996149319170249,0.002617489956790896
-0.24492649508592876,-0.24492649508592876,1.0000828303654539,0.002718756583876824
-0.2448078858520603,-0.2448078858520603,0.9996619759556042,0.0027502385984141714
-0.24467381246322475,-0.24467381246322475,1.0005439339680688,0.001642349538092666
-0.2445313676538717,-0.2445313676538717,0.9996895292685917,0.001692137307940773
-0.24439663318589738,-0.24439663318589738,0.9990016648354938,0.0016525204836337147
-0.24433662763458414,-0.24433662763458414,0.9996109495481325,0.0018987161065864907
-0.2442109726374838,-0.2442109726374838,1.0008047704865883,0.0019681417698537785
-0.24410825308914355,-0.24410825308914355,0.9992787403217778,0.001987973444211802
-0.24402535795252334,-0.24402535795252334,1.004403915378028,0.0019505367641013353
-0.24389438630460064,-0.24389438630460064,1.0026213599309897,0.001976232747388851
-0.2437854357282049,-0.2437854357282049,0.9995630317113644,0.001587611207384243
-0.24365323685306067,-0.24365323685306067,1.0016556644548054,0.002674707291988562
-0.2435173213814778,-0.2435173213814778,1.0005984946202764,0.003097971640316854
-0.243347206164799,-0.243347206164799,1.001094152952454,0.0015888802787849226
-0.24323443746779957,-0.24323443746779957,0.9999474812709794,0.001499784602225244
-0.2430821590221967,-0.2430821590221967,1.0012147391723747,0.002201300532896037
-0.24293807897811348,-0.24293807897811348,0.9991324895516112,0.0017751055046525196
-0.24283979369865846,-0.24283979369865846,1.001884835368268,0.002306767614634171
-0.2427008069016665,-0.2427008069016665,1.0044026744280594,0.001505018283370465
-0.24261527014277817,-0.24261527014277817,1.001424720821457,0.0015488547337706815
-0.24252404426333668,-0.24252404426333668,1.0011391048011022,0.0017850648438372647
-0.2424133955337311,-0.2424133955337311,1.0014164686044287,0.001964876789694063
-0.2422966829908546,-0.2422966829908546,1.0007767276423678,0.0014284608470351789
-0.24217097163764265,-0.24217097163764265,1.0026177827132323,0.0027665981522689573
-0.24207673877353955,-0.24207673877353955,0.999957904878056,0.0026438561588538827
-0.2419395930161045,-0.2419395930161045,1.0018944016531086,0.0021585481326698644
-0.24178396433817398,-0.24178396433817398,1.0003954310098728,0.002206843531741492
-0.24167377320045488,-0.24167377320045488,1.0024018102916004,0.0015823477367493462
-0.24157129795876245,-0.24157129795876245,0.9988790882929692,0.0016426399599924473
-0.24142337386365398,-0.24142337386365398,0.9998602618077849,0.001823552020073348
-0.2412621352572387,-0.2412621352572387,1.0043906814248118,0.0015343043292872633
-0.24118141861454206,-0.24118141861454206,1.0001467214554807,0.0015634314313746661
-0.2410924589543356,-0.2410924589543356,0.9993929925818902,0.0026202686054086714
-0.24094369343001745,-0.24094369343001745,1.0002991776324415,0.0020042778386629365
-0.24084303619983985,-0.24084303619983985,0.9993286973980791,0.0019304305573940403
-0.24076201347761525,-0.24076201347761525,0.997973571212483,0.002300917819301172
-0.24069468023535592,-0.24069468023535592,1.0001531725708106,0.0016293909838598106
-0.2405319986928589,-0.2405319986928589,1.0001338083508036,0.003009576015732219
-0.24038822834227175,-0.24038822834227175,1.0005223682570907,0.0022152492832872525
-0.2402664341901982,-0.2402664341901982,1.001478658067592,0.0021316909195993952
-0.2401365447347416,-0.2401365447347416,1.0003787752727413,0.001533997459409385
-0.24003552346002835,-0.24003552346002835,1.0014595925693377,0.001521295413328665
-0.2398731167004371,-0.2398731167004371,1.0005979850730513,0.0014248566112859177
-0.2397225195867577,-0.2397225195867577,1.0018903367928333,0.0023023742155247008
-0.23956461894322273,-0.23956461894322273,1.0009338156072127,0.002393077545428231
-0.23948240936406365,-0.23948240936406365,0.999628481123503,0.0020137143942149803
-0.23939256644698617,-0.23939256644698617,0.9983839856693086,0.0017827925174287574
-0.2392805446710554,-0.2392805446710554,1.0016025711255394,0.002268383029880064
-0.2391476354760016,-0.2391476354760016,1.0006491440863616,0.0021750639258949446
-0.23898780558993166,-0.23898780558993166,0.9995548985482747,0.0027922464694582812
-0.23879897654242085,-0.23879897654242085,0.9998626802027889,0.002648498390073118
-0.2386606813821345,-0.2386606813821345,1.001297323528306,0.0016064152099025026
-0.2385238951574138,-0.2385238951574138,0.9998742378879856,0.0016453411944548795
-0.2383493172346789,-0.2383493172346789,0.9984533903168483,0.002209401028858088
-0.23820505313324247,-0.23820505313324247,1.0002093677888964,0.002026676457449782
-0.23811742838115607,-0.23811742838115607,1.0008144890952682,0.001577941930121866
-0.23800765585274347,-0.23800765585274347,1.0021306324893862,0.0023949543661458666
-0.23784516876912676,-0.23784516876912676,0.9985514175681139,0.0020091846571774485
-0.2377389645520452,-0.2377389645520452,0.9998390666429003,0.001957261575671118
-0.2376460839801439,-0.2376460839801439,1.0021957765807585,0.002729099062319961
-0.23756173820256662,-0.23756173820256662,0.9985325993190177,0.0015405712085691998
-0.23740674411510554,-0.23740674411510554,0.9985470091171671,0.002709681657738939
-0.23725889399702282,-0.23725889399702282,1.0004140749070216,0.002211066240733638
-0.23716053880652907,-0.23716053880652907,0.9993118512796328,0.002159730375123184
-0.23700869020813115,-0.23700869020813115,0.9986422748945646,0.0016089329245354187
-0.2369084820344142,-0.2369084820344142,0.9981766839097735,0.001386626864111476
-0.23666722599136847,-0.23666722599136847,0.99911269135428,0.0023508149710084287
-0.23647061419469537,-0.23647061419469537,0.9999257092662583,0.0019757418376237885
-0.23639996886831796,-0.23639996886831796,1.0015155623017074,0.0022258949662788768
-0.23633316942050442,-0.23633316942050442,0.9999203195994191,0.0014880998910675393
-0.23622364866296267,-0.23622364866296267,0.9999340595597987,0.002016116336817191
-0.23607922460669215,-0.23607922460669215,1.0017664360639587,0.001966747865503932
-0.23595420131005085,-0.23595420131005085,1.0026793644057412,0.002842204762344429
-0.2358218585355644,-0.2358218585355644,1.0000850146151616,0.0021829714392283405
-0.23566282620704443,-0.23566282620704443,0.9992964013536005,0.002643240550808091
-0.23554855425591087,-0.23554855425591087,1.0023652428094763,0.0015721676333086796
-0.23543023982201702,-0.23543023982201702,0.998157334146366,0.0015914431645045954
-0.23532090511725984,-0.23532090511725984,0.9987482502680363,0.0016794648625284574
-0.2351240813970435,-0.2351240813970435,1.0017117240508306,0.0022076249753683213
-0.23499418550873089,-0.23499418550873089,1.000842722255269,0.0015669345583422555
-0.23482082787577382,-0.23482082787577382,1.00185650487042,0.00167406063067898
-0.23469444052352628,-0.23469444052352628,0.9978376730432063,0.00227889515966516
-0.23456706948927603,-0.23456706948927603,1.0001664923635292,0.002378243719212998
-0.23448340290742636,-0.23448340290742636,1.001039465162879,0.0015052484179105701
-0.23435379884322174,-0.23435379884322174,1.0035959033402602,0.00229878200182594
-0.2342266535591989,-0.2342266535591989,1.0012541683109544,0.0021961737041880217
-0.23410581714542786,-0.23410581714542786,0.99785171018408,0.0021319589372703206
-0.23394619993287052,-0.23394619993287052,0.9977078686747888,0.0015566872915267912
-0.23384714244966745,-0.23384714244966745,0.9994161253202621,0.0015594931580451455
-0.23377329929662666,-0.23377329929662666,0.9991411686430318,0.0015260565249125225
-0.23354099293119363,-0.23354099293119363,1.000358524377678,0.0019836400354459487
-0.23340691290322865,-0.23340691290322865,0.9986091437500135,0.002350352020901413
-0.23330750127206556,-0.23330750127206556,1.0004131226074127,0.0015562598369765813
-0.23316864287371572,-0.23316864287371572,1.006023431675495,0.0019745177450298497
-0.23306098769699019,-0.23306098769699019,1.0002986152796318,0.0022860357133426914
-0.2328608056257508,-0.2328608056257508,1.0008351903220771,0.00221601251917977
-0.23277440313886472,-0.23277440313886472,1.0127722174299585,0.0026742731458954923
-0.23262887398341264,-0.23262887398341264,0.9975798135711258,0.0021856540659393286
-0.232462650546222,-0.232462650546222,0.9978389157143907,0.001608610973344626
-0.2323405556326179,-0.2323405556326179,1.0013187276108115,0.002996261222893839
-0.2322257171948877,-0.2322257171948877,0.9988090673728653,0.0018856405132692054
-0.2320905438518821,-0.2320905438518821,1.0019394331597624,0.002167718123700505
-0.23192229667929495,-0.23192229667929495,1.001725983665351,0.0020474653224181656
-0.2318260527237726,-0.2318260527237726,0.9984224216095793,0.0017221253683385028
-0.23163283290759865,-0.23163283290759865,1.0003119601982124,0.001511520870744615
-0.2314685403738622,-0.2314685403738622,1.000841294236773,0.002363411389848909
-0.23132610912107338,-0.23132610912107338,0.9987211917721434,0.0021726553047855274
-0.23114477824256027,-0.23114477824256027,0.9993301365035514,0.002165430519716841
-0.231016302529315,-0.231016302529315,1.000868676052732,0.002223424628698395
-0.2309158916963497,-0.2309158916963497,1.0018291521924927,0.0015676170146473292
-0.2307757774120546,-0.2307757774120546,0.9984254269922005,0.001721835715806097
-0.23067308541558304,-0.23067308541558304,0.9980015477448232,0.0015910782780238423
-0.23050787173851858,-0.23050787173851858,1.0010046383401998,0.0015937720879107692
-0.23038483712225571,-0.23038483712225571,1.0014713857423474,0.0022458665464113216
-0.23022799550017226,-0.23022799550017226,1.000703869526275,0.0016928752278883448
-0.23010596393269225,-0.23010596393269225,1.002753906946414,0.00190140747439376
-0.22996312994037,-0.22996312994037,0.9994227722786697,0.002124224403802854
-0.22981448175414698,-0.22981448175414698,0.9986784244767885,0.0022035126277326665
-0.22972721656678913,-0.22972721656678913,1.0017736690112986,0.002653231208335422
-0.22963994144702154,-0.22963994144702154,0.9997598948212074,0.002293463191025513
-0.22951934071807045,-0.22951934071807045,1.0003320877070694,0.0026569783969021014
-0.2294269998839809,-0.2294269998839809,0.9991688664545773,0.0016512842925987235
-0.22933113253129705,-0.22933113253129705,0.9990376608270959,0.001518755332611268
-0.2291835044423351,-0.2291835044423351,1.0026154455972416,0.001604728852450075
-0.22909054140272928,-0.22909054140272928,1.0002616677159133,0.0016153173312817635
-0.22900937063805032,-0.22900937063805032,0.9987395584265413,0.0020782784266770715
-0.22889716372919794,-0.22889716372919794,1.0014960127867507,0.0021110168058054305
-0.22877655905267602,-0.22877655905267602,1.0024983637912495,0.0018243940009355492
-0.22868819482137043,-0.22868819482137043,1.0016144696755933,0.0016550808315766354
-0.22851369177642483,-0.22851369177642483,0.9999577024304822,0.0019388547362275896
-0.22832621059369557,-0.22832621059369557,0.9988039410547229,0.0020288077697143457
-0.22818619504596427,-0.22818619504596427,0.9993389702054166,0.002152577505258024
-0.22803248143864038,-0.22803248143864038,0.9999938173158209,0.0031742208820934536
-0.22790356696787056,-0.22790356696787056,0.9996409785808489,0.0022102314837425864
-0.22778805533325794,-0.22778805533325794,0.9995804473068377,0.0014574571193361945
-0.22766935552754147,-0.22766935552754147,0.9990087174084611,0.001703176161913181
-0.227582841500589,-0.227582841500589,0.9992097539484319,0.0014611398021893026
-0.22751218304674695,-0.22751218304674695,1.0003578967145426,0.0014875449160892946
-0.22738881332898017,-0.22738881332898017,1.0003815897724129,0.0016930935865996691
-0.2272010618049535,-0.2272010618049535,1.0015046463575479,0.0019144802044900673
-0.22704862008995405,-0.22704862008995405,1.0002691065773381,0.002276256464611808
-0.226905166420147,-0.226905166420147,1.000729347694024,0.002006622527539001
-0.2268469338376235,-0.2268469338376235,1.0010327986452734,0.00208381489754382
-0.22669642079872573,-0.22669642079872573,0.999202874344474,0.0022255110200026826
-0.22659238473697768,-0.22659238473697768,0.9997000858639421,0.0026641897368279814
-0.2264886098468196,-0.2264886098468196,1.0011379275438954,0.003067085113884155
-0.2263901477221225,-0.2263901477221225,0.9998966827367042,0.0015443679301700385
-0.22625807733802503,-0.22625807733802503,1.0026586160888913,0.0016154212413483355
-0.22613041999993583,-0.22613041999993583,1.0017201359668158,0.0015720051256920813
-0.22600980174647703,-0.22600980174647703,1.0002190876609567,0.001735524793306886
-0.22590087193038927,-0.22590087193038927,0.9983690693261817,0.002079313511079646
-0.2258001071639228,-0.2258001071639228,0.998682963615863,0.0020659055063569887
-0.22566104844518123,-0.22566104844518123,0.9995290248793924,0.0015485399150438218
-0.22556527986380387,-0.22556527986380387,1.0012289611488143,0.0017333480302323175
-0.22542411479498697,-0.22542411479498697,1.003019972802548,0.001948258432117651
-0.2252831287218214,-0.2252831287218214,0.9989727985246948,0.0020358859241962498
-0.22519311785436003,-0.22519311785436003,0.9977669213692124,0.002185331827229372
-0.22508397106794292,-0.22508397106794292,0.999656299150687,0.002193475736710277
-0.22494841617226485,-0.22494841617226485,0.9990688180214736,0.0021046534717205218
-0.22488514055239647,-0.22488514055239647,1.0000211371085914,0.0030583921599571535
-0.224780379882759,-0.224780379882759,1.000542896407212,0.0016192967737800458
-0.22466097026499482,-0.22466097026499482,1.0006565601176902,0.0015213567950513802
-0.22455668761576816,-0.22455668761576816,0.9991156934386355,0.001628364249411425
-0.22443506350773532,-0.22443506350773532,1.0010212312564304,0.0014441655850603926
-0.22428210190992104,-0.22428210190992104,0.999349465339591,0.0017343589565322133
-0.2241362045500864,-0.2241362045500864,1.0021189366622396,0.002304180105350983
-0.2239702391985702,-0.2239702391985702,1.0009290840833416,0.0016061209829143944
-0.22390039407273435,-0.22390039407273435,0.9988031624445017,0.0019366542545605158
-0.22375448822986072,-0.22375448822986072,1.0014317976069158,0.0020628114485566657
-0.2236548833969209,-0.2236548833969209,1.0010614414887118,0.0022887944274028447
-0.22350388009090238,-0.22350388009090238,0.9997980067217244,0.0026888170755996503
-0.2234003214758559,-0.2234003214758559,1.0010113747133909,0.002685465252914073
-0.22331934849189566,-0.22331934849189566,1.0007932071749428,0.002181123239350608
-0.22324961127960705,-0.22324961127960705,1.0011083364265505,0.001589532315186259
-0.22314458862474568,-0.22314458862474568,0.9994949265291979,0.0015373377509314975
-0.2229627946209803,-0.2229627946209803,0.9973899890787953,0.0015169254516106646
-0.22283541197339218,-0.22283541197339218,1.00029929487206,0.0018203165109813729
-0.2227579284726744,-0.2227579284726744,0.9978473245481732,0.002427813607813655
-0.2225937667373728,-0.2225937667373728,1.0004082635172213,0.001996837962931753
-0.2224955987136127,-0.2224955987136127,0.998547268789836,0.0015889001090875325
-0.22232962420821423,-0.22232962420821423,0.9999806028792184,0.001921627414250448
-0.2221247816061805,-0.2221247816061805,1.0011286690695884,0.0022129647406567555
-0.22201779455426732,-0.22201779455426732,0.9979529785137347,0.002684832681672705
-0.22188375335572347,-0.22188375335572347,1.0013680635331408,0.0022001146589409244
-0.22181077402965457,-0.22181077402965457,0.9996477543264936,0.0021643765169906217
-0.2217203769079788,-0.2217203769079788,0.9997206702441087,0.0027023784435395845
-0.22159623037823623,-0.22159623037823623,0.9992165902322752,0.0026874587215382595
-0.22146905883473664,-0.22146905883473664,1.000002397382686,0.0017439102233745441
-0.22131618864514166,-0.22131618864514166,0.99976218437559,0.0016701858770199647
-0.2211958188274366,-0.2211958188274366,0.9987487799062895,0.001533233565412071
-0.2211326823593481,-0.2211326823593481,0.9993112446748424,0.001997280404787546
-0.2210071504352527,-0.2210071504352527,0.9990199425926776,0.002263075543478839
-0.22090053832071135,-0.22090053832071135,0.9997674109996819,0.0015622763101630333
-0.22082469694032625,-0.22082469694032625,1.0005018000480672,0.0019193171268757788
-0.22067928422748082,-0.22067928422748082,1.0013485548723742,0.0020241629903473583
-0.22058012718480313,-0.22058012718480313,0.9999806320356232,0.0015404436385811984
-0.22044660382525763,-0.22044660382525763,1.0019334802637216,0.0030954899569064043
-0.2202956304197869,-0.2202956304197869,1.0020821722961133,0.002707264652120134
-0.2201392341621613,-0.2201392341621613,1.0004545079614915,0.0015762002526347428
-0.21999766951066704,-0.21999766951066704,1.002710449920315,0.002212616790265759
-0.21982606721267076,-0.21982606721267076,1.0007991698927474,0.0016279112908044041
-0.21971789879935386,-0.21971789879935386,0.9997438279553895,0.0021384714558219035
-0.21960164277006697,-0.21960164277006697,0.9999829684624096,0.00191375752455871
-0.21947763432144712,-0.21947763432144712,1.0002571804421927,0.0015589961713797084
-0.2194004890818178,-0.2194004890818178,0.9990374138023734,0.0015844238366098495
-0.2192977434477143,-0.2192977434477143,1.0024424734562825,0.0016866537341283106
-0.21918292649261276,-0.21918292649261276,1.0012229863769988,0.0019090084795272144
-0.21906135002573138,-0.21906135002573138,1.0001554435376259,0.001552784708518839
-0.21895015208938276,-0.21895015208938276,0.999286638949761,0.003133193416389688
-0.21883629750063846,-0.21883629750063846,1.0005321582663955,0.0021943879152449036
-0.21869510239266673,-0.21869510239266673,0.9990686891210727,0.00263337782811598
-0.21852865786950132,-0.21852865786950132,1.000021498582748,0.0016334456439771698
-0.21843411514164474,-0.21843411514164474,1.0008464808640847,0.00159450190597869
-0.21831018725824833,-0.21831018725824833,1.0020174880440558,0.0018228654186563473
-0.21812201935063058,-0.21812201935063058,1.001420717052897,0.0016009959024605564
-0.21803393146019517,-0.21803393146019517,1.0025453926139303,0.0014843315217398908
-0.21794495571011793,-0.21794495571011793,1.0003766559337346,0.002370388644281217
-0.21782000440853153,-0.21782000440853153,0.9987812938828926,0.002338421363084095
-0.21770669590023317,-0.21770669590023317,1.0022972026555632,0.0019220578582603224
-0.21760294943233022,-0.21760294943233022,1.0012671615344477,0.0019435225278912165
-0.21753604745154007,-0.21753604745154007,1.0031706990066969,0.002071782333332093
-0.2174247661514528,-0.2174247661514528,1.0020792752851992,0.002142557985853089
-0.21726087782481046,-0.21726087782481046,1.0011422229711642,0.003050122535490275
-0.21713334122960076,-0.21713334122960076,1.0006246296261192,0.0021582165587413302
-0.21701617854578217,-0.21701617854578217,1.0022859305695129,0.00153201668599261
-0.2168712408747524,-0.2168712408747524,0.9990315971098201,0.0014310728491242174
-0.21677174910473695,-0.21677174910473695,0.998836455877855,0.0015145124028094364
-0.21662199854454228,-0.21662199854454228,0.9985846830276968,0.002071132586282967
-0.2164730683040034,-0.2164730683040034,1.001638162281489,0.0022660602324653307
-0.21634227990853105,-0.21634227990853105,0.9992700954510735,0.002417315483207637
-0.21626734457513522,-0.21626734457513522,0.9989785000929967,0.0015933026444484317
-0.21618646684946724,-0.21618646684946724,1.0008666949004164,0.0017340137520396245
-0.21608098040469487,-0.21608098040469487,0.9999544893699159,0.0022132370991956706
-0.21592572693152762,-0.21592572693152762,1.0006422671595865,0.0026658273706088396
-0.2157631903739457,-0.2157631903739457,0.9994388277416515,0.002356927760250959
-0.2155845613553538,-0.2155845613553538,1.0019398118404839,0.0026425836959490462
-0.21546242303684265,-0.21546242303684265,0.9999306873325153,0.001591452553721378
-0.21530424467073317,-0.21530424467073317,1.0008235014309619,0.001652776523368126
-0.21512736783060973,-0.21512736783060973,0.9999352985296746,0.0021549746104176674
-0.214989667676673,-0.214989667676673,1.0006967180343562,0.0016396187610459908
-0.21488916026228252,-0.21488916026228252,0.9985492880085971,0.0020877880069079214
-0.21473015572501025,-0.21473015572501025,0.9973617184651278,0.002072774215822158
-0.21460600863119908,-0.21460600863119908,1.001146020953295,0.002258195352406457
-0.2144872318227499,-0.2144872318227499,0.999073727337955,0.0023401406292900533
-0.2144051627657973,-0.2144051627657973,0.9994160379912355,0.0015374897011008826
-0.21425885972439573,-0.21425885972439573,0.9992747866043488,0.0022460052253799006
-0.21409386631567032,-0.21409386631567032,1.0000660442523905,0.0027220383359462543
-0.2139986672984378,-0.2139986672984378,0.9986872633598504,0.0021414617672630863
-0.21386216863284063,-0.21386216863284063,0.9988515611882189,0.0015303283894808255
-0.21374385156505013,-0.21374385156505013,1.001684978524046,0.0014724239281405027
-0.2135380433031969,-0.2135380433031969,0.9994648407355872,0.0019965890284423657
-0.2133166401041308,-0.2133166401041308,1.0007381192397211,0.0023266531598734
-0.21321634853047727,-0.21321634853047727,0.9997183024700063,0.0022248268535769384
-0.21314987885980372,-0.21314987885980372,0.9999826235363927,0.0014875639830668774
-0.2130402098351624,-0.2130402098351624,1.001403311322632,0.002011948219169262
-0.2128957379500207,-0.2128957379500207,0.999563293881122,0.001966610588380121
-0.21277056773724326,-0.21277056773724326,0.9997427642832093,0.0028385032050220775
-0.21266333263847628,-0.21266333263847628,1.0016165219891429,0.002115209855853113
-0.21250950605135585,-0.21250950605135585,1.0015616278384014,0.0026415499607132455
-0.212372298306218,-0.212372298306218,0.9978960722109177,0.0016040169502865623
-0.21224667894657614,-0.21224667894657614,1.0009976967552734,0.0015895058510659043
-0.21213732567011903,-0.21213732567011903,1.0008813089760642,0.0016749096472148915
-0.21198149081810697,-0.21198149081810697,1.0004632192388727,0.0021616096281953977
-0.21182428679803705,-0.21182428679803705,1.00155437794171,0.0015323202937171422
-0.21173286448793077,-0.21173286448793077,1.001501625332576,0.0018280365729184006
-0.21153854427648183,-0.21153854427648183,1.0018862546750193,0.0018915394135270408
-0.21144393217527976,-0.21144393217527976,0.9991427459667221,0.002299599807150834
-0.21135431029779284,-0.21135431029779284,1.0010669249372046,0.0020276061958163973
-0.21125802853348433,-0.21125802853348433,1.0000184496114017,0.00197119979068991
-0.21112242646286178,-0.21112242646286178,1.0014571201516802,0.0027507912645439374
-0.21099054248006724,-0.21099054248006724,1.0001716607498026,0.002198736530785791
-0.21084977176305983,-0.21084977176305983,1.0018672711432928,0.0014906052187868017
-0.21070388907428422,-0.21070388907428422,0.9999110167886573,0.001574447528337125
-0.21061743392001517,-0.21061743392001517,0.9992731747658936,0.0014686349522797292
-0.21046228728537245,-0.21046228728537245,1.0029743474202637,0.0016442671385532282
-0.21026610094322679,-0.21026610094322679,1.0002583690497893,0.0025733152012677634
-0.2101590132002457,-0.2101590132002457,1.0002231943781787,0.0016233708171006732
-0.2100401173129285,-0.2100401173129285,1.007438894441455,0.001946287685130442
-0.20989448445016023,-0.20989448445016023,0.9976591306979531,0.0023343140373599295
-0.20971270689387894,-0.20971270689387894,1.000875644444104,0.0021849828389098242
-0.20961862892945646,-0.20961862892945646,0.9994390687372213,0.002701345571595849
-0.20949176917965814,-0.20949176917965814,1.000198386646193,0.002141850611871121
-0.20936591032514115,-0.20936591032514115,0.9972879113951469,0.0015568121553437206
-0.20923243423130772,-0.20923243423130772,0.9952663474069375,0.0029610684984189774
-0.20909031204555503,-0.20909031204555503,1.0044431320614113,0.0016257590065378714
-0.20894389379482164,-0.20894389379482164,1.0001395794343506,0.002242542561761334
-0.20876929953901707,-0.20876929953901707,0.9987730799404616,0.0021223318494171207
-0.20866311199151824,-0.20866311199151824,1.0001349232431538,0.0017206462740239638
-0.20847852575716389,-0.20847852575716389,0.9984361836302501,0.0016487040971831725
-0.2082848233736513,-0.2082848233736513,1.000053917856331,0.002364761577493138
-0.2081452153301143,-0.2081452153301143,1.0008845233900996,0.002144360730364436
-0.20801861530144378,-0.20801861530144378,1.001236362184836,0.0022174450613603853
-0.20785544341761125,-0.20785544341761125,1.0002970645578564,0.002191981762381278
-0.20776132920909732,-0.20776132920909732,0.9990397810492235,0.001567148069176309
-0.20761147186167364,-0.20761147186167364,1.0012064441881892,0.0016979501976216091
-0.20751295135451073,-0.20751295135451073,1.001463062476272,0.0015633613897267401
-0.20735239969835675,-0.20735239969835675,1.0009348165366911,0.0016558745328309036
-0.20723257890458627,-0.20723257890458627,0.9998064394748472,0.001971693349531352
-0.20708929151696792,-0.20708929151696792,1.001938571355252,0.0020592911044783157
-0.2069617713044863,-0.2069617713044863,0.9997191169781103,0.0018830087704092024
-0.20680726519221934,-0.20680726519221934,0.9976493692202109,0.0020645966478949943
-0.20666048606253754,-0.20666048606253754,0.9994990188413914,0.0022056064371832242
-0.206554660540678,-0.206554660540678,1.0005623441442886,0.00218871199157794
-0.20648046114529278,-0.20648046114529278,1.002474202758397,0.002704980829162048
-0.2063560920601958,-0.2063560920601958,1.0006032627790784,0.0027158442481918224
-0.20626633280298848,-0.20626633280298848,1.002534547581216,0.0016106834048868687
-0.20616472217861884,-0.20616472217861884,1.000933764773369,0.0015313603290819857
-0.2060516562214616,-0.2060516562214616,1.000055273941673,0.0021617397328507703
-0.2059446031877087,-0.2059446031877087,1.0006952366430606,0.001547458848963452
-0.20585498084947176,-0.20585498084947176,1.0000309244664742,0.0016742827470222425
-0.20576152919875312,-0.20576152919875312,0.9982783489680116,0.0021902814641254023
-0.20564001515431302,-0.20564001515431302,0.9984019094050065,0.0021383021755896773
-0.20553817340660316,-0.20553817340660316,1.0000531853866428,0.0016548209063687615
-0.20540240615391667,-0.20540240615391667,1.0001899437156074,0.0016128014956742723
-0.20521713035614084,-0.20521713035614084,1.0022165797742806,0.002332917232270682
-0.20507828655536287,-0.20507828655536287,0.9996705465031311,0.002149554462846295
-0.20489712943399355,-0.20489712943399355,0.9999356577972602,0.0023326240525207353
-0.20476451886061114,-0.20476451886061114,1.001541607233278,0.003056502481556093
-0.20465086969252297,-0.20465086969252297,0.9998093078180574,0.0015325860757917516
-0.20451437549927504,-0.20451437549927504,1.001649488143079,0.001626704198608599
-0.20441077027553547,-0.20441077027553547,0.9988555685884679,0.0015475718216474668
-0.204347069297728,-0.204347069297728,0.9999975842980712,0.0014859150500679855
-0.20423778200038215,-0.20423778200038215,1.0022799640760756,0.001554301470230818
-0.20410886245863366,-0.20410886245863366,1.000817243801244,0.001990098961681737
-0.20390956456139975,-0.20390956456139975,0.9996234102045097,0.0015133654191215242
-0.2037797998478709,-0.2037797998478709,1.000262183116003,0.0022943991147365934
-0.20368052255016664,-0.20368052255016664,0.9993753808139088,0.0020501721213006347
-0.20358584664136287,-0.20358584664136287,1.0000875692195959,0.0025582201494766922
-0.2034375631596049,-0.2034375631596049,1.0008792591545554,0.0022167284887273406
-0.20335392843117006,-0.20335392843117006,1.000453634488108,0.0030756328848876953
-0.20322361016114882,-0.20322361016114882,1.0005618574392932,0.002173025283393764
-0.20310332970693706,-0.20310332970693706,0.9994145061670692,0.0015865567180938054
-0.20296822440013784,-0.20296822440013784,1.0007591490264693,0.001547732427695635
-0.20286744246041052,-0.20286744246041052,1.0013031251775595,0.0016188847113185385
-0.20274789543709631,-0.20274789543709631,1.0009624132364527,0.0017476759343227563
-0.20266822940920975,-0.20266822940920975,0.9989588507107781,0.0021469853130687807
-0.20252175889127103,-0.20252175889127103,1.0001947045890802,0.0018929393833571704
-0.20242754164210056,-0.20242754164210056,1.0016275923587312,0.0016642678687541414
-0.20228011922463338,-0.20228011922463338,1.0012615220970578,0.0020561631397872804
-0.2021252904134599,-0.2021252904134599,1.0023666400234916,0.0019530748497394884
-0.20201813820694953,-0.20201813820694953,1.0016292409164744,0.002230026184687217
-0.2019005489128176,-0.2019005489128176,0.9985939619421142,0.002188849602322288
-0.20176505693852959,-0.20176505693852959,0.9997527047727679,0.0021032759648866787
-0.2017145724807051,-0.2017145724807051,0.9984921547161928,0.002652828626361224
-0.2016167672294614,-0.2016167672294614,0.9993865785335181,0.0022049570731977317
-0.20150316154649772,-0.20150316154649772,0.9993387195835396,0.0015020068287761887
-0.20140859368912062,-0.20140859368912062,0.9984511510615992,0.0015420985313152743
-0.20132339084757406,-0.20132339084757406,1.0001249878118006,0.0016284716764724452
-0.20113902093235084,-0.20113902093235084,0.9994887419591395,0.0016369394711236186
-0.20097991841612384,-0.20097991841612384,0.9999343835257644,0.0019396139403282623
-0.2008314812937897,-0.2008314812937897,0.9991448112707803,0.0020652546259341477
-0.20076539612764463,-0.20076539612764463,1.0005225904214061,0.0018749921536809363
-0.2005934426882959,-0.2005934426882959,0.9992887847558116,0.002070750269369685
-0.2005051305708548,-0.2005051305708548,0.9999421751664712,0.0017122745287991548
-0.20034033412957797,-0.20034033412957797,0.9987828085892879,0.0030934131838941106
-0.20021670849673684,-0.20021670849673684,0.9992015293248476,0.00268242936110686
-0.20013594226638814,-0.20013594226638814,1.0029652090386878,0.0021775090355572522
-0.2000661717967887,-0.2000661717967887,1.0004697823023985,0.001587667413614938
-0.19994263724838673,-0.19994263724838673,1.0008548903775019,0.0015230180297966813
-0.19974772394216417,-0.19974772394216417,1.0009141406975108,0.0016365569582786304
-0.1996376608574792,-0.1996376608574792,0.998567548746518,0.0017091496051887477
-0.19955609283624653,-0.19955609283624653,1.0008199488670857,0.002424597019967856
-0.1994102504748298,-0.1994102504748298,0.9994902536561231,0.0019952532519767973
-0.1993273297954147,-0.1993273297954147,1.0006887849055062,0.001567085615375966
-0.19918899500025872,-0.19918899500025872,0.998232817098834,0.0019882811202008685
-0.19897538312270627,-0.19897538312270627,1.0028677400842672,0.0015553766723652395
-0.1988574472905384,-0.1988574472905384,1.000247593768498,0.002683384815556709
-0.1987427556521652,-0.1987427556521652,0.9990618005010786,0.0022327154189708555
-0.19865404794327332,-0.19865404794327332,1.002931858635478,0.0026151001081942704
-0.19858281986271323,-0.19858281986271323,0.9985844549779129,0.0026806559009539565
-0.1984622552723522,-0.1984622552723522,1.0012714452032554,0.0015867894967108494
-0.19833161375718192,-0.19833161375718192,0.9996151076400119,0.00273618018538238
-0.19819695679634605,-0.19819695679634605,1.0010153396612342,0.001736116834886085
-0.19804742929500208,-0.19804742929500208,1.0002077982338344,0.0016078184514897516
-0.19798778705844597,-0.19798778705844597,1.0009205087314688,0.0019051426094201444
-0.19786665681076557,-0.19786665681076557,0.9992224595318129,0.0019953040959120334
-0.19776015806564828,-0.19776015806564828,0.9998085351423898,0.0018826377321058516
-0.19767450763210945,-0.19767450763210945,0.9985489434226142,0.002043670934040252
-0.19755947913236013,-0.19755947913236013,1.000352854907785,0.0019292891997503708
-0.19744433023934108,-0.19744433023934108,0.9997880985109735,0.0015300812979483582
-0.1973070821064539,-0.1973070821064539,1.0001450950430641,0.0022409188618855262
-0.19718565370094437,-0.19718565370094437,0.9987728487034134,0.003104588757589084
-0.19700747984425107,-0.19700747984425107,0.9990076538099266,0.0021774498477656443
-0.19686918541774504,-0.19686918541774504,1.0000654507998281,0.0015793481105385524
-0.19674113799173937,-0.19674113799173937,0.9970809855709126,0.002313423637470559
-0.19658689102252538,-0.19658689102252538,1.0001397695554033,0.0017258420021481623
-0.19649826472450513,-0.19649826472450513,1.0007089440148838,0.0019704744508027205
-0.19633589132572524,-0.19633589132572524,1.0028744720604947,0.0019392803298966296
-0.19625086495470895,-0.19625086495470895,0.9998145322914753,0.0015477810542259723
-0.1961861375863009,-0.1961861375863009,1.0001820355029654,0.0016320612151464145
-0.19609321033985908,-0.19609321033985908,1.0028321159240268,0.0016938978450678553
-0.19597348190945924,-0.19597348190945924,0.9992981619230278,0.0018422223269152697
-0.19585014105596202,-0.19585014105596202,1.0003364373262802,0.002197570888707298
-0.19575083161216753,-0.19575083161216753,0.9986687872560426,0.0031240131710004978
-0.19562426620195766,-0.19562426620195766,1.001013633824202,0.0015593669516617856
-0.19547242465960152,-0.19547242465960152,1.001321223574101,0.002656934839640784
-0.19531237113187672,-0.19531237113187672,1.0002636369260547,0.001670115960070572
-0.19518520452802476,-0.19518520452802476,1.0006770748980782,0.0017431290264685693
-0.19500950810270296,-0.19500950810270296,0.9999379972181742,0.0017675571448206092
-0.19488504435721551,-0.19488504435721551,1.0023117422471572,0.0014527207927957008
-0.19479301494957327,-0.19479301494957327,1.001265277840676,0.0015817410428119693
-0.19469771817439324,-0.19469771817439324,1.0009065870767055,0.002655957011523452
-0.19456263428728562,-0.19456263428728562,1.0003080703951646,0.0019575318208155694
-0.19447621708241059,-0.19447621708241059,1.0010268992208036,0.0019245723124428724
-0.1943947925707107,-0.1943947925707107,0.9990266186917754,0.002298150639172161
-0.1943280551582575,-0.1943280551582575,1.0014750310195297,0.001629999866641646
-0.1941649471233177,-0.1941649471233177,1.0007885741741913,0.0030191017257061087
-0.1940213800420679,-0.1940213800420679,1.0019810983275241,0.002225002280452568
-0.19389955366405048,-0.19389955366405048,0.9999833641639354,0.002128475672251492
-0.193791572131704,-0.193791572131704,0.9991410606894549,0.0016009188108971728
-0.19367851801343933,-0.19367851801343933,0.9999853022805508,0.001512308781308957
-0.19355370892808424,-0.19355370892808424,0.9977330629328354,0.0015075989318265102
-0.193414412261518,-0.193414412261518,1.0016609825708376,0.001983041876435868
-0.1932528404340701,-0.1932528404340701,1.0017729833368483,0.002578152627390551
-0.19314457595010026,-0.19314457595010026,1.0025976812268362,0.0020469551683545894
-0.1930646041426371,-0.1930646041426371,0.9990466575460506,0.0016727744173019859
-0.19295113398384273,-0.19295113398384273,0.9986988632093304,0.0020918548445702447
-0.19285516157615348,-0.19285516157615348,1.0019685625601176,0.0018928799484626026
-0.19267931948415934,-0.19267931948415934,1.002587974255652,0.003186493676551051
-0.19250493868203195,-0.19250493868203195,1.001596842636658,0.002172558815548002
-0.19233737083868618,-0.19233737083868618,1.0011860106072534,0.0022100530277466513
-0.19221923873683408,-0.19221923873683408,1.0005575142677752,0.0016217610400506837
-0.19205816754802071,-0.19205816754802071,1.0001862877801764,0.001786302591493574
-0.19188404941323825,-0.19188404941323825,1.0012240945300723,0.0021293842045329793
-0.19176892371433496,-0.19176892371433496,1.0003684035475051,0.0014305164887317714
-0.19165350531729927,-0.19165350531729927,1.0037869273879836,0.00247394722042448
-0.191461075692132,-0.191461075692132,0.998982955066869,0.0023470359991617836
-0.19134991544033256,-0.19134991544033256,1.0009754962714943,0.0019590235077940918
-0.19125882288099091,-0.19125882288099091,1.0007081465741163,0.0019688989112629524
-0.1911366028694829,-0.1911366028694829,1.0010423388477863,0.0015602471460637959
-0.19097699485555494,-0.19097699485555494,0.9989134220404591,0.0027332916099559795
-0.1908578915768885,-0.1908578915768885,0.9999560228353628,0.002664578520133796
-0.190739685229164,-0.190739685229164,0.9992055697603336,0.001501191395738896
-0.19058628430138924,-0.19058628430138924,1.0000527377734194,0.0014683922314217895
-0.19045402135652695,-0.19045402135652695,1.0010549316922304,0.0015846417163123457
-0.1902236190466283,-0.1902236190466283,0.9982175489096697,0.002569732971506728
-0.19005605871625447,-0.19005605871625447,1.0007730783526345,0.0022199600502853987
-0.18999273648678355,-0.18999273648678355,0.9972365338440875,0.0015030873559897832
-0.18990557576635184,-0.18990557576635184,1.0006290595332428,0.00162285432892336
-0.1897960946915191,-0.1897960946915191,1.0009230330641956,0.0022988474719050985
-0.18960479195575317,-0.18960479195575317,0.9997431908142964,0.0022280862729607115
-0.18952497409100033,-0.18952497409100033,0.9992348273226479,0.002782800730728373
-0.18936041542565363,-0.18936041542565363,1.0001860510387406,0.002685016821939745
-0.1892107318411945,-0.1892107318411945,0.999493833632991,0.001585320637942399
-0.1890910470210656,-0.1890910470210656,1.0004590730181082,0.0015566391267872227
-0.18896846432890016,-0.18896846432890016,1.001387360313117,0.0016926094810264906
-0.18883953483200458,-0.18883953483200458,0.9989257652475312,0.002075389955930676
-0.18865834542248194,-0.18865834542248194,1.0027065641625907,0.0015641162513065274
-0.18854927189240697,-0.18854927189240697,0.9996064112595613,0.0018258615724483806
-0.18836091157063492,-0.18836091157063492,1.0018508763160663,0.0018524781229122774
-0.18828442888316205,-0.18828442888316205,1.0015412362894118,0.0019703959083739553
-0.18818362294787222,-0.18818362294787222,1.0007644601997427,0.0023422907747100825
-0.18809385102631496,-0.18809385102631496,0.9980616147609075,0.0015423703219481504
-0.18794388280693966,-0.18794388280693966,0.9997224966952734,0.0015744474688317918
-0.18782582572712272,-0.18782582572712272,1.001293627872862,0.002660179900433032
-0.18771172915858186,-0.18771172915858186,1.0018239863911615,0.0014332506072381283
-0.18755778959766758,-0.18755778959766758,1.0016160596029333,0.0015968879655839092
-0.18746542821536422,-0.18746542821536422,1.0000677223775256,0.0014827600048878688
-0.18736375487605983,-0.18736375487605983,0.999963393298348,0.0015512465783927402
-0.1871670012929826,-0.1871670012929826,1.000327012612917,0.0023303135903002203
-0.18703980751670315,-0.18703980751670315,1.0007923032879833,0.0023418867218043212
-0.18694066618063515,-0.18694066618063515,0.9981708144349968,0.001553038070788165
-0.18680685481267573,-0.18680685481267573,1.0020879046266442,0.001976163822354168
-0.18669401395272872,-0.18669401395272872,1.000960354397867,0.0022807463224353893
-0.1864937344176724,-0.1864937344176724,1.0007534056552474,0.0022128098196587346
-0.18640752220526338,-0.18640752220526338,1.0015152651993264,0.0026685748436673764
-0.18627439263073028,-0.18627439263073028,1.0035914357730777,0.0026308548988590677
-0.18615543567466375,-0.18615543567466375,1.0008191614626645,0.0015995714858538501
-0.1860236651273226,-0.1860236651273226,0.9987227740909969,0.0029644255336936957
-0.1858801490465339,-0.1858801490465339,0.9979618293732815,0.0019004892185549127
-0.18572382907423163,-0.18572382907423163,1.0008935047464211,0.002120361297043418
-0.18555520538284326,-0.18555520538284326,1.0007736894677906,0.0020473273605397867
-0.18546354327190784,-0.18546354327190784,0.9988484547227829,0.0016148913530492214
-0.18529504166672267,-0.18529504166672267,1.0003335500822328,0.001648120825675753
-0.18513209919983636,-0.18513209919983636,0.9989191588200024,0.0028900564794869287
-0.1849918990601509,-0.1849918990601509,0.9984521721744677,0.0021683562344149247
-0.18480288824648597,-0.18480288824648597,1.0021773706442474,0.002176569752728119
-0.18463525767110694,-0.18463525767110694,1.0005660403816763,0.0022651277219729853
-0.18451739397551137,-0.18451739397551137,0.9983932353003897,0.001552843944851103
-0.18436959664104507,-0.18436959664104507,0.9994223922370493,0.001678524706753713
-0.18424516063114424,-0.18424516063114424,0.9999277567036803,0.0014396965703689694
-0.18407790396704513,-0.18407790396704513,0.9998941292087855,0.0020623852804271146
-0.18391942186372034,-0.18391942186372034,1.0001307866026836,0.0020486665041920685
-0.18377835748597135,-0.18377835748597135,0.9998426402481086,0.0018854275327689356
-0.18362372545216205,-0.18362372545216205,1.0013047082788384,0.0020637756821539465
-0.18347558415862295,-0.18347558415862295,0.998675857358211,0.002258183707687992
-0.1833602368738866,-0.1833602368738866,0.9997987483583362,0.0026523948667182863
-0.18327297692267167,-0.18327297692267167,0.998509051337923,0.002291864046263415
-0.18315210294349527,-0.18315210294349527,1.0003911681732334,0.002647442177646895
-0.1830601860592651,-0.1830601860592651,1.0005203483386926,0.001581414877093782
-0.18296421855939116,-0.18296421855939116,1.0008845790744005,0.001587844976267425
-0.18281618628443538,-0.18281618628443538,0.999926786945504,0.0016013320825812934
-0.18272122433281765,-0.18272122433281765,0.9992359546706056,0.001613194155390189
-0.18262255147419637,-0.18262255147419637,0.9990646514808343,0.002073357261115502
-0.1825235714786686,-0.1825235714786686,1.0015912409758332,0.0021590548777679856
-0.18240983613704884,-0.18240983613704884,1.0020408041513742,0.0018553249406296217
-0.18232137690520175,-0.18232137690520175,1.0008578105794297,0.0016531513984407577
-0.18214675738436198,-0.18214675738436198,1.000015998564369,0.0019424979496845836
-0.1819591618846971,-0.1819591618846971,1.0010678025861424,0.0020241141615421035
-0.1818241525306803,-0.1818241525306803,1.0022903337297238,0.0021408274403646914
-0.18169463311660367,-0.18169463311660367,0.9987566865033868,0.002770823507558101
-0.1815532371532754,-0.1815532371532754,1.001477149323804,0.0026605343100373994
-0.18144308778555568,-0.18144308778555568,0.9995982425156841,0.001457479427122773
-0.18131877428386362,-0.18131877428386362,0.9991939307186903,0.00171516174496233
-0.18122730281047553,-0.18122730281047553,0.9998125935714125,0.0015463691147796174
-0.18117486478331557,-0.18117486478331557,0.9993253143889549,0.0015521368483638383
-0.18107008249153295,-0.18107008249153295,0.9992902629563407,0.0015190513654408779
-0.18097013184906247,-0.18097013184906247,1.0008156208182775,0.0015225974817713475
-0.1807986989426354,-0.1807986989426354,0.9997946597652874,0.0019333464318633856
-0.18066164497231513,-0.18066164497231513,0.9998605504504525,0.0022542385093881337
-0.1805311310248726,-0.1805311310248726,1.0000240389406847,0.0020267484712507096
-0.18046524452038284,-0.18046524452038284,0.9992618962847974,0.0020378328252215775
-0.18029434164800479,-0.18029434164800479,0.9997143714771953,0.0027138188535855133
-0.1802014012415384,-0.1802014012415384,0.9999685091942727,0.002685757728489871
-0.18007415930023854,-0.18007415930023854,1.0007004973847788,0.002681127434066185
-0.17997781144222244,-0.17997781144222244,1.0004375144386473,0.001534135216116997
-0.179816673012283,-0.179816673012283,0.9997904034003524,0.0015022613770511836
-0.17970105800304736,-0.17970105800304736,0.9995909042762999,0.0016015595449456993
-0.17959788958214631,-0.17959788958214631,0.999464011071197,0.001685256244000145
-0.1795269170328538,-0.1795269170328538,1.0008602535864344,0.0020660149994966752
-0.1793649383533193,-0.1793649383533193,0.9992924001081744,0.00200065075825217
-0.17927602417003072,-0.17927602417003072,1.00255844096428,0.001544568419351622
-0.17916976234573667,-0.17916976234573667,0.99977063879005,0.0017417710624961045
-0.17899074569941148,-0.17899074569941148,1.0017552758846522,0.0019004317239713128
-0.17885369330797402,-0.17885369330797402,1.001137886951007,0.002583790972082661
-0.17874886603021878,-0.17874886603021878,0.999990519620223,0.002158718162717566
-0.17859752412587113,-0.17859752412587113,1.0001306845555213,0.002136803464937516
-0.17853633584618364,-0.17853633584618364,1.0022908498212697,0.0022199650709621545
-0.1784520750705269,-0.1784520750705269,1.0010844629489744,0.002665919678290231
-0.17834655209535413,-0.17834655209535413,0.9995475939961038,0.0015846214135722726
-0.17824432327124667,-0.17824432327124667,1.001537615055223,0.001540142851212838
-0.17815914743896427,-0.17815914743896427,1.00047556873186,0.0016279792765459405
-0.17798631971490977,-0.17798631971490977,0.9986910315429599,0.001496430541305578
-0.17782900118327233,-0.17782900118327233,0.9999484842750868,0.0016164876344692426
-0.17766200123587622,-0.17766200123587622,0.999307943513349,0.002362590859033701
-0.17758202063505452,-0.17758202063505452,1.0002373101763795,0.0018734933326344824
-0.1774098775082166,-0.1774098775082166,0.9999929014960435,0.002071248161607443
-0.17732426416951058,-0.17732426416951058,0.9996408479822897,0.002140136038579546
-0.1771566373323367,-0.1771566373323367,1.0003747244578858,0.003088646393497356
-0.1770599439916623,-0.1770599439916623,1.0003776457595568,0.002201649715472428
-0.17697082990034688,-0.17697082990034688,0.9988863681476527,0.0025993052476670784
-0.17691269676197408,-0.17691269676197408,0.9992332199349547,0.0016544470337937732
-0.17684188372131757,-0.17684188372131757,1.0004442479782152,0.0015541185634683776
-0.17664343734541035,-0.17664343734541035,0.9988070571272463,0.0015457977078630208
-0.17650442356680288,-0.17650442356680288,1.0013317066610974,0.0017297817900709142
-0.17642839111686043,-0.17642839111686043,1.003303382124005,0.002042465675448601
-0.17631710138903145,-0.17631710138903145,0.9988396936300916,0.0023515295186032873
-0.17618439865018445,-0.17618439865018445,1.0006901269101405,0.0015783554916424514
-0.1761068440564486,-0.1761068440564486,1.0015529089548942,0.001588615596798108
-0.17590950139729103,-0.17590950139729103,0.9994617774413556,0.0019642937527659145
-0.17573615209712443,-0.17573615209712443,1.0008228656994835,0.0022776347643314854
-0.1756318171541352,-0.1756318171541352,1.0008975814996226,0.0026236124600326747
-0.17551673027646758,-0.17551673027646758,0.9994401502840085,0.0021939032789552856
-0.1754366555616798,-0.1754366555616798,1.0000702252457183,0.0026663416667931823
-0.17533101121498476,-0.17533101121498476,0.998517422803247,0.0022332825189429984
-0.1752024212899414,-0.1752024212899414,1.0022037883174792,0.002691426733474615
-0.17509876869044091,-0.17509876869044091,1.0002214238332223,0.0017174674191334522
-0.17494912762922468,-0.17494912762922468,1.0006984295130172,0.001666555608070611
-0.1748291702284405,-0.1748291702284405,1.0001871569478553,0.0015294484757974725
-0.17476582217932446,-0.17476582217932446,0.9977361776087956,0.001996529165836223
-0.17464026090128754,-0.17464026090128754,0.9985132115951354,0.002259213325216585
-0.17453677208268345,-0.17453677208268345,1.0006300513512847,0.0016465584750633947
-0.17447514310224504,-0.17447514310224504,1.0019586956752098,0.001948291321578681
-0.1743279782574973,-0.1743279782574973,0.9985252753149944,0.0019941763498246227
-0.17421354758971574,-0.17421354758971574,1.0004428514644477,0.0015392839274900863
-0.17407917612181337,-0.17407917612181337,1.0020992463723934,0.0030960740518467117
-0.17392848583422166,-0.17392848583422166,0.9979675728468734,0.0026995323436773922
-0.1737722887264681,-0.1737722887264681,1.0009129170921365,0.0015737282824625138
-0.17363064284854773,-0.17363064284854773,1.0011439302094853,0.002257444770760223
-0.1734910433060577,-0.1734910433060577,1.0010451560461704,0.001590675430781755
-0.17336776761185319,-0.17336776761185319,1.0002499695251863,0.0018439875766168528
-0.17322817938511434,-0.17322817938511434,0.9979837255055471,0.002297846829155066
-0.17309748685001977,-0.17309748685001977,0.9997050274316903,0.0015615060329315503
-0.1730258158660945,-0.1730258158660945,0.9987034417846339,0.0015512472545756565
-0.17293079264472908,-0.17293079264472908,0.9998180103391989,0.0016848688188780916
-0.17282764141655207,-0.17282764141655207,0.9994091138898833,0.0019622212902146953
-0.17271870494514588,-0.17271870494514588,1.0010360441743598,0.00147494736765966
-0.17260059661111882,-0.17260059661111882,0.9961896060658603,0.0027327978116450107
-0.17249881544339588,-0.17249881544339588,1.0001874367715324,0.0026485222382686747
-0.17236344841585377,-0.17236344841585377,1.0036300948166323,0.002635342064574714
-0.1721823356121604,-0.1721823356121604,0.9994918638950013,0.0016508579647733668
-0.17207079680356402,-0.17207079680356402,0.9973658716867438,0.0016494118385848953
-0.17194278690894862,-0.17194278690894862,0.9976146309151683,0.0018175753085867003
-0.17175527995223092,-0.17175527995223092,1.0003330814003286,0.0015990589496033773
-0.17168119032139656,-0.17168119032139656,1.001026137598402,0.0014932226370087958
-0.17159456949120794,-0.17159456949120794,1.0038651306211437,0.002026804140567811
-0.17148539723548312,-0.17148539723548312,1.0017886248962247,0.002350433963405617
-0.17134977060013626,-0.17134977060013626,0.9996222924676579,0.0019208999058669834
-0.17123600923732737,-0.17123600923732737,0.9998602423660333,0.001938035716990923
-0.17116897535579484,-0.17116897535579484,1.000313732381649,0.0020688616780133113
-0.17108560164342634,-0.17108560164342634,0.998974302179873,0.0021035168875355574
-0.17092317558635842,-0.17092317558635842,1.0012555777937675,0.0030446165539771307
-0.1707938207218831,-0.1707938207218831,0.9978729566294465,0.0022353806562605714
-0.17066674025845713,-0.17066674025845713,0.9998023239738952,0.0014441599308577507
-0.1705552254230497,-0.1705552254230497,1.0029360835780337,0.0015263663115638124
-0.1704277920356617,-0.1704277920356617,1.000555368895542,0.001569970380863883
-0.17026245064462273,-0.17026245064462273,0.9988052196175261,0.0016543137381519447
-0.1701401785723647,-0.1701401785723647,0.9987721073903805,0.002541245961498466
-0.16999241565590636,-0.16999241565590636,1.0007563121881797,0.002045469945481832
-0.16992279813021013,-0.16992279813021013,1.0003523974668824,0.0020159348794728795
-0.16984220304675546,-0.16984220304675546,1.002068642857402,0.0017730045925465968
-0.16973010133951902,-0.16973010133951902,0.9995939032988034,0.0022608428224867947
-0.16963404514935973,-0.16963404514935973,1.0004799108775109,0.0015362267184657072
-0.16948226012482337,-0.16948226012482337,0.9982886350717844,0.003389686200221007
-0.16932342386116944,-0.16932342386116944,1.000599605089511,0.0015585917462458503
-0.16918710492609534,-0.16918710492609534,0.9990633945988637,0.002666981580184839
-0.1690683278531651,-0.1690683278531651,1.0009613249879092,0.0015922869692380974
-0.1689105337840374,-0.1689105337840374,1.0007114167784135,0.0018512812271103865
-0.16872604708605649,-0.16872604708605649,1.0006219948779758,0.002039421084343418
-0.16860160330488724,-0.16860160330488724,1.0014570142982946,0.0015125245196442436
-0.16850810355044815,-0.16850810355044815,0.9993006036532679,0.0020775666381261473
-0.16835541744712829,-0.16835541744712829,0.9993585454010429,0.0024028471522400427
-0.16822352132548984,-0.16822352132548984,1.0003125795826882,0.0018977845977298576
-0.168120051076221,-0.168120051076221,1.000275019096268,0.002338549431719816
-0.16803829118744035,-0.16803829118744035,1.0008430221552231,0.0015340163223057628
-0.1678917894278129,-0.1678917894278129,1.0001180888409185,0.0022404465377613295
-0.1677267182882133,-0.1677267182882133,1.0009362940801267,0.002709739257607312
-0.16763189573139242,-0.16763189573139242,0.9993152629746822,0.0021337764701416097
-0.16749540570017415,-0.16749540570017415,1.0023163604013234,0.0015266103421472965
-0.16735865672781075,-0.16735865672781075,0.999518712821797,0.0013836632496920852
-0.16711644073420756,-0.16711644073420756,0.997549663410531,0.002343625018053506
-0.16691965325026104,-0.16691965325026104,1.0015246875683326,0.002055417229421266
-0.16683568994030792,-0.16683568994030792,1.0001790407236433,0.002117860343632607
-0.16678146069207286,-0.16678146069207286,1.00023068300716,0.0014871277201067685
-0.1666733323247172,-0.1666733323247172,1.000355545347024,0.002008784824408969
-0.16652876468215255,-0.16652876468215255,0.9986227002320149,0.0019629660856711395
-0.1664033007045873,-0.1664033007045873,1.0002399378099642,0.002827601341657019
-0.16627134181362635,-0.16627134181362635,1.000110534684432,0.0021689911748650247
-0.16611210294777265,-0.16611210294777265,1.0010177635539332,0.0026362166789746034
-0.1659887951660494,-0.1659887951660494,1.003268478010692,0.0015797010337938347
-0.16584689586361492,-0.16584689586361492,0.9981629574416054,0.0016067109877867306
-0.16574114064114837,-0.16574114064114837,0.9991215591410489,0.002037092087377138
-0.16555057546211174,-0.16555057546211174,0.9977527079715797,0.0018820968312905071
-0.16544424950934628,-0.16544424950934628,0.9995803425620269,0.0015636868490040393
-0.16527026636467781,-0.16527026636467781,1.0009803433049729,0.0016701184032640267
-0.16514411466414458,-0.16514411466414458,0.9988251165969133,0.002277306796811515
-0.16503389493209397,-0.16503389493209397,0.9993050379522239,0.0023475058003071788
-0.1649510540004485,-0.1649510540004485,1.0003008522990977,0.0015571101827686986
-0.16479832049444668,-0.16479832049444668,0.9982291158962537,0.0015912403736998855
-0.16467217725039518,-0.16467217725039518,0.9994044021734846,0.00213445859383357
-0.16455545797289234,-0.16455545797289234,0.9998171219083931,0.002124502687205794
-0.1644000588257768,-0.1644000588257768,1.0004747776114966,0.0015243311121203285
-0.1642966693294511,-0.1642966693294511,1.001376129743353,0.0015551123798788783
-0.16423619989382132,-0.16423619989382132,0.9984255374415646,0.0015274839210149172
-0.16405504748909153,-0.16405504748909153,0.9999631661809371,0.0019751745693629284
-0.16391458303569378,-0.16391458303569378,1.0001826143624157,0.0025457155206726942
-0.1638116164100211,-0.1638116164100211,1.0002978412862755,0.0016788888684519808
-0.1637155708622231,-0.1637155708622231,1.0011461841527884,0.0014299925455315717
-0.16357185924152873,-0.16357185924152873,1.0000165795650418,0.00235511937470816
-0.16342440532771435,-0.16342440532771435,0.9992455057236928,0.001961424935223356
-0.1632763049006826,-0.1632763049006826,1.0027267282945875,0.003056570206138116
-0.16310160279226693,-0.16310160279226693,0.9972774865202039,0.002139066746866716
-0.16297189504875859,-0.16297189504875859,1.0021078307540068,0.001596256304291101
-0.16283153406602652,-0.16283153406602652,1.0045079276132447,0.002983632824793351
-0.1626964120676348,-0.1626964120676348,0.9997811952758784,0.0018922148349440945
-0.16254036013087897,-0.16254036013087897,0.9995875478638311,0.002120793860534304
-0.16237165978673146,-0.16237165978673146,0.9999964430517416,0.0020417126163873914
-0.1622801617531877,-0.1622801617531877,1.000134768621621,0.0016136842704467691
-0.16211781732763483,-0.16211781732763483,1.0018314138461828,0.00170863996124236
-0.16195728670591053,-0.16195728670591053,1.0014821208243334,0.0023227394988056876
-0.16180842106841736,-0.16180842106841736,1.0023742697457494,0.0021636658870207897
-0.16161933841613063,-0.16161933841613063,1.000286184210784,0.0021848639141751934
-0.16145161814292805,-0.16145161814292805,0.9973441095909065,0.002261906620636461
-0.16135988181576977,-0.16135988181576977,0.9997015136883682,0.0015512914809086469
-0.16121220340792206,-0.16121220340792206,1.0030468846985698,0.0016945854420013478
-0.16110010988904833,-0.16110010988904833,0.9982059828753016,0.0015171007777048447
-0.160906367775533,-0.160906367775533,1.0025078160684273,0.00204669107410541
-0.16073586396450992,-0.16073586396450992,1.0001800681823392,0.0020520063359291884
-0.16059494370892935,-0.16059494370892935,0.9999751816217781,0.0018825239135197465
-0.16044018586035236,-0.16044018586035236,0.9989732774293966,0.0020630548774574205
-0.16029198606611317,-0.16029198606611317,1.000481111038635,0.002256226157342395
-0.16017696796916425,-0.16017696796916425,0.9995995929875818,0.0027457564977809304
-0.16011341740650095,-0.16011341740650095,0.9993717976006631,0.0027033753401035187
-0.1599887435984783,-0.1599887435984783,0.9986404403497466,0.002706154836318006
-0.15988259658679455,-0.15988259658679455,0.9996334520875401,0.0014816037597019823
-0.15978066414609202,-0.15978066414609202,1.0017120479399568,0.0015878374315509366
-0.15963252725669008,-0.15963252725669008,0.9983144472433405,0.0016001315161181737
-0.15953782902488456,-0.15953782902488456,0.9995519790076335,0.0016118693184041769
-0.15943901002301572,-0.15943901002301572,0.9999526544791901,0.0020717024876658204
-0.1593239673631615,-0.1593239673631615,1.0007690088802819,0.0021004226984360024
-0.1592071168952316,-0.1592071168952316,0.9983840999087178,0.00190765471423924
-0.15913695482759066,-0.15913695482759066,1.0013880528350771,0.0016116981412128803
-0.15896329009283364,-0.15896329009283364,1.0014883154757483,0.0019394359680328544
-0.15877563743324571,-0.15877563743324571,1.0004688151189094,0.0020274008111981026
-0.1586356314650402,-0.1586356314650402,1.000865893785956,0.0021375050556990778
-0.15848163991213368,-0.15848163991213368,0.9991365440237111,0.003177644735941692
-0.15835262580621928,-0.15835262580621928,1.0012803355259519,0.0022067327634662853
-0.15823124217549775,-0.15823124217549775,1.0002920620861122,0.0014579720109022076
-0.15811237162834005,-0.15811237162834005,1.000931347176285,0.001714194814461352
-0.15804096810934426,-0.15804096810934426,1.0013328497477583,0.0015872349335547867
-0.1579914916128473,-0.1579914916128473,1.001147364114686,0.0015516019559721557
-0.15788673099723383,-0.15788673099723383,0.9997578816171762,0.0015172026612291266
-0.15777156094900419,-0.15777156094900419,1.0003004815828551,0.0015334763766432467
-0.15760880593443288,-0.15760880593443288,1.0010418556532699,0.001955040770640554
-0.15747119639945595,-0.15747119639945595,0.99896806871024,0.0019309965629480032
-0.15732814946968574,-0.15732814946968574,0.99933516764629,0.002020105147361485
-0.1572575467866045,-0.1572575467866045,1.002681131034015,0.0020623444496846726
-0.15708291804075997,-0.15708291804075997,0.9988228944158015,0.0026866024801967215
-0.15699471725274633,-0.15699471725274633,1.0032367091688028,0.002671186236260253
-0.15687604854447273,-0.15687604854447273,0.9985106765945743,0.002679343814094893
-0.15679438353563455,-0.15679438353563455,1.0009822192417979,0.001533861931905004
-0.15663358556284948,-0.15663358556284948,1.0004609883255493,0.0015761482080928705
-0.1565390610936447,-0.1565390610936447,1.0010651196206635,0.0015734912760738792
-0.15642500142221252,-0.15642500142221252,0.9997509937428107,0.0016879653068875814
-0.1563433635288675,-0.1563433635288675,1.0021431511997754,0.002064932943370333
-0.15620674259607767,-0.15620674259607767,1.0005239840573112,0.001967057044825987
-0.15609825381707196,-0.15609825381707196,1.0019186705159124,0.0015745835291123347
-0.15598624096146524,-0.15598624096146524,0.9984006848452767,0.0017382595850203458
-0.15580737051586765,-0.15580737051586765,0.9977056437585536,0.0018986148038586015
-0.1556699975484662,-0.1556699975484662,0.9985462788862348,0.0025826097427782907
-0.15556552659836598,-0.15556552659836598,1.0018880268744457,0.0021544674108347696
-0.1554140411208209,-0.1554140411208209,1.001428378021336,0.0021412055377760023
-0.15535013456246816,-0.15535013456246816,0.9994801090523608,0.002622967942468517
-0.1552494716594083,-0.1552494716594083,0.9989739788181549,0.0021998600446246014
-0.15513631501435157,-0.15513631501435157,0.999549950174854,0.0015009683155503201
-0.15502470742849256,-0.15502470742849256,1.0019321111234887,0.0015882071258743954
-0.15493290599752071,-0.15493290599752071,0.9992482467740784,0.0015831051766946266
-0.15477209086129734,-0.15477209086129734,1.0000827261281606,0.0016343272807399427
-0.1546130326420098,-0.1546130326420098,0.9999802245162703,0.001942069767671829
-0.15444383036556247,-0.15444383036556247,0.9993281903519626,0.0020591303115749934
-0.15434378610370914,-0.15434378610370914,0.9990194923998306,0.001896694290263878
-0.15420398585374642,-0.15420398585374642,0.9986364811080902,0.0020613380843704575
-0.15410690558746865,-0.15410690558746865,1.002037025449362,0.0026278262649264026
-0.1539484617749622,-0.1539484617749622,1.000886971439893,0.0026938046879075627
-0.1538280304923319,-0.1538280304923319,1.0003476539762164,0.0030612739888087005
-0.1537565718372207,-0.1537565718372207,1.0003484048801323,0.0015885567108719339
-0.15368934847138008,-0.15368934847138008,0.9995983314894268,0.0015037198940658805
-0.15353139361013746,-0.15353139361013746,0.9995550160165754,0.00159052601253032
-0.15335033530773218,-0.15335033530773218,0.9998081234973732,0.0016671512812964765
-0.1532574911367192,-0.1532574911367192,0.9992315709236456,0.0017347007573809523
-0.15318192697795893,-0.15318192697795893,0.9992097306357083,0.002642996076333709
-0.15301371827008553,-0.15301371827008553,1.001392427902754,0.0015431361655411809
-0.15293028767737268,-0.15293028767737268,0.9997991219483016,0.0016283490118107063
-0.1527648443263388,-0.1527648443263388,1.000936119715987,0.0023233628023942247
-0.15260864734245844,-0.15260864734245844,1.0001905393889454,0.0015524262973881562
-0.1524944597047579,-0.1524944597047579,1.0009453629556233,0.002245163790230795
-0.15238242712930514,-0.15238242712930514,0.998025468426048,0.0021729882368087903
-0.15226742233626284,-0.15226742233626284,1.0010809308872664,0.002662207218659631
-0.15219129973520468,-0.15219129973520468,1.0012088408689932,0.0026609085422363795
-0.1520713753263408,-0.1520713753263408,1.0033081176369893,0.0026965714885470037
-0.15196430494215746,-0.15196430494215746,1.0000942006731575,0.0016382291761958573
-0.1518295764344657,-0.1518295764344657,1.0008806516298505,0.0017318332167500273
-0.1516807094541946,-0.1516807094541946,0.9998725019388119,0.0015287705506475842
-0.15161788357254408,-0.15161788357254408,0.9990398590998699,0.0016674133012049032
-0.1514997219443103,-0.1514997219443103,1.00115164838915,0.001991666724853191
-0.15136230366842937,-0.15136230366842937,0.9992776664362379,0.0020042123691128397
-0.15127447554095852,-0.15127447554095852,0.999483462981774,0.0019169409118178036
-0.15111477619320796,-0.15111477619320796,0.9997408266925888,0.001971822516884159
-0.15099929845946464,-0.15099929845946464,0.9989395693177616,0.002203422972210524
-0.15084458503461065,-0.15084458503461065,1.0014456905136857,0.0030862415780278417
-0.1506809015167164,-0.1506809015167164,0.9996038390715644,0.0021956658575862124
-0.15052976524384576,-0.15052976524384576,1.0000420911777295,0.0015538523081657129
-0.15040183588007494,-0.15040183588007494,1.0031427476774106,0.002353868313919505
-0.1502406879750197,-0.1502406879750197,1.0000394685158462,0.0016841731438855608
-0.15015142521369854,-0.15015142521369854,0.999303190089684,0.002041299256372501
-0.14996904399304184,-0.14996904399304184,1.0028532970233188,0.0019400573396160501
-0.14988173276015004,-0.14988173276015004,1.0006906525388362,0.0015439753768197958
-0.14978979366878775,-0.14978979366878775,1.0008859911409278,0.0017804277170706088
-0.14968123711696535,-0.14968123711696535,0.9997165859132956,0.0019894429188956828
-0.14959151483235472,-0.14959151483235472,0.9992921157660082,0.001343004905285273
-0.14945288801682183,-0.14945288801682183,1.0010656943996292,0.0027001842624504845
-0.1493709289461549,-0.1493709289461549,1.0009695975880555,0.002709676129924211
-0.14923689444076443,-0.14923689444076443,0.9994413319422802,0.0015470001683379178
-0.1491050157123027,-0.1491050157123027,1.0017019782776095,0.002657240066255528
-0.14894498295197992,-0.14894498295197992,1.0009916996693888,0.0016693516345284661
-0.14881787174035707,-0.14881787174035707,1.00183714904925,0.001738308158963847
-0.14864237584752119,-0.14864237584752119,0.9986651857210994,0.0017653212304829895
-0.1485211707187773,-0.1485211707187773,0.9990443715879074,0.0014610175197623493
-0.14844805890697899,-0.14844805890697899,0.9978759244630868,0.001558931524907417
-0.14835812395995163,-0.14835812395995163,1.0013183333625384,0.0026156528819254055
-0.14820984900543407,-0.14820984900543407,1.0015670649533253,0.001998669721964928
-0.14809106745196915,-0.14809106745196915,0.9992188142945178,0.0014505988344800712
-0.1480149631448512,-0.1480149631448512,1.0012724293131112,0.002411730982610125
-0.14795348513362114,-0.14795348513362114,1.0003654375518143,0.0014852455209398375
-0.14780203587833968,-0.14780203587833968,1.0023864072434938,0.0030076818760326612
-0.1476834951678029,-0.1476834951678029,1.0023097970338521,0.0026655151166884096
-0.1475615845856737,-0.1475615845856737,1.000745731940389,0.0021988014503915012
-0.1474495046040829,-0.1474495046040829,0.998266835791777,0.0015775884690704418
-0.1473153663215271,-0.1473153663215271,0.9990843092808305,0.0015977785429290084
-0.14717186343659705,-0.14717186343659705,1.001969708005802,0.0015160254716039487
-0.14704027252555535,-0.14704027252555535,1.001135984055114,0.001988743551437082
-0.14692198493103206,-0.14692198493103206,0.9998032828164574,0.002568642027669489
-0.14679765852579293,-0.14679765852579293,1.0011343567753113,0.001993646600002061
-0.146739355659156,-0.146739355659156,0.9995977697784191,0.0020133140622863696
-0.14665874852107663,-0.14665874852107663,0.9987511060451062,0.001767280434981895
-0.1465466202032985,-0.1465466202032985,1.0013254326097398,0.002262883788204841
-0.14643674280905544,-0.14643674280905544,1.0001369040855923,0.0015085669097423704
-0.14629881852815743,-0.14629881852815743,1.000416122221671,0.003176816635759596
-0.14615199730542372,-0.14615199730542372,0.9989629632235687,0.0015799599184166528
-0.14600345061280678,-0.14600345061280678,1.0012184451836557,0.0026628970173330274
-0.14588470067501474,-0.14588470067501474,1.0002057678186318,0.0015933904468921445
-0.145726935869061,-0.145726935869061,1.0006107875029344,0.001845813552075221
-0.14554258376938378,-0.14554258376938378,1.0003393290797593,0.0020352576664780684
-0.14543227316553384,-0.14543227316553384,1.0007704393675503,0.0015456890389246595
-0.1453386014307398,-0.1453386014307398,1.0026261707226112,0.0020806889957371557
-0.14518079815461532,-0.14518079815461532,0.998816403983543,0.002043204753694677
-0.14505569913380895,-0.14505569913380895,1.00060449051965,0.0022539742702340666
-0.14495583244770388,-0.14495583244770388,0.9995399694102526,0.0023327403422342447
-0.14487333443084935,-0.14487333443084935,1.000921250116192,0.0015753507990365983
-0.14472013240247178,-0.14472013240247178,1.000560949429176,0.0015252999391296798
-0.14457445430143706,-0.14457445430143706,1.0014635210003868,0.0031134573997360425
-0.14446964090839173,-0.14446964090839173,1.0027796985953927,0.0021911857924770163
-0.14434305119757482,-0.14434305119757482,1.0005343920645757,0.0014505340780730294
-0.1442015458671449,-0.1442015458671449,1.0011452339213993,0.0014423898297078008
-0.14398753286441207,-0.14398753286441207,0.9986431909461423,0.0019913333085477885
-0.14379360331276986,-0.14379360331276986,0.9991532855682849,0.0023479956013341572
-0.1436801212204955,-0.1436801212204955,0.9990548454224509,0.0021351485093686357
-0.14361086223034364,-0.14361086223034364,1.000818586026424,0.0015594435805239828
-0.14352195489500447,-0.14352195489500447,0.9986468864214217,0.0019892718114552805
-0.1434290578841683,-0.1434290578841683,1.000267963536584,0.0022982150090128787
-0.1432376623040909,-0.1432376623040909,0.9998645513434175,0.0022245657274966536
-0.14315064147940576,-0.14315064147940576,1.0019625187959318,0.0028087474589607057
-0.14297828124035733,-0.14297828124035733,1.0009699011938848,0.0026460814440714842
-0.14282147339290532,-0.14282147339290532,1.0003471749508657,0.001601578952057394
-0.14270615866062145,-0.14270615866062145,1.0010949554815893,0.00153775200150907
-0.14260121654588148,-0.14260121654588148,1.0018406090733492,0.0016850326754092714
-0.14248477020591963,-0.14248477020591963,1.0008407893467788,0.0020851656047816336
-0.14229166032910143,-0.14229166032910143,0.9998816443160425,0.0015629855293941082
-0.14219066845635098,-0.14219066845635098,0.9994794042776279,0.001848809546704505
-0.14200699554949098,-0.14200699554949098,0.9990019903704347,0.001943197711354243
-0.14191760658904967,-0.14191760658904967,1.000580091807598,0.001970360704468618
-0.1418163921269297,-0.1418163921269297,1.0002436823435041,0.0023389133237682698
-0.14171168301709258,-0.14171168301709258,1.0001975257766023,0.0015864453910527597
-0.14154722654529905,-0.14154722654529905,1.0018954748550786,0.002174583481012058
-0.14141820421846205,-0.14141820421846205,1.0008123120978467,0.0021549702040926533
-0.1412802716031365,-0.1412802716031365,0.9996989201366585,0.0014882127381811922
-0.14115341979431834,-0.14115341979431834,1.0016796106059496,0.0015720593124662961
-0.14106976270431915,-0.14106976270431915,1.0006568522718906,0.0014158294684342384
-0.14095623534649349,-0.14095623534649349,1.001037386493434,0.0016578062757210258
-0.14078078493839713,-0.14078078493839713,0.9998885053498465,0.0022471778612343013
-0.1406727023771964,-0.1406727023771964,0.9994881142619298,0.0023354323741072965
-0.14057383121162276,-0.14057383121162276,1.0010660771715245,0.0015506509639445407
-0.14044000492194755,-0.14044000492194755,1.0003158153387286,0.0019437962742928118
-0.1403269917393118,-0.1403269917393118,0.9989041426660925,0.0023007690064038235
-0.14012666303115112,-0.14012666303115112,1.001395476512381,0.0022080122731572807
-0.13998776776861632,-0.13998776776861632,0.9999274795867363,0.00264271444961657
-0.13984503925894387,-0.13984503925894387,0.9997822511888627,0.0021554830951948773
-0.13969845426254324,-0.13969845426254324,1.0006890644892514,0.0015846813679882155
-0.13958165674393969,-0.13958165674393969,1.0039818912742124,0.002996690087417062
-0.13946430138148572,-0.13946430138148572,1.0023432490631257,0.0018215732627265377
-0.13931881216085457,-0.13931881216085457,0.998870304974394,0.0021988717192898905
-0.139163149128035,-0.139163149128035,0.9999274271307831,0.0019514316471315543
-0.13905607631240854,-0.13905607631240854,1.001284882988823,0.001826105606274705
-0.13885173431135628,-0.13885173431135628,0.9987250088327382,0.0023025261510803254
-0.1386717995575964,-0.1386717995575964,1.001892715516585,0.00220609975814984
-0.13852306551616494,-0.13852306551616494,1.000061499928933,0.001583437761715032
-0.138321252060814,-0.138321252060814,1.0004465389332076,0.00268070416988003
-0.13818220402863518,-0.13818220402863518,0.9995586186280466,0.001542471321496979
-0.1380285785495289,-0.1380285785495289,0.9999788490055002,0.001692375962760206
-0.137916662868156,-0.137916662868156,1.000236114613652,0.0015162195524094082
-0.13774406472966802,-0.13774406472966802,0.9999524810210673,0.0019385969637967198
-0.1375523061189597,-0.1375523061189597,1.0011633269827573,0.0020483564977421017
-0.1374115299588084,-0.1374115299588084,0.998074063059289,0.0018809554848431046
-0.13725664634694112,-0.13725664634694112,1.0002867003228437,0.0020578415529189696
-0.13710838804763625,-0.13710838804763625,0.9984422137634497,0.0022563361965848286
-0.137002381295315,-0.137002381295315,1.0006636622774576,0.002147927122623115
-0.13695021787225414,-0.13695021787225414,1.0019549225959077,0.003149608634237358
-0.13682219885922678,-0.13682219885922678,1.0016745567564818,0.002749416690706751
-0.13672900109868352,-0.13672900109868352,0.99963742434949,0.0015301359073962005
-0.1366142579659936,-0.1366142579659936,1.001286302922081,0.0015287939355762188
-0.1364761328404711,-0.1364761328404711,1.0000577732835993,0.0016293923452219334
-0.13635817340673384,-0.13635817340673384,1.000090675376367,0.0016168574457890265
-0.13625546871226107,-0.13625546871226107,1.002721093467318,0.0020734141151652627
-0.13614044752594054,-0.13614044752594054,0.9993580907117474,0.002098393260734806
-0.13602376820617793,-0.13602376820617793,1.0006185318568763,0.0019238401213615888
-0.13592504825610377,-0.13592504825610377,1.0001546711726756,0.0017218933542220837
-0.1357348245099274,-0.1357348245099274,1.0016632090863873,0.002236958958254506
-0.13557479179453366,-0.13557479179453366,0.9989465902798136,0.0021980977386441333
-0.13542229068007144,-0.13542229068007144,1.0009818414949883,0.0015261929264525523
-0.1352418855572978,-0.1352418855572978,1.0003322946889432,0.003422788257307982
-0.13512640968747291,-0.13512640968747291,0.9991086864398765,0.0015602388963054429
-0.13501678296324826,-0.13501678296324826,0.9988352727126604,0.0014852871848340028
-0.1349217888811836,-0.1349217888811836,1.000545431532575,0.001712461503519267
-0.1348490530601339,-0.1348490530601339,1.0010299817848882,0.0014551921250588668
-0.13479356678581098,-0.13479356678581098,0.9992992517807899,0.0015691601067743064
-0.1346825103773881,-0.1346825103773881,0.9996146020659065,0.0016349978872345864
-0.13456500420816156,-0.13456500420816156,1.0004566645051018,0.0014390052501619883
-0.1344106628195732,-0.1344106628195732,0.9979966240221791,0.0019049798958793087
-0.13430873972138216,-0.13430873972138216,1.000138513665694,0.0018853201951819624
-0.1341641483044441,-0.1341641483044441,1.0003510182014068,0.0020252841550990794
-0.13409835786187613,-0.13409835786187613,1.0029289248796747,0.002031120461918066
-0.13394834632890706,-0.13394834632890706,1.0011145724227175,0.0022232204414553078
-0.13385022305774327,-0.13385022305774327,0.9984043913280212,0.0026761136739821526
-0.13372929227862188,-0.13372929227862188,0.99990796968291,0.0030746134317259136
-0.1336525190848988,-0.1336525190848988,0.9998841257069255,0.001511820112034863
-0.13353101516004245,-0.13353101516004245,1.001326901956114,0.0018244384576166337
-0.13340301777971036,-0.13340301777971036,0.9994350255398932,0.0015888651821420556
-0.1333029415070996,-0.1333029415070996,1.000577763554315,0.0016690834800723961
-0.13318230189070163,-0.13318230189070163,1.0016476158781145,0.0020786769262447174
-0.13309716660915,-0.13309716660915,1.0010040071666293,0.002040058600340149
-0.1329436869124038,-0.1329436869124038,0.999411924301552,0.0015463255565887595
-0.13286128493982688,-0.13286128493982688,1.0009718900169786,0.0016628651476596925
-0.13269024009423447,-0.13269024009423447,1.000527805126258,0.0019431745221294015
-0.1325188871085629,-0.1325188871085629,0.9998246766293803,0.0021092641868278215
-0.13240981867238588,-0.13240981867238588,1.0020775924872496,0.0026193713859237293
-0.13225119118178555,-0.13225119118178555,1.0016266426536293,0.0015216529972016276
-0.13218140440767456,-0.13218140440767456,1.0014836819250277,0.002619056363912628
-0.13209401834683376,-0.13209401834683376,1.001705907338414,0.0027123092352822546
-0.132002969034329,-0.132002969034329,0.9986151474236225,0.0015622050415115797
-0.13188432029346586,-0.13188432029346586,1.0002691441390819,0.0015659309109283942
-0.13178291368749342,-0.13178291368749342,1.0018856371221285,0.001646539595116426
-0.1316185755231345,-0.1316185755231345,0.9993717117541301,0.0015246114867352588
-0.13145635290547944,-0.13145635290547944,1.0005951244622744,0.0020489479457009687
-0.1312603125743408,-0.1312603125743408,0.9999066787015467,0.002063317082979259
-0.1311570819632834,-0.1311570819632834,1.0008422667606698,0.0022542545087789957
-0.13101275842309407,-0.13101275842309407,0.9996034801435141,0.0016580568421287016
-0.13088855140431405,-0.13088855140431405,0.9993279416519021,0.0026391995930722524
-0.13075648184003513,-0.13075648184003513,0.9979211590028297,0.002701363635056699
-0.13064431895709278,-0.13064431895709278,1.0003933519348558,0.00305767697692675
-0.13057321321357448,-0.13057321321357448,0.9999152570562373,0.0015878402715930055
-0.13050600625247172,-0.13050600625247172,0.9984187543828897,0.0015018163777138515
-0.1303687428984631,-0.1303687428984631,1.0010705060595293,0.0015427526475585644
-0.13019689282027685,-0.13019689282027685,0.9997691920075151,0.0016318006463091578
-0.13008714822553885,-0.13008714822553885,0.9997799335289012,0.0017092486685468002
-0.13000256019604423,-0.13000256019604423,1.0008880847334418,0.0027113135058681953
-0.1298303070332622,-0.1298303070332622,0.9988112239243501,0.001542285195086727
-0.12974689177299298,-0.12974689177299298,0.9986784138959093,0.0016273119641675427
-0.12954258497920818,-0.12954258497920818,1.0005752232268867,0.001961747993585599
-0.1293679993099431,-0.1293679993099431,0.9999078486391408,0.0021953282946434597
-0.12924812989858764,-0.12924812989858764,0.9995053483395389,0.0021958705331409983
-0.12912394661780127,-0.12912394661780127,1.0000060901099856,0.0026402511264224395
-0.12903254714419746,-0.12903254714419746,1.000708146922428,0.0026747637324417914
-0.12891141745803908,-0.12891141745803908,1.000796811193273,0.0015855128036374514
-0.12882308862299396,-0.12882308862299396,0.9990191127183874,0.0026926823335590364
-0.1287095725105246,-0.1287095725105246,0.9996022288332493,0.0017200150326784462
-0.12858067866472994,-0.12858067866472994,1.0018801651036686,0.0016209770607225685
-0.12846252182953322,-0.12846252182953322,0.9988163699546166,0.0015271667311209558
-0.12840545950148224,-0.12840545950148224,1.0006926784106298,0.0017123612703886892
-0.12829724997573067,-0.12829724997573067,1.0009277153849496,0.0019723344444332117
-0.12817886524335337,-0.12817886524335337,0.9990038602504765,0.00200175368843596
-0.1280910684570699,-0.1280910684570699,1.0030439966409268,0.001913159569746653
-0.12793126700471474,-0.12793126700471474,0.9983116000575359,0.001965314302184996
-0.127821350519298,-0.127821350519298,1.0017085763152398,0.0019888938484858305
-0.12768823132719262,-0.12768823132719262,0.9990614787972726,0.0030827743058106324
-0.12753367136683663,-0.12753367136683663,0.9999886674417313,0.002671677356884342
-0.12740534362910694,-0.12740534362910694,0.999635879130147,0.0015719164956146023
-0.1272690388108458,-0.1272690388108458,1.0023426710701886,0.0022821673818172066
-0.12717809759815282,-0.12717809759815282,0.9991397889592326,0.0016009950561242947
-0.12703630194937432,-0.12703630194937432,0.9988243057737854,0.0017196508786314335
-0.12693687393748404,-0.12693687393748404,0.9985837398218876,0.0023214777582930965
-0.12677092923277086,-0.12677092923277086,1.000607397320947,0.0014680724204438438
-0.12669834854623332,-0.12669834854623332,0.9996350330638195,0.0015430092636264843
-0.12660058081801254,-0.12660058081801254,1.0006286115685548,0.0017641642642195168
-0.12647746672755603,-0.12647746672755603,1.0004012965376565,0.0019633001054440526
-0.1263801689097818,-0.1263801689097818,1.0005429169092086,0.0014228171329017962
-0.1262527436032542,-0.1262527436032542,1.0054379234975193,0.0027522868743952503
-0.12615874018611067,-0.12615874018611067,0.999590308038319,0.0026338251583223
-0.12602256384125213,-0.12602256384125213,1.002322910273121,0.0021607035535928095
-0.12584824474106426,-0.12584824474106426,0.9999204373935446,0.00223161314726857
-0.12570559480791416,-0.12570559480791416,1.0004845951268675,0.0016386935887558174
-0.12557538662967999,-0.12557538662967999,0.9992422523734408,0.0018155928104282952
-0.1253885405996698,-0.1253885405996698,0.9973209607464464,0.0015975304426171758
-0.12531467958760914,-0.12531467958760914,0.996906095321164,0.0014990176402522226
-0.12522807934401498,-0.12522807934401498,1.0016833874110824,0.001609023658703484
-0.1251614776398128,-0.1251614776398128,0.9994487194452992,0.0025745661879578866
-0.1250263880010607,-0.1250263880010607,0.9999684846987484,0.0020027984997439694
-0.12490563133560499,-0.12490563133560499,0.9984364698666892,0.0015395776142766895
-0.12481525461626006,-0.12481525461626006,1.0005230223053636,0.002400470586282737
-0.12471895269936795,-0.12471895269936795,1.0024757940168962,0.002105919421343462
-0.12455952974542014,-0.12455952974542014,0.998649707364143,0.003088514457411362
-0.12442680567237403,-0.12442680567237403,0.9986223638910765,0.0022611442793234915
-0.12430002796718327,-0.12430002796718327,1.0017239620539544,0.0014435007012930609
-0.12418828007903357,-0.12418828007903357,1.0014241522586784,0.0015252421835172032
-0.12406118051840168,-0.12406118051840168,1.0002667831294052,0.0015843035803132476
-0.12390682072455092,-0.12390682072455092,1.0006330383955107,0.001635148328509173
-0.12379523606559814,-0.12379523606559814,1.0002151246065893,0.0025399895905998914
-0.12365634331836191,-0.12365634331836191,1.0034900422206097,0.00277631987560164
-0.12359318033595627,-0.12359318033595627,1.000415474867678,0.0019477822137010062
-0.1235142010036725,-0.1235142010036725,0.9994825290777886,0.0016692333131642805
-0.12340068647099542,-0.12340068647099542,0.9998092697496193,0.002080387732944986
-0.12332197895084392,-0.12332197895084392,0.9998753914311299,0.001837963788111547
-0.12314955911042488,-0.12314955911042488,0.999609267951536,0.0028040945975167987
-0.12302693682449899,-0.12302693682449899,1.0001387684059027,0.0022030140360925253
-0.12285029470640438,-0.12285029470640438,0.9986799611955128,0.0026378444531114697
-0.1227277760484867,-0.1227277760484867,1.0009261181092526,0.0015883335171043133
-0.12256988715816988,-0.12256988715816988,0.997898379512242,0.0016480738623032508
-0.1223933848015804,-0.1223933848015804,0.9994758931008496,0.002136557149717207
-0.12226513588011585,-0.12226513588011585,0.9986149367707544,0.0016951760141998694
-0.12215508204189973,-0.12215508204189973,1.0007811305583914,0.0020807161667999287
-0.12199732222907186,-0.12199732222907186,0.999832583033822,0.0020458130566932036
-0.12187226274745626,-0.12187226274745626,0.9994892155244853,0.0022474956488070107
-0.12177227308584407,-0.12177227308584407,1.0000391681922975,0.001981965695924608
-0.12168985421576509,-0.12168985421576509,0.9990498565668524,0.001989710290464094
-0.12156537829505396,-0.12156537829505396,1.0005326747778338,0.001507983454376147
-0.12139082808262174,-0.12139082808262174,1.0012025079708908,0.003111355992338585
-0.12130593025813141,-0.12130593025813141,1.002617977102806,0.0021459397740806237
-0.12118986410805518,-0.12118986410805518,0.9989849069508303,0.0014985924106155324
-0.12103282999705697,-0.12103282999705697,0.9994228972011288,0.0014304295431463504
-0.120853863371849,-0.120853863371849,1.0004651813172711,0.0015695641524707316
-0.12062705514999834,-0.12062705514999834,1.0006580805934058,0.002617060404893947
-0.12049658955256745,-0.12049658955256745,0.9989922176768982,0.0021283570143794364
-0.1204300138340841,-0.1204300138340841,1.0009697931588226,0.0014918143127019656
-0.12035945389325206,-0.12035945389325206,1.0003071155504064,0.001996485449444642
-0.12026401729144709,-0.12026401729144709,0.9998983516955866,0.0023172577006596194
-0.12009578280794812,-0.12009578280794812,0.9984147097594913,0.002201034534560549
-0.12002123325019057,-0.12002123325019057,0.9993198455951017,0.002831174331084791
-0.11984821811092843,-0.11984821811092843,1.0001007688021715,0.0021635143033263532
-0.11970397465483984,-0.11970397465483984,0.9987481133937383,0.002216391719894067
-0.11959201770714571,-0.11959201770714571,1.0001904528388632,0.0015361381634324581
-0.11947390753575746,-0.11947390753575746,1.0006357728722501,0.001551111090316674
-0.11939115795394173,-0.11939115795394173,0.9974635991293181,0.0016078289910652654
-0.11923920852605079,-0.11923920852605079,0.9994627981845715,0.00221720986716446
-0.11908724062723194,-0.11908724062723194,1.0010037810874655,0.0014819540805448748
-0.11895018770665047,-0.11895018770665047,0.9993937994862702,0.0017919521203096649
-0.11879296163988329,-0.11879296163988329,1.0015905924061925,0.0022444789247546668
-0.11868664246776461,-0.11868664246776461,1.0004103793226486,0.0019910819273554477
-0.11860138135562011,-0.11860138135562011,1.0003654773709507,0.001994590127823214
-0.11846252499981347,-0.11846252499981347,1.0017162190861355,0.0015462733475249404
-0.11831369862811698,-0.11831369862811698,0.9999142056451656,0.0022144839704500013
-0.11821215379586647,-0.11821215379586647,0.9976915296033747,0.002178106856832736
-0.11806457833899912,-0.11806457833899912,0.9998687948638395,0.0015247831419356618
-0.11796404830729443,-0.11796404830729443,0.9986355189764439,0.0015208642979108134
-0.11788648961319267,-0.11788648961319267,0.9998332750857786,0.001415146583844311
-0.11777264854608802,-0.11777264854608802,1.0018224479036175,0.001656098403538574
-0.11759733636517922,-0.11759733636517922,1.0009422022004313,0.002249145036930365
-0.11748914989275364,-0.11748914989275364,0.9998953124678784,0.002335320221617131
-0.11739643058190267,-0.11739643058190267,0.9998304742395219,0.0015532157567026686
-0.11729395408110577,-0.11729395408110577,0.9994422143179348,0.0019112703427194484
-0.11716050706345413,-0.11716050706345413,0.9987592011377024,0.0023298624141844058
-0.11700297309580492,-0.11700297309580492,0.998022821956954,0.0016740441683274828
-0.11690897612152185,-0.11690897612152185,1.0004364402113406,0.0030689610826960916
-0.11673480819354154,-0.11673480819354154,0.997588108045347,0.0021349936254512684
-0.11660481404614984,-0.11660481404614984,1.0001584107865078,0.0015944683304817144
-0.1164651082997807,-0.1164651082997807,0.9994496300963931,0.0029738577883848876
-0.11635548618814937,-0.11635548618814937,0.9983034832290922,0.0016230959600959268
-0.11620979351828283,-0.11620979351828283,0.9989014452943941,0.0022098397865280527
-0.11603530622523976,-0.11603530622523976,1.0002824893742603,0.002112566940885215
-0.11592912771830015,-0.11592912771830015,1.0021594138751895,0.0017146700311047197
-0.11575076707722473,-0.11575076707722473,1.0025251513951292,0.0017072060880923036
-0.11554995589976898,-0.11554995589976898,0.9986769867131351,0.002359998711937243
-0.11540872087643947,-0.11540872087643947,0.9990086575307515,0.002166733352768193
-0.11524211916585045,-0.11524211916585045,0.9986615595053034,0.002143642691348939
-0.11508374139884836,-0.11508374139884836,0.999712669057143,0.002221956854546888
-0.11492912242465536,-0.11492912242465536,1.0010108578280854,0.0016035910614271534
-0.11479843800116214,-0.11479843800116214,0.9978304595524344,0.0016048870509080232
-0.11467539691111597,-0.11467539691111597,1.0008206067759151,0.0014392361026069583
-0.11447877259997767,-0.11447877259997767,0.999116489525489,0.0023232703930029506
-0.1143104545546521,-0.1143104545546521,0.9985398643592616,0.00168815574146637
-0.11416167748211592,-0.11416167748211592,1.0014731291622523,0.0019675322713667907
-0.1140282731188563,-0.1140282731188563,1.0023379172468445,0.002045340868834236
-0.11385935885646177,-0.11385935885646177,0.9998435370981124,0.0026572305276078467
-0.11378862777291943,-0.11378862777291943,1.0012697607551195,0.0031517171149777453
-0.11366302373862709,-0.11366302373862709,1.0001965466320217,0.00229705506344892
-0.11354563153054187,-0.11354563153054187,0.9995584592332133,0.0015312392676042077
-0.11343076998309698,-0.11343076998309698,1.0033739744129606,0.0015264438782099112
-0.1132923973389552,-0.1132923973389552,0.9997962841216104,0.0016290140784299503
-0.11316868614485429,-0.11316868614485429,0.9993811291830335,0.0015833057484441534
-0.11304683886319253,-0.11304683886319253,1.0030358643258441,0.0021832820161210836
-0.11293260299389658,-0.11293260299389658,0.9994300147345403,0.0022705806206134715
-0.11282110242518684,-0.11282110242518684,1.0032315772652423,0.0015969536247061196
-0.11273055027268128,-0.11273055027268128,0.9986315194170683,0.001686905024600921
-0.11255134738330526,-0.11255134738330526,0.9996524178932624,0.002231049963822716
-0.11239128061679367,-0.11239128061679367,1.0010180249175937,0.002194760549021371
-0.1122271673872092,-0.1122271673872092,1.0000203341829326,0.0016203059360725385
-0.11205809013845283,-0.11205809013845283,0.9995036954381706,0.0034248244039742594
-0.11192555593497673,-0.11192555593497673,1.0000995832939743,0.0015513951963542724
-0.11181040004466922,-0.11181040004466922,0.9990713124062509,0.001535575520372529
-0.11172382686472701,-0.11172382686472701,0.9997958983686595,0.001662149358678311
-0.11165322776287212,-0.11165322776287212,0.9999086328691524,0.0014551965335474464
-0.11159304480315768,-0.11159304480315768,0.9994713366632835,0.0015473752414418803
-0.11147977893288044,-0.11147977893288044,1.001631267199652,0.0016348980457133687
-0.11133390588365728,-0.11133390588365728,1.0007030567457664,0.001894637457214001
-0.11119553535681917,-0.11119553535681917,1.0011511165946323,0.0015112129342733267
-0.11107756589408382,-0.11107756589408382,0.9985161356446938,0.0018946959844371731
-0.11094653369109438,-0.11094653369109438,0.9996294809975422,0.0020473753621801207
-0.11083649585398234,-0.11083649585398234,0.9991316059293773,0.0025239986376747376
-0.11068147973237501,-0.11068147973237501,0.9997752982712873,0.002671272936321938
-0.11057193284214009,-0.11057193284214009,0.9991631884013833,0.0030729163143383325
-0.11048531190972426,-0.11048531190972426,1.0033371199294692,0.0015411012336287596
-0.1103694127574272,-0.1103694127574272,1.0017613555358378,0.001583607813283126
-0.11021338104983443,-0.11021338104983443,1.0009045094789126,0.0016389713394295495
-0.11009177416308376,-0.11009177416308376,0.9995435550949283,0.0017280783777883252
-0.10998357461357955,-0.10998357461357955,0.9992647574948641,0.001979018450575405
-0.10988100767008291,-0.10988100767008291,1.0002023829032203,0.0020414129806669936
-0.10974415514629073,-0.10974415514629073,1.0008820579093727,0.0015495202547981704
-0.10964759162507107,-0.10964759162507107,0.9995516169698486,0.0017616789119397629
-0.10947703422916674,-0.10947703422916674,0.9997132067763221,0.0018898575631325566
-0.10930260625700612,-0.10930260625700612,0.9996680110891518,0.0025789307757724863
-0.10919884789836942,-0.10919884789836942,0.9996025589106695,0.002155687083694697
-0.10904707539029915,-0.10904707539029915,1.0014862009489536,0.002137318478212021
-0.10898324370336923,-0.10898324370336923,0.9989794466970976,0.0026178826900003062
-0.10889253755394748,-0.10889253755394748,0.999919861711209,0.0022296226197321494
-0.10879599052095727,-0.10879599052095727,1.000407764206685,0.0015824579270414985
-0.10867664343059005,-0.10867664343059005,1.0005047329791732,0.0015878771902596094
-0.10859063583702663,-0.10859063583702663,0.9986252747266005,0.0015746557341380705
-0.10842011581007682,-0.10842011581007682,1.0003319248894673,0.0016162016691227098
-0.10823119921897159,-0.10823119921897159,1.001198703338844,0.00232854146472583
-0.10805047818084859,-0.10805047818084859,0.9987372761956239,0.0015991150320782282
-0.1079366545412995,-0.1079366545412995,0.9982703376000428,0.002343264502747226
-0.1078189661639044,-0.1078189661639044,1.0027419388475347,0.002122756899405909
-0.10766650543337164,-0.10766650543337164,0.9995257114857546,0.0022439549856079957
-0.10756073711818318,-0.10756073711818318,0.9985498545703468,0.0028296830369776127
-0.10746060748970195,-0.10746060748970195,1.0023354658436097,0.003056530026199742
-0.1073763254831647,-0.1073763254831647,1.0003108557920062,0.0015982957312275809
-0.10730644766008482,-0.10730644766008482,0.9994476231978515,0.0015545010561415188
-0.10715586296373658,-0.10715586296373658,0.9989129679680693,0.002147945118748169
-0.1070132825687324,-0.1070132825687324,0.9999644809310506,0.001631871988678698
-0.10690364408364986,-0.10690364408364986,0.9991289833460405,0.0017077131151802996
-0.10681882658809627,-0.10681882658809627,1.0011653289998388,0.0027043432367845144
-0.10664689586355962,-0.10664689586355962,0.9993155241922583,0.0015419127830342803
-0.10656349595374195,-0.10656349595374195,1.0006500673784706,0.0016284751410987927
-0.1064070296828504,-0.1064070296828504,1.000042143786084,0.001958431598767146
-0.10624191119422903,-0.10624191119422903,1.00174664612915,0.0015498269471698953
-0.10613582970981952,-0.10613582970981952,1.0008985457389934,0.0022127864087485333
-0.10599048252261127,-0.10599048252261127,1.0018008224704116,0.0026494601719133067
-0.10588610324575712,-0.10588610324575712,0.99984292685823,0.0026625378408264484
-0.10577974730877031,-0.10577974730877031,0.999137449590572,0.0022314888664187334
-0.10566061913996236,-0.10566061913996236,1.0020636906793723,0.0026717047777909883
-0.105559190565873,-0.105559190565873,0.9992449005692382,0.0015961520648745471
-0.10545319156335609,-0.10545319156335609,1.0014554988665263,0.001688438288360627
-0.10531417747115483,-0.10531417747115483,1.000597307937946,0.001526093891241555
-0.10523405573749187,-0.10523405573749187,1.003538114414832,0.001703692831389652
-0.10511673670498567,-0.10511673670498567,1.0014642028598537,0.0019600890027841934
-0.10499542685083725,-0.10499542685083725,1.000956654935948,0.0020021427992767816
-0.10490766140428605,-0.10490766140428605,0.9986395044742091,0.0019112982923757398
-0.10475301455207955,-0.10475301455207955,0.9983717700187521,0.0020034740767225943
-0.10466367719473055,-0.10466367719473055,0.9987327997268608,0.0015378375827008834
-0.10450453330577147,-0.10450453330577147,1.0006562163250745,0.0030778857963391693
-0.10434662877742085,-0.10434662877742085,0.9999609629827703,0.0026562064257015243
-0.10419667534515611,-0.10419667534515611,1.0009971909112632,0.0016329589540290475
-0.10406149621358055,-0.10406149621358055,1.0032420394365844,0.002305981227796911
-0.10390859066337725,-0.10390859066337725,0.9992827576162636,0.001622516778451741
-0.10380971693484753,-0.10380971693484753,1.0029000463035334,0.0017331219424817038
-0.10367868862194882,-0.10367868862194882,1.001519129650956,0.002248614924495314
-0.10356054430394579,-0.10356054430394579,1.0003362603163846,0.0015542143094229685
-0.10348372271946574,-0.10348372271946574,1.0016258957823005,0.0015786889957291681
-0.10336934138922516,-0.10336934138922516,0.9991817691921938,0.001689252374587088
-0.1032606418195428,-0.1032606418195428,1.0002074321117365,0.0019331675064336675
-0.10316883264567878,-0.10316883264567878,0.9976412348190156,0.0014712276496027222
-0.10304970798970317,-0.10304970798970317,1.0006108954018818,0.0027246974802531817
-0.10294811805106292,-0.10294811805106292,0.997873899881107,0.0026468483493834747
-0.10281276663736208,-0.10281276663736208,1.0049553817038768,0.0026372712290210097
-0.10263105601043207,-0.10263105601043207,0.9993956937692048,0.0016457272158509162
-0.10249277448729117,-0.10249277448729117,1.0008259952593384,0.0016392855995931964
-0.10235844120525144,-0.10235844120525144,1.0022500183093368,0.0017479282400984775
-0.10218199285500304,-0.10218199285500304,1.001671158175803,0.0016555432851334151
-0.10211474758743862,-0.10211474758743862,1.00095135519004,0.0014997036753971588
-0.10202701836788038,-0.10202701836788038,0.9998171581688331,0.002358974026483478
-0.10192813300345734,-0.10192813300345734,1.0005736433086356,0.0019816287462552256
-0.10180989848322497,-0.10180989848322497,0.999032092658094,0.0022431061697082808
-0.10169815442277468,-0.10169815442277468,1.0012490028236498,0.0019874626749611865
-0.10161608638863981,-0.10161608638863981,0.9988454948706226,0.002050754214201685
-0.1015195991130895,-0.1015195991130895,1.0017874745864823,0.0022095711926527917
-0.10137583914165589,-0.10137583914165589,1.0000674885473186,0.0030833945400019704
-0.10123255739963496,-0.10123255739963496,0.9987599915915066,0.0022735148287564813
-0.10112667703251646,-0.10112667703251646,1.001703379490437,0.0014716524609199087
-0.10100480751934811,-0.10100480751934811,0.9992319400704712,0.0015230211721189498
-0.10091476623420022,-0.10091476623420022,0.9983986421751119,0.0015687481809905756
-0.10073012703760469,-0.10073012703760469,1.0007949120768784,0.0017282913826365772
-0.10061174024849606,-0.10061174024849606,1.0018520490646066,0.002531968832237086
-0.10045310565692489,-0.10045310565692489,1.0023481687239708,0.0020002984711715325
-0.10039461381147703,-0.10039461381147703,1.0003049976899996,0.002037764020180333
-0.1003185911804394,-0.1003185911804394,1.0005190651777194,0.0016317817924691926
-0.10021720379954786,-0.10021720379954786,0.9978278094181325,0.0020794335987804565
-0.10015633991479263,-0.10015633991479263,0.9981156174083596,0.0018423128248826648
-0.09999619355712638,-0.09999619355712638,1.0013949666694653,0.002652289000291689
-0.09988559242156043,-0.09988559242156043,0.9986866416692969,0.00230352203766602
-0.0997281264691992,-0.0997281264691992,0.9989689718853926,0.0026724370317274234
-0.09957962166208745,-0.09957962166208745,0.9991611474820289,0.001597474170829068
-0.09945429631752631,-0.09945429631752631,1.0023315085070834,0.0015884459203722983
-0.09928680349439674,-0.09928680349439674,1.0005845208239497,0.0021394778506563994
-0.09913036671077861,-0.09913036671077861,1.0011265575300743,0.0017653741200304481
-0.0990175943752547,-0.0990175943752547,0.9987005402582506,0.0015732905686892556
-0.09888169729510991,-0.09888169729510991,1.001714864944925,0.0024717795717630413
-0.09870585727439903,-0.09870585727439903,1.0013700554522047,0.002268848837051185
-0.09861040660016443,-0.09861040660016443,0.9993934786768092,0.0019493162086325305
-0.09852458878267498,-0.09852458878267498,1.0004417234593432,0.0019668352198647225
-0.09838580727682711,-0.09838580727682711,1.0013643673418602,0.0015507947766572046
-0.09820721353225963,-0.09820721353225963,0.9979335407532837,0.0027281619684250647
-0.09810268716919382,-0.09810268716919382,1.0033644234522368,0.0026478512228103024
-0.09797654421672633,-0.09797654421672633,1.0022353520863316,0.0014498568180899031
-0.0978354729093553,-0.0978354729093553,0.9997123408661966,0.0014334496309635872
-0.09767043946449121,-0.09767043946449121,1.0005164980165975,0.0015700124168774668
-0.09748453538031754,-0.09748453538031754,1.0004809618785573,0.002536931168266427
-0.09732162470372714,-0.09732162470372714,0.9994314513727588,0.0022061360657714838
-0.09725926348364737,-0.09725926348364737,1.002591654232102,0.0015017507918039619
-0.0971721843972773,-0.0971721843972773,0.9972825170662049,0.0016180860315894452
-0.09706627974883304,-0.09706627974883304,1.0007286469170749,0.0022811916172523
-0.09691576130771865,-0.09691576130771865,0.9999358768367145,0.0021369065626899706
-0.0968375901604304,-0.0968375901604304,0.9978629642002034,0.0028290020716635637
-0.09666470375286736,-0.09666470375286736,0.999213536635084,0.0021614963759708527
-0.0965202654404493,-0.0965202654404493,1.0001857201489617,0.0022160213363773356
-0.09638248223673145,-0.09638248223673145,0.9988397603671988,0.0015082915926393338
-0.0962502752247019,-0.0962502752247019,1.001101627627031,0.0015661711982146286
-0.09615166271378257,-0.09615166271378257,1.0004139592664445,0.0020800877330735086
-0.09595016310722712,-0.09595016310722712,0.9996341328859171,0.0017271577265265427
-0.0958593066647154,-0.0958593066647154,1.0015245052113873,0.001717491293811469
-0.09563052085923118,-0.09563052085923118,0.9985021911218773,0.0019751391913017838
-0.09552639077046479,-0.09552639077046479,1.0001585919688938,0.0022941286311062878
-0.09543632832464936,-0.09543632832464936,0.9997785000650709,0.002024395112968357
-0.09527922872184717,-0.09527922872184717,1.000045403403504,0.0015450235015245731
-0.09512613077240531,-0.09512613077240531,1.0026154110174237,0.0021898744931486296
-0.09500509988611157,-0.09500509988611157,1.0021161779560814,0.0021234156812097197
-0.09485005528877082,-0.09485005528877082,1.0007435723904292,0.001523376343152784
-0.09474619679403987,-0.09474619679403987,0.9999885137495236,0.0015528601401332601
-0.09468582874669665,-0.09468582874669665,1.0009412749933921,0.0015241615359271878
-0.0944900702812447,-0.0944900702812447,1.0011619604575688,0.001949617948049883
-0.09434841773763765,-0.09434841773763765,1.0013048919995544,0.0025629720406267634
-0.09424172610761161,-0.09424172610761161,1.0001826807926302,0.0016170804952759625
-0.0941357946179778,-0.0941357946179778,0.9999672647790318,0.001513917232732429
-0.0940000506805518,-0.0940000506805518,1.0002826091957968,0.0026154816933144425
-0.09385685616634873,-0.09385685616634873,0.9994011350262528,0.0016679444649253395
-0.09374210081841738,-0.09374210081841738,1.0011861839160594,0.002667220035124951
-0.09359427958697779,-0.09359427958697779,0.9984425619416829,0.0021585924440222825
-0.09350396647150774,-0.09350396647150774,1.0000311240578807,0.0021429196169512705
-0.0933527551313091,-0.0933527551313091,0.9996824055689064,0.0016612001520159778
-0.09326225841177802,-0.09326225841177802,0.9976598570477504,0.002966125393289974
-0.09314520039424679,-0.09314520039424679,1.002053706581595,0.0018670598777149904
-0.09301465582684613,-0.09301465582684613,0.9950533001223091,0.0024550698459733
-0.0928518078308116,-0.0928518078308116,1.0012446720960038,0.0021126198474259498
-0.09275435239360377,-0.09275435239360377,1.0003506953519543,0.0016821181881994044
-0.09262332245161815,-0.09262332245161815,1.0018402633707377,0.0017482261535966205
-0.09244867642846658,-0.09244867642846658,0.9985975492566794,0.0023056718724242167
-0.09228270564053673,-0.09228270564053673,0.9999842504374463,0.002177217751277221
-0.0921248833226855,-0.0921248833226855,0.999155278537674,0.0015450644655075087
-0.09195416588972875,-0.09195416588972875,0.9983015605950534,0.0026819810903117164
-0.09181531806279963,-0.09181531806279963,1.0012056435216674,0.0015417408890935108
-0.09166279510318417,-0.09166279510318417,1.0001688987016726,0.0016507684416481115
-0.09157200329482293,-0.09157200329482293,0.999493062732677,0.0015893419737445936
-0.09144315674038808,-0.09144315674038808,0.9986773771117248,0.0015161060083293885
-0.0912141974309634,-0.0912141974309634,1.000039618854997,0.0023120380544580455
-0.09109425337464927,-0.09109425337464927,1.0013028977164264,0.001582032992027214
-0.09093958167268283,-0.09093958167268283,1.0018300258868778,0.001999710526172403
-0.09081676007426723,-0.09081676007426723,1.0002892424264251,0.0025334307201203598
-0.09065158003904798,-0.09065158003904798,1.0006256130316986,0.0021984002234666537
-0.09059114587289514,-0.09059114587289514,1.003414394339766,0.003145158030140183
-0.09045399307451589,-0.09045399307451589,1.002166963289299,0.002288249978472768
-0.09033266086971707,-0.09033266086971707,1.0002641736448001,0.001479481202323734
-0.09023000127672276,-0.09023000127672276,1.001836101344103,0.0015841538475784597
-0.090081550321338,-0.090081550321338,1.001845632347867,0.0015995571908747844
-0.08996689065897953,-0.08996689065897953,1.0006634518381976,0.001583511090566174
-0.08986323743520189,-0.08986323743520189,0.9998817667516526,0.002179740446839553
-0.08974347533803666,-0.08974347533803666,1.001428896263874,0.001954623177118929
-0.08962113475936348,-0.08962113475936348,0.9993160855730425,0.0016493000538149983
-0.08948504668423993,-0.08948504668423993,0.9976272708434502,0.0016070522477441614
-0.0892995109936237,-0.0892995109936237,0.9984021909493863,0.002321453255118807
-0.08917550044661766,-0.08917550044661766,1.002234385594632,0.0021261583456241625
-0.08897669943416986,-0.08897669943416986,1.000758735837485,0.002680520489439761
-0.0888147754525562,-0.0888147754525562,0.9996628710583076,0.0026880672070625235
-0.08869608786953904,-0.08869608786953904,1.003261992569431,0.0013873905378587775
-0.08860790764301782,-0.08860790764301782,1.0005738751913023,0.0016395130879332132
-0.08852363924797828,-0.08852363924797828,1.0000815595448078,0.0016631130471620498
-0.0884599678180166,-0.0884599678180166,1.000430121812472,0.001465754669775902
-0.08838794916191546,-0.08838794916191546,1.001019450411771,0.0015245784432022828
-0.0882756866491036,-0.0882756866491036,0.9990727895766807,0.0016262136585186901
-0.08811254685897438,-0.08811254685897438,1.0006402636902443,0.0018778917115438005
-0.08796903797629056,-0.08796903797629056,1.00003920837892,0.001945011292267216
-0.08782251334432659,-0.08782251334432659,0.9992937561755317,0.0019684124275381443
-0.08774609267002234,-0.08774609267002234,0.998740962986078,0.0020692829266517328
-0.08757549548754469,-0.08757549548754469,1.0002350506761701,0.002481207059671431
-0.08748326624572655,-0.08748326624572655,0.9997082679074791,0.002674569061770024
-0.08736214239452238,-0.08736214239452238,0.9990511378773597,0.003066004899818858
-0.0872856988098647,-0.0872856988098647,1.0000537247092314,0.0015125596050396635
-0.08713572531814862,-0.08713572531814862,1.0001448361816767,0.0015458043337096268
-0.08698636566150526,-0.08698636566150526,1.0027810823354126,0.0016637196943989443
-0.08685389524198399,-0.08685389524198399,0.9990863005250393,0.0016954884827935913
-0.08676887177571188,-0.08676887177571188,0.9997800357405108,0.002034822123270154
-0.08663086280976132,-0.08663086280976132,1.000794613164263,0.0020005049847436024
-0.086529447855537,-0.086529447855537,1.0014020655318805,0.0015797516612266634
-0.08639981202431954,-0.08639981202431954,1.0007416851812911,0.0017031989413139911
-0.08622204744260671,-0.08622204744260671,1.0001622326604642,0.0023370627413187364
-0.08608052326053439,-0.08608052326053439,0.9996859537165228,0.0021966679675382112
-0.08595191215536033,-0.08595191215536033,0.9999064268165159,0.0021602082014899418
-0.08583661018037674,-0.08583661018037674,1.0003550505160455,0.002074359972541771
-0.08578352378444834,-0.08578352378444834,1.001036469206693,0.0030437567801382638
-0.08569173589276033,-0.08569173589276033,0.9997786520808127,0.0016650849641299888
-0.08558604607660528,-0.08558604607660528,1.001447733989139,0.001500207263630892
-0.08547215232138114,-0.08547215232138114,0.9998919423301664,0.0017033804066834506
-0.08536562109584338,-0.08536562109584338,1.0007387792882514,0.0015289729479691628
-0.08520453215460293,-0.08520453215460293,0.9993115960658392,0.001633604772610698
-0.08504764234785397,-0.08504764234785397,1.0020723620475533,0.0023321159624755455
-0.08486707654847123,-0.08486707654847123,1.000776926012112,0.0015990775777485412
-0.08475307393855473,-0.08475307393855473,0.9999472580328732,0.0023457345084054895
-0.08463549097068608,-0.08463549097068608,0.9993183268382605,0.0021192758867860637
-0.08448225386819104,-0.08448225386819104,1.00128106419386,0.002688938896812665
-0.08436068533465005,-0.08436068533465005,1.0006913391758048,0.0028364736852722694
-0.08425404998215527,-0.08425404998215527,0.9985264755647943,0.0026315549615633063
-0.08417877983520157,-0.08417877983520157,1.0033359176651921,0.001649979586482273
-0.08410780195299594,-0.08410780195299594,0.9999539655302874,0.0015511371488636815
-0.08393056295972201,-0.08393056295972201,1.0003740968870534,0.00154152189380601
-0.08377027600490691,-0.08377027600490691,1.0004861216976568,0.0017287988563742464
-0.08369425270248029,-0.08369425270248029,1.0008198309366505,0.002040973831114186
-0.08355433750621159,-0.08355433750621159,0.9995282333071789,0.002336372373997667
-0.08343690358615277,-0.08343690358615277,1.001309343672015,0.0016084281271538134
-0.08331822861309775,-0.08331822861309775,1.0017250920632563,0.0016604833066610405
-0.08312576499847638,-0.08312576499847638,1.0010595156078295,0.0019252039654711034
-0.08299263211574726,-0.08299263211574726,0.9995195447949918,0.0021976389818848608
-0.08286303541917732,-0.08286303541917732,0.9965222183439657,0.0021872262477254227
-0.08271689863267966,-0.08271689863267966,0.9991166811406276,0.0026549424806202792
-0.08262707525482256,-0.08262707525482256,1.0002253403079617,0.0026397424899310797
-0.08253978275552072,-0.08253978275552072,1.000101759388876,0.0015932975479033711
-0.08243581980277667,-0.08243581980277667,1.0056667465543805,0.0027165643310104776
-0.0823120857723552,-0.0823120857723552,0.9989740414782521,0.001668086024825623
-0.08215144359455735,-0.08215144359455735,0.9988538542110131,0.0017052058500007946
-0.08208307488839636,-0.08208307488839636,1.0011717501438668,0.001734846776915437
-0.08197003052482614,-0.08197003052482614,0.9981673255703585,0.0019404813219120805
-0.08185985585350863,-0.08185985585350863,1.001419349969117,0.0019090225846256487
-0.08175696263060672,-0.08175696263060672,0.9995218895914506,0.0020375862891065955
-0.08164578711912326,-0.08164578711912326,0.9986347216527024,0.001960763987685603
-0.08153484639369708,-0.08153484639369708,1.0009247168680386,0.001544579650616145
-0.08141747068530095,-0.08141747068530095,1.0010865776133575,0.0022038182320340423
-0.08126756814654072,-0.08126756814654072,1.00067717329159,0.003090136148065945
-0.0810897991845195,-0.0810897991845195,1.000051147107725,0.002174243734559535
-0.08095123715647787,-0.08095123715647787,1.000122669323678,0.0015759812446552196
-0.0807982458072729,-0.0807982458072729,1.0048024305091112,0.0023725461160528315
-0.08065552448606468,-0.08065552448606468,0.9991358406345447,0.0017324179476515295
-0.08056975932140631,-0.08056975932140631,0.9993399071441761,0.002322339113886683
-0.08040429320280965,-0.08040429320280965,0.9994183764528,0.0014662972166772105
-0.0803315802677389,-0.0803315802677389,1.001094281656115,0.001542503409040821
-0.08023358344798907,-0.08023358344798907,0.9988644220405429,0.0017618352310170328
-0.08011059442796978,-0.08011059442796978,1.0019268721338033,0.001958236148900457
-0.08001356220320303,-0.08001356220320303,1.0007206169707703,0.001420693779877887
-0.07988545286771113,-0.07988545286771113,1.0016303670381947,0.0027439391114457016
-0.07979154009972263,-0.07979154009972263,1.0032061430073926,0.0026307808960825407
-0.07963449192739062,-0.07963449192739062,0.9988824147427844,0.00211551864651987
-0.07949885235411784,-0.07949885235411784,0.9992996907556234,0.0021972782741137543
-0.07936583947011969,-0.07936583947011969,1.0009035014718752,0.001633639863455809
-0.07924702651143889,-0.07924702651143889,0.9993383605435465,0.0017537107476936567
-0.07904540368854214,-0.07904540368854214,0.9994571430871704,0.0017015593298956011
-0.07896252447244478,-0.07896252447244478,1.0009489279369048,0.0015364148760361183
-0.07886638550080534,-0.07886638550080534,1.0001543614435944,0.0020074316530045233
-0.07876840865956183,-0.07876840865956183,0.9993269350129541,0.0023365375633271944
-0.07864337662267644,-0.07864337662267644,0.9991260111795295,0.0022666807817145166
-0.07853887903056603,-0.07853887903056603,1.0009211783627152,0.001539345869181673
-0.07844802284816979,-0.07844802284816979,0.9989417436828856,0.0023993249773197503
-0.07836173696068727,-0.07836173696068727,0.9996701385974152,0.0015472446424563053
-0.078237501046533,-0.078237501046533,1.002763268846938,0.0030742941232554293
-0.07810736422161427,-0.07810736422161427,0.9990362302976183,0.0026611087725745795
-0.07796210612250434,-0.07796210612250434,0.9990096828836948,0.0014523044838885407
-0.07785925269836298,-0.07785925269836298,1.001132915508483,0.0016365342453440966
-0.07775300825414888,-0.07775300825414888,0.9993624294653992,0.001568593398763475
-0.07756376298493706,-0.07756376298493706,1.0167286010326502,0.0016545705418671923
-0.07742824450688204,-0.07742824450688204,1.0004381279235623,0.0025271385189291184
-0.07727615770199918,-0.07727615770199918,0.9998195129721961,0.0020320702373061144
-0.07721111258597375,-0.07721111258597375,0.9985794779979935,0.002037924687171385
-0.07713028851358103,-0.07713028851358103,0.9987030680459303,0.0017152108793649656
-0.07701312944191159,-0.07701312944191159,0.9990917606224349,0.001926111546859903
-0.07692032719278359,-0.07692032719278359,0.9996435486435769,0.0019055873191538377
-0.07676730017810769,-0.07676730017810769,1.0002594200321622,0.002803046191637243
-0.07662118159514648,-0.07662118159514648,0.997908219484553,0.002166242473302425
-0.0764449954886004,-0.0764449954886004,0.9994763027984378,0.002667191742837459
-0.07632525916396844,-0.07632525916396844,1.0018862222771188,0.0015404105071218975
-0.07618848037018325,-0.07618848037018325,1.0017900842141838,0.0016713815140804475
-0.07602639377510059,-0.07602639377510059,0.9983414283146288,0.002133665951847329
-0.07589837159430317,-0.07589837159430317,0.9994665042081634,0.0016928669574397155
-0.07578804360491631,-0.07578804360491631,1.0020271936596479,0.0020819734043602094
-0.07562107733501762,-0.07562107733501762,0.9995597263565724,0.002394487026594401
-0.07549021101622203,-0.07549021101622203,1.000961034932054,0.0018923347135800066
-0.07538568981199205,-0.07538568981199205,1.002522312552466,0.0023339942015470033
-0.07530454717471002,-0.07530454717471002,0.9999961310612729,0.0015299413827763854
-0.07515061470494402,-0.07515061470494402,0.9991923409199084,0.00221396147578773
-0.07499242392314046,-0.07499242392314046,0.9979730691931964,0.0027073456526037197
-0.07489835112573928,-0.07489835112573928,0.9991676234168034,0.0021285535882841684
-0.07476188105392793,-0.07476188105392793,1.0010708299347808,0.0015248469786745549
-0.07462555746315047,-0.07462555746315047,1.0005999963189205,0.0013820695782723606
-0.07438663871052995,-0.07438663871052995,1.0014382423646677,0.001974024805160946
-0.0742152928663927,-0.0742152928663927,1.0002022277663953,0.0023161008219361534
-0.07411462667441811,-0.07411462667441811,0.9981883654487564,0.0022078345327653792
-0.0740354080338875,-0.0740354080338875,0.9995924978852585,0.0015324418889633782
-0.07391637326600176,-0.07391637326600176,1.0026956686954747,0.0023142145992597284
-0.07379355322591437,-0.07379355322591437,0.9987383581926779,0.0014450352965860694
-0.07367977214526036,-0.07367977214526036,0.9997312385409926,0.0026770988554247646
-0.07355700612042711,-0.07355700612042711,1.0005318585972656,0.002373742546992778
-0.07339730174662691,-0.07339730174662691,1.0002303647634885,0.002640770640184352
-0.07325448407318617,-0.07325448407318617,0.998838284212064,0.0015769425913644524
-0.07310677932036924,-0.07310677932036924,1.0010965352915528,0.001550964102054323
-0.07302425499383389,-0.07302425499383389,1.0007039840183989,0.0016003523125337378
-0.07287696449220675,-0.07287696449220675,1.0003872589948681,0.0021713309277217024
-0.072720807416772,-0.072720807416772,1.0002097471175622,0.0014824278355037915
-0.0725817264205034,-0.0725817264205034,0.9977618343797363,0.0017665209480153157
-0.07241034773833235,-0.07241034773833235,1.0016714041242927,0.0022747812894384776
-0.07229952315356059,-0.07229952315356059,1.000609598604966,0.002342773111149966
-0.07222204211866483,-0.07222204211866483,1.002766147710015,0.0015349439600511922
-0.07206489026284543,-0.07206489026284543,0.9975797140974901,0.001588736616972131
-0.07191528565199405,-0.07191528565199405,1.0017181557555186,0.0021556719121502937
-0.07182164743971953,-0.07182164743971953,0.9985787276056646,0.0021208648151283286
-0.07166672091243527,-0.07166672091243527,1.0002122134735787,0.0015225029836626138
-0.07156270609229978,-0.07156270609229978,0.9986043808763132,0.001552606064316337
-0.07150237172772904,-0.07150237172772904,1.0018546830100614,0.0015232430697970833
-0.07130660317852744,-0.07130660317852744,0.9996198314904359,0.001946644446964936
-0.07116488125266188,-0.07116488125266188,0.9991321949760461,0.002559305087234753
-0.07105826870774763,-0.07105826870774763,1.000523143235077,0.001617184362135416
-0.07096205937014019,-0.07096205937014019,1.0028807798113886,0.0015169309838585605
-0.07083764702529152,-0.07083764702529152,1.0004738485348557,0.0023522812387541513
-0.07071265512277022,-0.07071265512277022,0.9997306320664018,0.0020316508275748228
-0.07057186352212738,-0.07057186352212738,1.0000189660111753,0.0022112729799278292
-0.07043729604520195,-0.07043729604520195,1.000841372590928,0.0026400121374233654
-0.07029458425022313,-0.07029458425022313,0.9993227822075653,0.0021510776082857147
-0.07015098338197276,-0.07015098338197276,0.9997572753969142,0.0016429745156821575
-0.07005714231781894,-0.07005714231781894,1.0038931490242275,0.0029731402856727875
-0.06992255590175774,-0.06992255590175774,1.001888867717834,0.0021922439691666037
-0.0697400596767693,-0.0697400596767693,0.9987462429686064,0.0018170843595911867
-0.06959411055868259,-0.06959411055868259,1.0024840963923969,0.0019824345154246968
-0.06946090414312493,-0.06946090414312493,1.0002799291663116,0.001842275810396464
-0.06926511241090338,-0.06926511241090338,1.0013206760664484,0.002305775560905189
-0.06909915703854494,-0.06909915703854494,0.9994638796842695,0.0021770520424996094
-0.06894143502577207,-0.06894143502577207,1.0026373058995777,0.0015448178924704211
-0.06879212567491777,-0.06879212567491777,1.0004239164208755,0.0026238169133447663
-0.06866106962352206,-0.06866106962352206,1.0004410499301326,0.0015650513489376115
-0.06851890288362483,-0.06851890288362483,0.9981917585372944,0.001650990606497391
-0.06841194569078653,-0.06841194569078653,1.0007023665282042,0.0015596362389559907
-0.06821927693090402,-0.06821927693090402,0.9989157572187596,0.002041813539623361
-0.06800163268671895,-0.06800163268671895,1.0014019100187155,0.00204350350308744
-0.0678876580481301,-0.0678876580481301,1.0011322786296553,0.0014358870733097197
-0.06772698974218656,-0.06772698974218656,0.99987952944018,0.002357593340258808
-0.06759747253017849,-0.06759747253017849,0.9973049922864364,0.0022531356979777284
-0.06745386524780769,-0.06745386524780769,0.9991671158333642,0.0021829259079907013
-0.06736120283749188,-0.06736120283749188,0.9999095836675949,0.0027340795427603847
-0.0672221599281329,-0.0672221599281329,0.9977867898430837,0.0021837878153647796
-0.06710500889603281,-0.06710500889603281,0.9996496788202694,0.0014653289616117138
-0.0669650391811956,-0.0669650391811956,0.9994029868131742,0.0016509139838287203
-0.06682692932135978,-0.06682692932135978,0.9991968597913589,0.0015938031107878066
-0.06672473178878136,-0.06672473178878136,1.002144025761105,0.0020679973901200333
-0.06663675205836625,-0.06663675205836625,0.9999534315479084,0.002103573777191371
-0.06652412590792664,-0.06652412590792664,0.9981490616887451,0.0015274046903334588
-0.0664215842507474,-0.0664215842507474,1.000809588214514,0.0016484680622656338
-0.06626513366045401,-0.06626513366045401,0.9997344573812095,0.001483346533846063
-0.06607975832084775,-0.06607975832084775,1.0006991227149338,0.002356764159854718
-0.0659312455860345,-0.0659312455860345,1.0007318670725773,0.0021009746498985567
-0.06575669110898161,-0.06575669110898161,0.9989059214697988,0.0026367885260552377
-0.06563102394375164,-0.06563102394375164,0.9985559857666617,0.0026823799975950516
-0.0655422349644141,-0.0655422349644141,1.0007376302303004,0.001869159414624452
-0.06544356664635416,-0.06544356664635416,1.0006648535854346,0.0015358183190918094
-0.06535675992508913,-0.06535675992508913,1.0004523683724975,0.0016619350416818685
-0.06528629500371608,-0.06528629500371608,0.9996703448296207,0.001452770969757019
-0.06522630774070422,-0.06522630774070422,1.0009153348765292,0.001548110811381148
-0.06511285263441095,-0.06511285263441095,1.001859625150879,0.001633646315209766
-0.06499982056247973,-0.06499982056247973,1.0004162802334016,0.0018953193173186851
-0.0648289416812986,-0.0648289416812986,0.9994552961542205,0.001510233131234154
-0.06471757896033523,-0.06471757896033523,1.001738032823818,0.002254538052106807
-0.06459437153062027,-0.06459437153062027,0.9995109696988443,0.0020123025450555737
-0.06448315713078046,-0.06448315713078046,0.9997562901437508,0.0025547411172733847
-0.06432544758554286,-0.06432544758554286,1.0010552067470755,0.002654460625785002
-0.06426421493160887,-0.06426421493160887,1.0043788632938004,0.0026426600746563013
-0.06415642057872901,-0.06415642057872901,0.998901039752614,0.0026765788343115393
-0.06408755776556063,-0.06408755776556063,0.999732542868518,0.0015047603789426222
-0.06390879628634138,-0.06390879628634138,1.0011803836881017,0.0015641879573521638
-0.06376924326705194,-0.06376924326705194,0.9988057782515259,0.0016741002178784852
-0.06363174766574957,-0.06363174766574957,0.9983553447454341,0.0020713751351268688
-0.06356048110756092,-0.06356048110756092,1.001634414683225,0.0016144466468906722
-0.06342934472741035,-0.06342934472741035,1.0001473140087982,0.0019463875222887766
-0.0633461213486953,-0.0633461213486953,0.9991510597153799,0.001577991412009747
-0.06321627022189205,-0.06321627022189205,1.0000297024230007,0.0017039932676615357
-0.0630663008787451,-0.0630663008787451,0.9996546401539554,0.002337781919049777
-0.06292152735131822,-0.06292152735131822,1.0005114089650657,0.002247069206532138
-0.06283216942701983,-0.06283216942701983,0.9983228043098038,0.002157255044667847
-0.0626802350006983,-0.0626802350006983,0.9983433971500796,0.0014676817696403757
-0.06261622833371802,-0.06261622833371802,1.00064354217655,0.003042710556539436
-0.06252535553448979,-0.06252535553448979,0.9993479396338213,0.0022295360627806278
-0.062405445998774664,-0.062405445998774664,0.9992556672935609,0.0015107421539061036
-0.062288380719837735,-0.062288380719837735,1.0007663548511676,0.0017023778557251404
-0.06217652666909999,-0.06217652666909999,1.0009436851570865,0.0014436356511466114
-0.061995073531215895,-0.061995073531215895,1.0001104008743051,0.0016849360078893838
-0.06185265806525422,-0.06185265806525422,1.0005515042263036,0.002346882162030395
-0.061702746253104124,-0.061702746253104124,0.9991766254617659,0.0016310529975333745
-0.06160650063175126,-0.06160650063175126,1.0001026797073547,0.0022532182293816443
-0.06146254928862618,-0.06146254928862618,1.0001558094388763,0.0016557120929776021
-0.06133769799271249,-0.06133769799271249,1.0008497164146657,0.002629881837925515
-0.061193751842984055,-0.061193751842984055,0.9983417249376538,0.0028362418855124253
-0.06109318462677038,-0.06109318462677038,0.9977761815432613,0.003060394828525233
-0.06100958025745058,-0.06100958025745058,0.9995844928015994,0.0015982206511259533
-0.060939497072649826,-0.060939497072649826,1.0018276374910902,0.0015544346173360704
-0.06078267376724398,-0.06078267376724398,1.0015689789549693,0.0015400518624399794
-0.06061614942518645,-0.06061614942518645,1.0008569479418281,0.0016645819913899493
-0.06052324114698422,-0.06052324114698422,0.9997996726999865,0.001734718052955114
-0.06041507992140396,-0.06041507992140396,1.0003148214672724,0.002635121791803519
-0.06026737799256807,-0.06026737799256807,1.0009759108574894,0.0015749987326549486
-0.060166483056491415,-0.060166483056491415,1.0005370841936918,0.0017009247523441025
-0.05998081458983506,-0.05998081458983506,0.9992408691211615,0.0018586220417084257
-0.059832195231683726,-0.059832195231683726,1.000611785501428,0.0016055290632629924
-0.059748580107770975,-0.059748580107770975,0.9998567149181854,0.0026499275300360297
-0.059573043861746555,-0.059573043861746555,0.9997925010131663,0.0026455318481143314
-0.05946333192387101,-0.05946333192387101,1.0009707654429694,0.0026554619280940183
-0.05934189878826146,-0.05934189878826146,0.9988287892784611,0.0015919357092044554
-0.05923038722394267,-0.05923038722394267,1.0034397896259013,0.002712375337471103
-0.05908410533902497,-0.05908410533902497,0.9971202875231956,0.0017269240839368945
-0.05893843665908207,-0.05893843665908207,1.0001946447395924,0.0015805075087225312
-0.05887216345690831,-0.05887216345690831,1.0021877838743787,0.0015980328217613464
-0.05872087944953819,-0.05872087944953819,1.0002080881063704,0.00229335319276049
-0.05858723559576902,-0.05858723559576902,1.0024111435876724,0.002003466609282489
-0.05848537544043211,-0.05848537544043211,1.0002968219227832,0.00195570760248858
-0.05835151897754258,-0.05835151897754258,1.001547672196801,0.0015442402727840541
-0.05823395392435486,-0.05823395392435486,1.0008996724209136,0.0021990415443831823
-0.058098595559204116,-0.058098595559204116,1.0004145553745427,0.003088125794351885
-0.057963127527546024,-0.057963127527546024,1.0006134892546115,0.0026539923476312298
-0.057837495590138135,-0.057837495590138135,1.0001138552005755,0.0016336112454517157
-0.057713078922824936,-0.057713078922824936,0.9978728510721145,0.002396733432040392
-0.057556477070647816,-0.057556477070647816,0.9992061301765606,0.0016475474722251096
-0.05744693642518541,-0.05744693642518541,1.000170865211024,0.00167204271144069
-0.05734642389925284,-0.05734642389925284,0.9991380933259248,0.0023428761413023746
-0.05720793425243755,-0.05720793425243755,0.9981366986180615,0.0015244191116329383
-0.057132210730014774,-0.057132210730014774,0.9985002189629022,0.0015414946941537733
-0.057026174268503385,-0.057026174268503385,1.0010113664933202,0.0016613883393761342
-0.05691038032910001,-0.05691038032910001,0.9991036392982332,0.0019564305969480195
-0.05680225041687663,-0.05680225041687663,0.9993130312088798,0.0014707826043727883
-0.05668244874977972,-0.05668244874977972,1.0005599250430282,0.0027234246785077672
-0.0565747245822422,-0.0565747245822422,0.9987650301191696,0.002659699620159893
-0.056430641854421995,-0.056430641854421995,1.0010639444043583,0.0025873993432124036
-0.056287004952537245,-0.056287004952537245,1.0005797165992312,0.0016028843473089804
-0.05615472321096604,-0.05615472321096604,0.9996840497134485,0.001636594126984602
-0.056030838174228846,-0.056030838174228846,0.9981270350622621,0.0017151331076170426
-0.05586190684807661,-0.05586190684807661,1.0006937686125792,0.0017006615402503599
-0.05577927131689649,-0.05577927131689649,0.9993329866499969,0.001540441079286851
-0.0556828742428479,-0.0556828742428479,1.0005060334334739,0.0020062490162648973
-0.05558486648278631,-0.05558486648278631,0.9983320807769756,0.002336023559070756
-0.05545992221213965,-0.05545992221213965,0.9992407041946926,0.0022651636732686363
-0.055355502867496395,-0.055355502867496395,0.9997783240718878,0.0015388368814019176
-0.05526440701414685,-0.05526440701414685,0.9987602559710893,0.002400583496702168
-0.055178453328335306,-0.055178453328335306,0.9994261418534721,0.001545928674568126
-0.05505377830122597,-0.05505377830122597,0.9997875892203014,0.003073296467695639
-0.054904307658762266,-0.054904307658762266,0.9997662262923409,0.002698077255198602
-0.05476150282502203,-0.05476150282502203,1.0006160878016792,0.0014190739060982278
-0.054637862654453785,-0.054637862654453785,0.9985085427350204,0.001522470574127899
-0.05451126398183988,-0.05451126398183988,1.0039002799643744,0.0016074814650456671
-0.054315251777916275,-0.054315251777916275,1.048410861203307,0.0020663974143932434
-0.054206752186655646,-0.054206752186655646,1.0006507340314141,0.0023507510573203814
-0.054080961633007976,-0.054080961633007976,0.9988771631439637,0.002017222911074512
-0.05402761137047492,-0.05402761137047492,0.998705931954292,0.0020346545525674097
-0.053946829112101115,-0.053946829112101115,1.0001911127318195,0.00171190274807276
-0.053829759324617046,-0.053829759324617046,1.0022976682769955,0.0019319792715792258
-0.053736916592424674,-0.053736916592424674,1.000198984598353,0.0019042448174991344
-0.05358365068186686,-0.05358365068186686,1.0011137526906393,0.0028022693579359886
-0.053437611263871074,-0.053437611263871074,1.0013907771445125,0.002168859987337418
-0.05326130042940349,-0.05326130042940349,1.000569351418338,0.002663049498754417
-0.0531261391715816,-0.0531261391715816,1.000101966989988,0.0015458346495096623
-0.05300488339707954,-0.05300488339707954,0.9984904134123737,0.001669927262001934
-0.05287246536463499,-0.05287246536463499,0.9994303387331678,0.0021871622212775443
-0.05273735851878882,-0.05273735851878882,1.0005782688641907,0.0016357897178799856
-0.05262969468822121,-0.05262969468822121,0.9988252606473461,0.0017079787868046746
-0.052474668404465775,-0.052474668404465775,1.0018291528755587,0.002401633506690498
-0.05232195397329633,-0.05232195397329633,0.9977290084657572,0.002245667759037214
-0.052221879281205474,-0.052221879281205474,1.000467665837998,0.001982018032410924
-0.05213912958824949,-0.05213912958824949,0.9990142936654293,0.0019919910482670646
-0.0519855486927554,-0.0519855486927554,0.9984170949099329,0.002181639817549037
-0.05185889869844686,-0.05185889869844686,1.000918033557386,0.0022064476716096826
-0.05175640102788748,-0.05175640102788748,0.9983739749824899,0.002652606911501937
-0.05164862361434643,-0.05164862361434643,0.9982642529886764,0.0014280908671129018
-0.05150957945406844,-0.05150957945406844,0.9990434801788576,0.0014521734975871954
-0.05135333089056075,-0.05135333089056075,1.0001601468646961,0.0015803690377582907
-0.05112637717884354,-0.05112637717884354,0.999794240059467,0.002264182370968816
-0.05101681376600027,-0.05101681376600027,0.9998430576761617,0.0019953830616609948
-0.050931006406608505,-0.050931006406608505,1.0040570907021666,0.002203902872917455
-0.050852056716030346,-0.050852056716030346,1.000812584335097,0.001532700648175497
-0.05073288791809318,-0.05073288791809318,0.9997469385169462,0.0023177925838883252
-0.05060939848972339,-0.05060939848972339,1.0003267970990304,0.0015029177046744075
-0.05048513395504415,-0.05048513395504415,1.0017802045079502,0.002820158431268223
-0.05033280770494457,-0.05033280770494457,1.0021277627489127,0.0026575701369964382
-0.05015284706678358,-0.05015284706678358,0.998967730667872,0.002210773347392326
-0.0500156762149345,-0.0500156762149345,1.0016982009291908,0.0015080289777942171
-0.04987694004375953,-0.04987694004375953,0.9986778572109826,0.0017203277748387082
-0.04976615412633691,-0.04976615412633691,1.0006972158163,0.001954907031565059
-0.049583354332753515,-0.049583354332753515,1.0020611896603917,0.0017259108795744647
-0.04949261699493945,-0.04949261699493945,0.9990330547442312,0.0016552105338976167
-0.04930505653355795,-0.04930505653355795,1.000664319105911,0.0019856105754614784
-0.049183962415372665,-0.049183962415372665,0.9997928250345748,0.001966821266726018
-0.04908193064038642,-0.04908193064038642,0.9993356375106686,0.0023343630393353842
-0.048949378901306774,-0.048949378901306774,1.0015927058294052,0.0015955924980031223
-0.048790207067577286,-0.048790207067577286,1.0002730534786872,0.0021315971258199827
-0.048661692967471026,-0.048661692967471026,1.0023889403801678,0.0021875710126062794
-0.04851451905324211,-0.04851451905324211,0.9995421083696703,0.0015220490565740253
-0.04837937286138185,-0.04837937286138185,0.9990889060949865,0.0014798417280429694
-0.04832251577881834,-0.04832251577881834,0.9998062900083567,0.0015626635794792354
-0.04811672006908339,-0.04811672006908339,0.9994182638857261,0.0019637598400801043
-0.047963962942412765,-0.047963962942412765,1.001077909422445,0.0025669935666470553
-0.047851865958728014,-0.047851865958728014,1.0007759630699375,0.0016575221818764343
-0.04775435925057536,-0.04775435925057536,1.0007722520615534,0.0015282668972404962
-0.0476328516686408,-0.0476328516686408,1.0000134985654887,0.0026149333450762925
-0.04749380901903351,-0.04749380901903351,1.0005545929424895,0.0016192901628327727
-0.04738840119916858,-0.04738840119916858,1.0016587693779093,0.002210516119477948
-0.047253805782565904,-0.047253805782565904,0.9995172584876443,0.0026410441622124682
-0.04710199183318764,-0.04710199183318764,1.0005669255407121,0.0021559609821701683
-0.046965052023915634,-0.046965052023915634,1.000770925832936,0.0016099184762101283
-0.04683124941821006,-0.04683124941821006,0.9992498125729685,0.0015605602955926776
-0.046705669517905335,-0.046705669517905335,1.0023330499540835,0.0022514554107321044
-0.04652072347089416,-0.04652072347089416,0.9992408547831906,0.0021078237600372697
-0.04639830607829935,-0.04639830607829935,0.9988971100296583,0.0016670380276604924
-0.04625630428581644,-0.04625630428581644,0.9991986172311927,0.0016915356090344432
-0.04613278882898157,-0.04613278882898157,0.9980445609995836,0.0019399923959954209
-0.045976467677792246,-0.045976467677792246,1.0027117342686265,0.00203719376224776
-0.045858288696945235,-0.045858288696945235,1.0012288268293204,0.002157859429596236
-0.045691865769549624,-0.045691865769549624,0.9977842268688981,0.002144350357010508
-0.04557640714847366,-0.04557640714847366,1.0013500327825087,0.0021709898681509503
-0.04544843244275398,-0.04544843244275398,1.0006219722309617,0.001540980602726273
-0.04530282154719316,-0.04530282154719316,1.001101453296865,0.0016749726946497056
-0.04518287599221367,-0.04518287599221367,0.9988788970445217,0.001516575447927574
-0.04495607722637942,-0.04495607722637942,1.000918275279651,0.0019683740312314473
-0.044817296042128876,-0.044817296042128876,0.999667734501228,0.002389424869688464
-0.04471896863815346,-0.04471896863815346,0.9999167302198178,0.0014580770185844394
-0.04457271442606725,-0.04457271442606725,1.0001377715305462,0.001996571928791836
-0.044422121023671934,-0.044422121023671934,1.0014485832034816,0.0024778687783004534
-0.044270399294327946,-0.044270399294327946,1.0004203610660922,0.0021808249765286752
-0.04417762456705532,-0.04417762456705532,0.9987283423822433,0.0027281287581311766
-0.04403865429922007,-0.04403865429922007,1.0017935326845417,0.002188149733558699
-0.043913375911324694,-0.043913375911324694,0.999889072530778,0.00154750643616458
-0.04374535344904871,-0.04374535344904871,0.9983487743903947,0.0016444583993544437
-0.043627135559290764,-0.043627135559290764,1.000418979703758,0.0016160479257890288
-0.04354501613524917,-0.04354501613524917,0.9995958610560738,0.002085866163551781
-0.04347507886141102,-0.04347507886141102,0.996562786541865,0.0017073241296967385
-0.04340567756862583,-0.04340567756862583,0.999152905782435,0.0019403255773881207
-0.043298411720206785,-0.043298411720206785,0.9984057783053002,0.0015494372492879534
-0.04319096446652111,-0.04319096446652111,0.998418831786491,0.0017195777584185356
-0.04300091584354959,-0.04300091584354959,0.9999773612495904,0.0022302837879744877
-0.04284074720053468,-0.04284074720053468,0.9991743638277584,0.00219296490117995
-0.04264599070793338,-0.04264599070793338,1.001158710828887,0.002158001566038759
-0.04247630695790576,-0.04247630695790576,0.9999680017029103,0.0030672020143170794
-0.04235162257591583,-0.04235162257591583,0.9999036032873143,0.0014757277670207605
-0.042252321582964214,-0.042252321582964214,1.0011506625204176,0.0029820475841188044
-0.04217322635013261,-0.04217322635013261,1.001187121616817,0.001661637633716453
-0.04210282865133195,-0.04210282865133195,0.9997413119166,0.0014513566776827626
-0.04202739293668856,-0.04202739293668856,0.9982985751573146,0.001505017113612792
-0.04191084319863876,-0.04191084319863876,0.9998593980608455,0.0016040634939602934
-0.04178095499519259,-0.04178095499519259,0.9986043698647358,0.0018952608499972848
-0.041613808830334165,-0.041613808830334165,1.001278256773853,0.0019135716528588796
-0.04146237630084215,-0.04146237630084215,1.0017239680014738,0.002312068095866238
-0.04137914606162667,-0.04137914606162667,0.9994240053696888,0.0020676465208981725
-0.041202547481225336,-0.041202547481225336,0.9993280202076832,0.0026562223902017678
-0.041104505504699775,-0.041104505504699775,1.0023151588585464,0.0030542049651668952
-0.040972873080863795,-0.040972873080863795,0.9995769999779004,0.002680350886302331
-0.04090420931152039,-0.04090420931152039,0.9994303015056698,0.0015050819465164806
-0.040757539506921604,-0.040757539506921604,1.0009640128118729,0.001488542480786268
-0.04061916431219288,-0.04061916431219288,1.0001898667117934,0.0016656055933299955
-0.04048502440418815,-0.04048502440418815,0.9989652344651077,0.001641828206874513
-0.040401748122167194,-0.040401748122167194,0.9996663296665244,0.002028024332583556
-0.0402638253492114,-0.0402638253492114,0.9995446710997975,0.002001592491408154
-0.040162794919706354,-0.040162794919706354,0.9993795105196522,0.0015785770833187354
-0.040032728419646446,-0.040032728419646446,0.9977548323729571,0.00170240366769772
-0.039854981267853876,-0.039854981267853876,1.0009656578709123,0.002329651137816886
-0.0397372033994543,-0.0397372033994543,1.0004601453175876,0.002227592974787779
-0.039648830240730605,-0.039648830240730605,1.0016094913270368,0.0021483346333900015
-0.0394968991913629,-0.0394968991913629,0.998107543440707,0.0014681795343290335
-0.03943263653782196,-0.03943263653782196,1.000640571660704,0.0030434221929677317
-0.03934176443653996,-0.03934176443653996,0.9987068905565065,0.002228187061718976
-0.03922455557258218,-0.03922455557258218,1.0023748929103014,0.0015682245570861192
-0.039125653622249956,-0.039125653622249956,1.0012647043622918,0.0015855608210166888
-0.039030076572817055,-0.039030076572817055,1.0006391037192668,0.0015720132543127925
-0.038837602293097004,-0.038837602293097004,0.9992637437902614,0.0016338716765446609
-0.038680528905933896,-0.038680528905933896,0.9995537644166081,0.0023259386890011778
-0.03851932997440599,-0.03851932997440599,1.001708017921694,0.001632176260240844
-0.03843515824282804,-0.03843515824282804,1.0004324473170443,0.0019388076514902629
-0.03828648336111655,-0.03828648336111655,1.0004999154260816,0.002054935263374367
-0.03818922046411899,-0.03818922046411899,1.0000935450964341,0.0026083734386112417
-0.03804752630712756,-0.03804752630712756,1.0010200412510761,0.0026967865022036177
-0.037954033691858055,-0.037954033691858055,1.0018836662707895,0.0024046934206180077
-0.03785507002867235,-0.03785507002867235,0.9991057449820044,0.0026779712286242336
-0.03778209760221216,-0.03778209760221216,0.9993005391636347,0.0015829243385779602
-0.03767512732865726,-0.03767512732865726,1.0016907711968033,0.0015231529247065109
-0.037499041542287156,-0.037499041542287156,1.0012391326808525,0.0015211771160780721
-0.03739414018655225,-0.03739414018655225,0.9990669864136615,0.0016190150321915464
-0.037339678732314495,-0.037339678732314495,1.001639721288108,0.0017358918906726097
-0.0372387426725254,-0.0372387426725254,0.9991013491417254,0.0026676137729234085
-0.03709666270733578,-0.03709666270733578,0.9980555443264614,0.0015402633953462608
-0.0370133088210423,-0.0370133088210423,1.0008748173784048,0.0016278882143346124
-0.036841762259064124,-0.036841762259064124,0.9992005750289827,0.0019322121957281936
-0.036671546788238626,-0.036671546788238626,0.9988273150771896,0.0015660197344857518
-0.036585551340249364,-0.036585551340249364,0.9995523962857511,0.002211300735887633
-0.036423602632567054,-0.036423602632567054,1.0008889635146945,0.002639775647398924
-0.03630778363421996,-0.03630778363421996,1.0008556047790613,0.0030481299490195805
-0.036176968315703564,-0.036176968315703564,1.0010090868212145,0.0015826502734821763
-0.036073820271121805,-0.036073820271121805,0.9977114884492861,0.002713713547824251
-0.035940476923315146,-0.035940476923315146,1.0082156519909913,0.0016513544700157174
-0.03578839933215931,-0.03578839933215931,1.0003447927421216,0.0015731822893740581
-0.03572346577893768,-0.03572346577893768,1.0000493906225663,0.0017025304995271918
-0.035603138527585544,-0.035603138527585544,1.0002988326104412,0.0019388202952263412
-0.035445111760054715,-0.035445111760054715,1.0012452715916733,0.001996197418861814
-0.03535744046184845,-0.03535744046184845,1.0003038247978941,0.0019111679559072573
-0.03519723038170923,-0.03519723038170923,0.999495715358495,0.001964391975117628
-0.035082179386699865,-0.035082179386699865,0.9982593876260928,0.0021998219288133663
-0.034940174419534745,-0.034940174419534745,0.99886368356124,0.0026940688208105827
-0.03480525526774727,-0.03480525526774727,1.0008660585969946,0.003091190108403352
-0.034677745373119254,-0.034677745373119254,0.9991898120318833,0.001572028121398547
-0.03455522799922619,-0.03455522799922619,1.002195594246561,0.0024343565916444343
-0.03437965992652607,-0.03437965992652607,1.0013478447226487,0.0016041590348744733
-0.03426629172699904,-0.03426629172699904,1.0010516306642103,0.0016455074267905296
-0.03416285042858362,-0.03416285042858362,0.9996587628530286,0.002343307400650225
-0.034010290888727465,-0.034010290888727465,1.0012437959035945,0.0015528489842449506
-0.03393366330383287,-0.03393366330383287,1.000064475823652,0.0015778181442752213
-0.03381898177849507,-0.03381898177849507,0.9986186980306474,0.0016870080757821078
-0.033702248094050445,-0.033702248094050445,0.9988051157753741,0.001879191488387667
-0.03359410048087739,-0.03359410048087739,1.0005702801156073,0.0015470079891055876
-0.03348094851899077,-0.03348094851899077,1.002904754922749,0.003108828411411713
-0.03336052889335406,-0.03336052889335406,1.0020077738953066,0.002164927640522274
-0.0332126036471891,-0.0332126036471891,1.001102250606159,0.0026137116610886195
-0.033054661286223565,-0.033054661286223565,1.0005300873967742,0.0016500457446203727
-0.03291832508966763,-0.03291832508966763,1.0005720425407252,0.0016373148299249813
-0.03277150849608006,-0.03277150849608006,1.0002151648152988,0.0018140027462107415
-0.032612199934919775,-0.032612199934919775,0.999426189294754,0.0015272605772029657
-0.0325479053064555,-0.0325479053064555,1.0003261838524078,0.0016287458040956603
-0.03244020674028434,-0.03244020674028434,0.9979787629420244,0.0026148007635816008
-0.03231955626179115,-0.03231955626179115,0.9987697677232561,0.001987602030786388
-0.03220406029086007,-0.03220406029086007,1.0024406594375925,0.0019411337247982326
-0.03209663870184158,-0.03209663870184158,0.9989378024000946,0.0024055115725524867
-0.03201861951565661,-0.03201861951565661,1.0007578820117877,0.001600156496201199
-0.03188808142331254,-0.03188808142331254,0.9994250565348196,0.0026363985764783836
-0.03176046416083409,-0.03176046416083409,1.000086654940886,0.003091247619109126
-0.031614372212789024,-0.031614372212789024,1.0015243053459346,0.001541923987933428
-0.03148897123992356,-0.03148897123992356,0.999703043556256,0.0016489815165153976
-0.031386445841053504,-0.031386445841053504,1.0031264470678452,0.0015845742959451742
-0.031156341636597064,-0.031156341636597064,1.017806490471747,0.002076555989761214
-0.030967494775541126,-0.030967494775541126,0.9992268017530413,0.002580642798202409
-0.030860070263588568,-0.030860070263588568,0.9984973699187073,0.002042870691944586
-0.030780330822744874,-0.030780330822744874,1.0016399686651616,0.00166693026477976
-0.030666755362108233,-0.030666755362108233,0.998367778503518,0.0020717247943031836
-0.030588477999481258,-0.030588477999481258,1.0018317637676273,0.0018393951412592278
-0.03041496663900034,-0.03041496663900034,0.9999123578055789,0.0028003612094117955
-0.030322092063033778,-0.030322092063033778,1.0012649726747012,0.002141432974961873
-0.03016042065755755,-0.03016042065755755,0.9994330230387817,0.002652769604046795
-0.030038031098047212,-0.030038031098047212,1.0028340731347716,0.0015255240170126863
-0.029912958358727336,-0.029912958358727336,1.0005117337256781,0.0015615309334009388
-0.029804989065087283,-0.029804989065087283,1.0016466701632734,0.001829171028877283
-0.02965644579289801,-0.02965644579289801,1.00147766738894,0.0019766814678589973
-0.029531607546596207,-0.029531607546596207,0.9993878973732923,0.0016917600036919344
-0.02943725889635971,-0.02943725889635971,0.9989192939110311,0.001676450504231667
-0.029291078218557233,-0.029291078218557233,1.0005595718359284,0.002401695716466143
-0.029138517826140742,-0.029138517826140742,1.0001176056814547,0.002243231336968324
-0.02905099764757324,-0.02905099764757324,1.0018488842308795,0.0020002914085101497
-0.028964956638083093,-0.028964956638083093,0.9989864277254228,0.0019641366641330663
-0.028818766744734603,-0.028818766744734603,0.9981659559259415,0.0014719439985213007
-0.028704938002738344,-0.028704938002738344,0.9994782245185119,0.0026459797470508063
-0.028607881396237645,-0.028607881396237645,0.9995932958651338,0.002198150140229251
-0.028529305484335056,-0.028529305484335056,1.0015607611991562,0.0020733425673083363
-0.028426779192704997,-0.028426779192704997,0.9992760351516432,0.0015198041294489774
-0.028284635265845282,-0.028284635265845282,1.0002875727172822,0.0014402046437562322
-0.02807001681467227,-0.02807001681467227,1.0006603526932891,0.0019903128459713205
-0.02786490919679636,-0.02786490919679636,1.0000841270724103,0.002303734217964364
-0.027762463056751584,-0.027762463056751584,0.999678668652804,0.002117984032473506
-0.027686136218289904,-0.027686136218289904,1.000322684812916,0.0015882585597942471
-0.02757270099937159,-0.02757270099937159,1.0004921853106983,0.0020022490535465164
-0.027461271474567183,-0.027461271474567183,1.0010427627231002,0.0018955031094660328
-0.027312610710032457,-0.027312610710032457,0.9997537154814546,0.0026771947791124576
-0.02718977286021982,-0.02718977286021982,1.0009808046643651,0.0023767644556177457
-0.027002484063632436,-0.027002484063632436,0.9988607812507949,0.0026679660800115732
-0.02685926085941901,-0.02685926085941901,1.0032726729121753,0.0015805240683552878
-0.026693199788314814,-0.026693199788314814,0.9990594185598665,0.0017164456462861817
-0.026594933294654767,-0.026594933294654767,0.9992077289754763,0.00185565291763348
-0.026447913933589008,-0.026447913933589008,0.9987873397805036,0.0019418516785859037
-0.0263443796618958,-0.0263443796618958,1.0006150265939928,0.0015612409049740694
-0.026166032556284337,-0.026166032556284337,1.0002222474558595,0.0020652022304642062
-0.0260237972232062,-0.0260237972232062,0.9985575259112667,0.0019237821892047664
-0.025913788171237684,-0.025913788171237684,0.999574494743055,0.002362860218695444
-0.02580596751304256,-0.02580596751304256,1.001074842776839,0.0015717855431407115
-0.025630514957993,-0.025630514957993,0.9981537629833441,0.002174903679472646
-0.025501096882726414,-0.025501096882726414,1.0000714598320652,0.0021537565657794976
-0.025370235661648623,-0.025370235661648623,1.0014873501748038,0.0014648412462052954
-0.02523397998065775,-0.02523397998065775,1.0019168631368003,0.0015584707505796173
-0.02515008259451861,-0.02515008259451861,1.0000290250603576,0.001444348177901756
-0.024986542699843996,-0.024986542699843996,1.0025024673850416,0.0020369077116969077
-0.02481587274978665,-0.02481587274978665,0.9991117523329685,0.002524262711368076
-0.024691354006245093,-0.024691354006245093,0.999224261055607,0.0016180113341549428
-0.024600156760971003,-0.024600156760971003,0.9982727486281477,0.0014956161658283042
-0.024496837207698262,-0.024496837207698262,1.0003662041197896,0.0019998569017677078
-0.024402291910701025,-0.024402291910701025,1.0023833307115495,0.002246413008300407
-0.024254509406455328,-0.024254509406455328,1.0022992016653332,0.0017304541575147033
-0.024185164706614158,-0.024185164706614158,0.9990646522640372,0.0026716788242772908
-0.02406898382723739,-0.02406898382723739,0.9992620733741863,0.002180423816554666
-0.023905266033034424,-0.023905266033034424,1.0007356099609195,0.0021940419494296476
-0.02375290241488983,-0.02375290241488983,1.0000630022831465,0.0015946512324294631
-0.023628956461652705,-0.023628956461652705,0.9977574505165245,0.0015727847438195136
-0.023486406564552455,-0.023486406564552455,1.0002016754322123,0.00221636921013531
-0.02330131237868045,-0.02330131237868045,1.0000383306040252,0.002109817132779401
-0.023195144952842382,-0.023195144952842382,0.9993185885993879,0.0017156101105743969
-0.023034092940361007,-0.023034092940361007,1.0000450442024593,0.0017014227933670207
-0.02287953375343932,-0.02287953375343932,0.9989286331307788,0.0023195919754807723
-0.022733407542727947,-0.022733407542727947,1.0011578342844232,0.0021575727675159583
-0.0226099939454798,-0.0226099939454798,1.00020301856066,0.001553688259766379
-0.022467203926862567,-0.022467203926862567,0.9995389949863454,0.002131377573154688
-0.02237112423626968,-0.02237112423626968,0.9998259054509256,0.0021836144202660923
-0.022233615210461723,-0.022233615210461723,0.9996344120437429,0.0016108821840434748
-0.02209420661056356,-0.02209420661056356,1.0002371068193276,0.0016077390610706728
-0.02201084651369456,-0.02201084651369456,1.0021818369313844,0.0016041644243310002
-0.02177259538730141,-0.02177259538730141,0.9998548202866268,0.0019675725554057976
-0.021633644412759168,-0.021633644412759168,0.9987662614825936,0.002387553926345408
-0.021521029799805545,-0.021521029799805545,1.0014369218764352,0.0014359998640381872
-0.02135987520814524,-0.02135987520814524,0.998761244388573,0.002357192418736924
-0.02119739026929892,-0.02119739026929892,0.9995449382329209,0.0021886846751546568
-0.021075807584202265,-0.021075807584202265,0.9994917801520344,0.002648687796726812
-0.020960121656935372,-0.020960121656935372,0.9998718681523157,0.0027253314804694616
-0.020841462839598535,-0.020841462839598535,1.0004209717860562,0.0015371433373551587
-0.020720008936405066,-0.020720008936405066,0.9999218940728409,0.0016030882517714257
-0.020582851841572845,-0.020582851841572845,0.9990372449200974,0.0015938081113727558
-0.020480323831361603,-0.020480323831361603,1.0007527665512659,0.0014817094910493645
-0.020373615878270357,-0.020373615878270357,1.0014561548665513,0.0020672937467067273
-0.020287068786456076,-0.020287068786456076,0.9992872707245948,0.001806730563784388
-0.020210292229967307,-0.020210292229967307,1.0010725894057444,0.0018367763613951187
-0.02010420632414025,-0.02010420632414025,0.999426040323603,0.001590468121996479
-0.0200074435744682,-0.0200074435744682,1.0010497426171592,0.0017209478858946233
-0.019817438574682454,-0.019817438574682454,0.9993568515410185,0.00223053973224952
-0.0196572361221115,-0.0196572361221115,1.0001280084223114,0.00219168073272801
-0.0194624422929337,-0.0194624422929337,0.9999008273514353,0.00216043650760183
-0.01930830981618783,-0.01930830981618783,1.0010943865151727,0.0030450392228364626
-0.019191656882503592,-0.019191656882503592,1.0010621843945957,0.0015505942748855197
-0.019095556678257707,-0.019095556678257707,1.003032774231103,0.0029145911183520406
-0.01902019885255868,-0.01902019885255868,1.0001160683899522,0.0017202609552108658
-0.01894302731834614,-0.01894302731834614,0.9998782678041481,0.0015416205368878131
-0.018876910100698297,-0.018876910100698297,0.9996355132249167,0.0014637563305545758
-0.018745926562769456,-0.018745926562769456,1.000389895175355,0.0016348504878285082
-0.018633092790696536,-0.018633092790696536,0.9998455732850395,0.0018966740240112007
-0.018454494230172713,-0.018454494230172713,0.9999521961605444,0.0014709132643220763
-0.018315797870491222,-0.018315797870491222,1.000778408264258,0.00223898058405489
-0.01821254632413911,-0.01821254632413911,1.0001214260966198,0.002048658520750718
-0.018058296558228902,-0.018058296558228902,0.9992184208918216,0.0025562947974291377
-0.017926054981762717,-0.017926054981762717,1.0007827827022642,0.0030763140859952323
-0.017789325704507065,-0.017789325704507065,1.0015626783220657,0.0026801508752422208
-0.017720860856934452,-0.017720860856934452,0.9998285695494153,0.0015038097627378935
-0.01754581436562148,-0.01754581436562148,0.9989582413155216,0.0014665327706838848
-0.01743556365127006,-0.01743556365127006,0.9999392879511655,0.0016633639444937596
-0.017279953353499876,-0.017279953353499876,1.0018706458699733,0.0017412631705648694
-0.01719839011257136,-0.01719839011257136,0.9995807681341461,0.002029276093542276
-0.017054594262117462,-0.017054594262117462,1.000139908002349,0.0018873293579288266
-0.016960383818877746,-0.016960383818877746,0.9976072722881426,0.001658655876535102
-0.016811390693692373,-0.016811390693692373,1.0006162528432512,0.0020562525184209535
-0.01665218427151558,-0.01665218427151558,1.0038213307773176,0.0020916554712291633
-0.016539805584034183,-0.016539805584034183,0.9993319965105887,0.002199688104295708
-0.016433174562371276,-0.016433174562371276,0.9983517389751,0.002176999396112428
-0.016298188731889242,-0.016298188731889242,0.9981364713750935,0.0020929082037011884
-0.016232716191916553,-0.016232716191916553,1.000987112828677,0.0030425564832041955
-0.01614110232821986,-0.01614110232821986,1.0009718612300964,0.001661712061027721
-0.01604513369475171,-0.01604513369475171,0.9987823943412473,0.001441444001134739
-0.015964995095055202,-0.015964995095055202,0.9998243573180655,0.0015703998029407509
-0.015854268667681026,-0.015854268667681026,1.0007073570819518,0.001622832861778974
-0.015654137446472306,-0.015654137446472306,1.0004005260938924,0.0016353220847634368
-0.015477100985481228,-0.015477100985481228,1.0018700457766436,0.0023495356891726966
-0.015316011499089654,-0.015316011499089654,1.0019234819653333,0.0016277418451354762
-0.015173893284372752,-0.015173893284372752,1.0027897291975214,0.0027820652545612304
-0.015085065550556465,-0.015085065550556465,0.9987110948675981,0.0021072024227772926
-0.014934850615281903,-0.014934850615281903,0.9989571812455162,0.0022496799551659378
-0.014821292816122877,-0.014821292816122877,1.0021513798951855,0.0030814943319286674
-0.014703302967245691,-0.014703302967245691,1.0013370758527809,0.002637261189281628
-0.01462834277208458,-0.01462834277208458,0.9983311878799878,0.001649430822411608
-0.014533985302477959,-0.014533985302477959,0.999248461069034,0.001573210103920975
-0.014339705083330045,-0.014339705083330045,0.9997652388182331,0.0015448636349773678
-0.014220985804240627,-0.014220985804240627,0.9989908093864772,0.001613950791686413
-0.014156116359299632,-0.014156116359299632,1.0000853431387609,0.0017347696338137972
-0.014054951991420239,-0.014054951991420239,1.0001486690578107,0.0026285994326751823
-0.013913251810481597,-0.013913251810481597,1.0002153660265378,0.0015399716565371114
-0.013834989192218927,-0.013834989192218927,0.9999690192483767,0.0016892197991991292
-0.013696573610832274,-0.013696573610832274,0.998495312351723,0.001931458625306143
-0.013548684431225411,-0.013548684431225411,0.9976841067703877,0.0014739403445280575
-0.013449974103241401,-0.013449974103241401,0.998769143769875,0.002174224648061805
-0.013351662768764072,-0.013351662768764072,1.0000713407869817,0.0021787967845449123
-0.013205775507594808,-0.013205775507594808,1.000678396113537,0.0026407568893249285
-0.0130960306560155,-0.0130960306560155,1.0001048499376721,0.002649440713464192
-0.01297717601137265,-0.01297717601137265,0.9982079458957512,0.0018429910089653337
-0.012873307422341895,-0.012873307422341895,1.0006492744716176,0.002676327160752633
-0.012771477464048076,-0.012771477464048076,1.001568052225569,0.0016479474898335445
-0.012624714988851338,-0.012624714988851338,1.0004933762323664,0.0015725120313939353
-0.012548772059017211,-0.012548772059017211,1.000974364107806,0.001645097392587925
-0.012450038154565846,-0.012450038154565846,0.9989093318533072,0.001993385416364934
-0.01229321445698588,-0.01229321445698588,0.998110928734941,0.0019435055409996287
-0.012193828694034892,-0.012193828694034892,0.9996688884391721,0.001951754474277638
-0.01208341868241405,-0.01208341868241405,1.0024246224043645,0.0019515054009066383
-0.011977561343519483,-0.011977561343519483,0.9993463029897608,0.0015264883897252205
-0.011849370014533633,-0.011849370014533633,1.0039836615716535,0.0022317254937280558
-0.011731364086881513,-0.011731364086881513,1.0003660194561501,0.0030841601913135126
-0.011596009159438836,-0.011596009159438836,0.9978927833386724,0.0026547697870517428
-0.011470267248478194,-0.011470267248478194,1.0001942371691448,0.0016343440025857355
-0.011346054482964973,-0.011346054482964973,1.0016729980877,0.002460409533572561
-0.011164106864816859,-0.011164106864816859,1.0019073300517352,0.0016365585741461197
-0.011075486729714612,-0.011075486729714612,0.9996639089119961,0.0017302191511613264
-0.010943739641879802,-0.010943739641879802,0.9996246499206345,0.002288158645021088
-0.010813550137027051,-0.010813550137027051,1.0003561261096188,0.0015594705256235732
-0.010732437265505722,-0.010732437265505722,1.0015005274698863,0.001599728957267842
-0.010601932368626877,-0.010601932368626877,1.0008843393114941,0.0020433288201806526
-0.010505874051159481,-0.010505874051159481,1.0020190290082542,0.0014210975655574675
-0.010382002675396507,-0.010382002675396507,1.0010835145427823,0.0021917215007080755
-0.010281536836009764,-0.010281536836009764,1.0005837494592462,0.003105356767680115
-0.010142806622570787,-0.010142806622570787,1.0003936322659253,0.002164907664584108
-0.009968836914413259,-0.009968836914413259,1.001489519518603,0.0022010721729537716
-0.009814952019587509,-0.009814952019587509,0.9992955510992563,0.0016338490652286978
-0.009695909759284405,-0.009695909759284405,1.000655874960524,0.0017511553775218733
-0.00949491323390248,-0.00949491323390248,0.9993144461695718,0.001703061549155475
-0.009412764865192002,-0.009412764865192002,1.0005950651299267,0.0015471684555795856
-0.009315852100371558,-0.009315852100371558,0.9988912953375679,0.002005901021214464
-0.009217782145060482,-0.009217782145060482,0.9989209185024137,0.002332040207656457
-0.00909301361971302,-0.00909301361971302,1.0021701210176492,0.002267603172001988
-0.008964145610298147,-0.008964145610298147,0.9989118571341031,0.001986431273020066
-0.008882157207699493,-0.008882157207699493,1.0009970767776546,0.0020435014049889075
-0.008785918112880608,-0.008785918112880608,0.9991446275914901,0.0022092700106737056
-0.008679916684195632,-0.008679916684195632,1.0009033617740877,0.00268844108132079
-0.008544511966829305,-0.008544511966829305,1.0006568407097247,0.0027089548768305517
-0.00840095238872891,-0.00840095238872891,0.9983574059990215,0.0015180894115751368
-0.00828255146407173,-0.00828255146407173,0.99900302695603,0.0015668236555722692
-0.008162745296976937,-0.008162745296976937,1.0009381660058438,0.0016404630146039736
-0.00794685115961329,-0.00794685115961329,1.0070626529935238,0.0023905456738609206
-0.007745928075200937,-0.007745928075200937,1.0008946652057698,0.002351405909313644
-0.007660609037884569,-0.007660609037884569,1.0006712598490384,0.0020351513319108562
-0.007579910246749933,-0.007579910246749933,1.001308895403006,0.0017086839454402473
-0.007463019065653498,-0.007463019065653498,1.0000660081845145,0.0019247005049265735
-0.00739086932499049,-0.00739086932499049,1.0004568803430771,0.0018665451518460358
-0.007261928066145629,-0.007261928066145629,0.9991389844588952,0.002651068316522435
-0.007164748934519594,-0.007164748934519594,0.999453142258408,0.002883552394987562
-0.006993463426442759,-0.006993463426442759,0.9991421507787412,0.0026758377244487743
-0.006809469405561685,-0.006809469405561685,1.0011408822463121,0.0015896858821901733
-0.006671638152693049,-0.006671638152693049,1.000441800114216,0.0015984835391860673
-0.006570481705421116,-0.006570481705421116,0.9994156408024069,0.0018048888677459313
-0.0064204257845631215,-0.0064204257845631215,0.9996472431161527,0.0020684350846189433
-0.006330613725367584,-0.006330613725367584,0.9995793152270892,0.0015169239341197383
-0.006253162280700053,-0.006253162280700053,1.0014379900010633,0.002013356834116498
-0.00614687779234373,-0.00614687779234373,0.9980530879830967,0.002471361478686072
-0.0059721025731050755,-0.0059721025731050755,1.0010449349632757,0.0022729076752183307
-0.005876551107030536,-0.005876551107030536,0.9976337127541941,0.0019505017664740107
-0.005781488814864133,-0.005781488814864133,1.0016026485162814,0.0019647157118750395
-0.005618572102684993,-0.005618572102684993,1.000822369044014,0.0021772107047393716
-0.005492135856366076,-0.005492135856366076,0.9983052027138445,0.002211568412109409
-0.005389238446878153,-0.005389238446878153,1.000168925037869,0.0026533638471938703
-0.005304645032447297,-0.005304645032447297,0.9987531397812826,0.0013882895503545796
-0.005173878078676353,-0.005173878078676353,1.0003452128209183,0.001506214643123288
-0.005037028948208899,-0.005037028948208899,1.0022605952485886,0.0014378187785098495
-0.004787606894569763,-0.004787606894569763,1.0007192196594121,0.0023229511903663383
-0.004633864073730365,-0.004633864073730365,0.9995694588479278,0.0020387560309893145
-0.00455117659203097,-0.00455117659203097,1.0027943580911274,0.0020989329052725344
-0.004460871797346044,-0.004460871797346044,1.0012195270125455,0.0015686509244679102
-0.004348635101086984,-0.004348635101086984,1.000738779637489,0.0022847314969500054
-0.00420627623789187,-0.00420627623789187,0.9996418188135413,0.0021711791613578052
-0.0041030180798770745,-0.0041030180798770745,1.0014710841464118,0.0028266083061932114
-0.0039299413003391235,-0.0039299413003391235,1.000333425929944,0.002165515075531257
-0.0037516457310630357,-0.0037516457310630357,1.0003722593459876,0.002216345321613687
-0.0036405361257493495,-0.0036405361257493495,1.0004122833811582,0.0015791664599870345
-0.0035029814778681613,-0.0035029814778681613,0.9988430055304981,0.0014706927389876781
-0.003432280307242763,-0.003432280307242763,0.997772048174431,0.0015456745205947745
-0.0033043997480490363,-0.0033043997480490363,1.0000891279733897,0.002168867430014882
-0.00318509131357132,-0.00318509131357132,0.9998129764772283,0.001414054863466737
-0.003132279146120709,-0.003132279146120709,0.9979523076779871,0.0016953753104358617
-0.002929659413712216,-0.002929659413712216,1.000563802205941,0.0020421058505667787
-0.00279235822508781,-0.00279235822508781,1.0003921800000293,0.0022903467533192594
-0.0027019430192012804,-0.0027019430192012804,1.0002405776404164,0.0020197875895170804
-0.0025460445143835387,-0.0025460445143835387,1.0006011909123302,0.0015424921967878379
-0.0023924508326672368,-0.0023924508326672368,1.0005666339212165,0.002191862591860296
-0.002291366003555595,-0.002291366003555595,1.0013484914337218,0.0022330922804240216
-0.0021478131939147715,-0.0021478131939147715,0.9998829339780766,0.0015221552903359758
-0.002001607500278624,-0.002001607500278624,0.9979879137064216,0.0014542136745283542
-0.0019385134688491234,-0.0019385134688491234,0.9997508568057956,0.0015115791624094972
-0.0017007734497383354,-0.0017007734497383354,1.00150598762708,0.002097238590999641
-0.0015582277801513555,-0.0015582277801513555,1.000536567404487,0.0023868001176984366
-0.0014556405707480736,-0.0014556405707480736,0.9997810289277439,0.0014009124804265681
-0.0013627889657072956,-0.0013627889657072956,0.9990528547279969,0.0019530445440741275
-0.0012360092099697796,-0.0012360092099697796,1.000667285280562,0.0023124984740331765
-0.0010549538857958396,-0.0010549538857958396,1.000047310946245,0.0017109218063644273
-0.000997671593722771,-0.000997671593722771,1.0000123255982567,0.002626537339125447
-0.0008855895506712841,-0.0008855895506712841,0.999779234814689,0.002182598079939226
-0.0007216736850750749,-0.0007216736850750749,1.0016359748638093,0.0021941741007928525
-0.0005693529667041731,-0.0005693529667041731,0.9987632358348144,0.0015943257208749224
-0.00044539942009578224,-0.00044539942009578224,0.9996005570596038,0.00157257573089782
-0.00030276199759100565,-0.00030276199759100565,0.9997800786969743,0.0022155386659533584
-0.00010977827296301256,-0.00010977827296301256,0.999725807432279,0.0018149445296155374
8.945467925514095e-06,8.945467925514095e-06,0.9990137940723198,0.0017146610047876789
0.00020399863551574527,0.00020399863551574527,1.0004268994818382,0.002012999362824831
0.0003606615475291619,0.0003606615475291619,1.0015313133654709,0.001996720406677086
0.000475922622536018,0.000475922622536018,0.9980836758025102,0.002158654327928833
0.0006456066907048807,0.0006456066907048807,1.0003220484970194,0.0021704597992189497
0.0007671709718124475,0.0007671709718124475,1.0015191328759467,0.002120199935389985
0.0008890605486158165,0.0008890605486158165,1.000336344851548,0.0015645831540567953
0.001038834566134028,0.001038834566134028,1.0013796240863917,0.0016852985200777476
0.001146484597302333,0.001146484597302333,0.9994443118770023,0.0014649634079492706
0.0013018896115681855,0.0013018896115681855,1.000143067934458,0.0017102747749288458
0.0015000754448919907,0.0015000754448919907,1.0003689672493228,0.0025459974297803527
0.0016295926354359836,0.0016295926354359836,0.99858639291264,0.0016803693499133205
0.00179415267011791,0.00179415267011791,0.9984301004431421,0.0019995796573816075
0.001945191431696003,0.001945191431696003,1.0000959834046776,0.0024778517086442606
0.0020926337771015823,0.0020926337771015823,1.000201617967062,0.002483363919235937
0.0021632921900163636,0.0021632921900163636,0.9990568417744372,0.0026906994315797307
0.0023045266098051798,0.0023045266098051798,1.0002462462459398,0.0022113825403553998
0.0024365904315345687,0.0024365904315345687,0.9997447712523524,0.001541523698794876
0.0025408770648937206,0.0025408770648937206,0.9997396816749244,0.0015754632375076082
0.0026537232395639878,0.0026537232395639878,0.9987337436206192,0.0016143415101959526
0.0027600316545431268,0.0027600316545431268,0.9987086947311841,0.0015432290484915902
0.0028430908279915455,0.0028430908279915455,0.9991424662826682,0.0020706034235092965
0.0029282896684890147,0.0029282896684890147,1.001525660682095,0.0020821919292894364
0.0030197102412785172,0.0030197102412785172,1.0011663346400046,0.0014430723702813732
0.0031124946521231323,0.0031124946521231323,1.0030841509770096,0.0016475213491148985
0.0032488417093190945,0.0032488417093190945,1.0009711782431023,0.001607829348783891
0.003430253657279536,0.003430253657279536,1.0001268530372749,0.0022980973834692696
0.0035481268107105278,0.0035481268107105278,0.9989551220501804,0.002142609335301225
0.0037297145223419647,0.0037297145223419647,1.0017745898726313,0.002483385143067654
0.003875344187144947,0.003875344187144947,1.0010663230599048,0.0030409099901331457
0.00399181755783502,0.00399181755783502,0.9980180200207425,0.0015499833786833971
0.004087785583578807,0.004087785583578807,1.0045469406535426,0.0029074091080998135
0.00416346134388732,0.00416346134388732,0.9995850892893763,0.0017179822924072586
0.004240441046567867,0.004240441046567867,0.9997458719824965,0.001542016867833889
0.004300583355689014,0.004300583355689014,0.9990730062792,0.0014945786008246271
0.004418265575986879,0.004418265575986879,1.001259291705011,0.0016357385089508264
0.004519826682553685,0.004519826682553685,0.9993232215400173,0.0014151702545090056
0.004696041074748791,0.004696041074748791,0.998657547909033,0.0019106547017728535
0.0048329612629459005,0.0048329612629459005,0.9997782900633115,0.0022546402837051527
0.004970950308415922,0.004970950308415922,0.9997133081941276,0.0020444044051764537
0.005125320744264172,0.005125320744264172,1.0010196437726653,0.0025552429285329355
0.005257553143928817,0.005257553143928817,1.0000876939457535,0.0030819593669426984
0.005394221548158384,0.005394221548158384,1.0009590606198315,0.002682678165288381
0.005462487550539663,0.005462487550539663,0.9971097650627735,0.001503695733674449
0.00563383008557139,0.00563383008557139,1.0014969131901847,0.001425447958848107
0.005775453452588408,0.005775453452588408,1.000236476948413,0.0016514052480846573
0.005904421362720314,0.005904421362720314,1.0009722717500753,0.0016431753237133914
0.0059851686393812996,0.0059851686393812996,1.0008137341805878,0.0020326131719146548
0.006128800915394095,0.006128800915394095,0.9982210277216481,0.001890388694435913
0.0062375687804888,0.0062375687804888,0.9989092457614003,0.0017569544273455195
0.006410572940148995,0.006410572940148995,0.9986131842140036,0.0019461822035661933
0.006566047939304554,0.006566047939304554,0.9989375094935589,0.0021449460979743136
0.0066498978612798965,0.0066498978612798965,1.0007506714459693,0.0022202973544608205
0.006750246865522058,0.006750246865522058,1.0013908264463638,0.0021764792565006344
0.006885169067209063,0.006885169067209063,1.001296053313273,0.0020977899379818208
0.006950886207050644,0.006950886207050644,0.9985361653699524,0.0030441139515859196
0.007042442265810678,0.007042442265810678,0.9976897012720037,0.0016610365330677745
0.007152835286433401,0.007152835286433401,0.9986773719646586,0.0015148604065500575
0.0072416726014125745,0.0072416726014125745,0.9995783593454284,0.0015852955164019455
0.007366668779650354,0.007366668779650354,1.0011779222630879,0.0015520876210691763
0.0075554511677182745,0.0075554511677182745,1.0019328641394765,0.0016877092902597315
0.007764489716464595,0.007764489716464595,1.0003698437111515,0.0024271370083770822
0.007903541130872327,0.007903541130872327,1.0006141242607804,0.001962930848212068
0.008074164091522108,0.008074164091522108,0.9998714637438313,0.002047888673276394
0.008156266721744031,0.008156266721744031,0.9985364582930094,0.0025662351742433273
0.008319581381874741,0.008319581381874741,0.9999927018068355,0.002699992108287189
0.00843540154164657,0.00843540154164657,1.0003302336006439,0.002236232185091571
0.008512034096747811,0.008512034096747811,0.99984299858002,0.002680998818844488
0.008584779993179836,0.008584779993179836,0.9999855526357889,0.0015838083726155434
0.008732553250592901,0.008732553250592901,0.9981219776829823,0.001539899904713907
0.008895094315994357,0.008895094315994357,1.00032801266704,0.0015212663228225739
0.008990307921158092,0.008990307921158092,1.0008672705456623,0.0017069635779585178
0.009058459781772398,0.009058459781772398,1.0000512894146338,0.00237853037416607
0.009211872242849495,0.009211872242849495,1.0014765083439692,0.0020074297891031437
0.009313979864782596,0.009313979864782596,0.999679292211814,0.001680793797550937
0.009417971677612514,0.009417971677612514,0.9998213004531248,0.0015881654700957107
0.009577095698841732,0.009577095698841732,1.0001348987111685,0.0018661280911695436
0.009709259917144664,0.009709259917144664,0.999489041817218,0.0016240188068764633
0.009801829622847435,0.009801829622847435,1.0012011013245878,0.0026478229025949395
0.009934541061193158,0.009934541061193158,1.0011595893474936,0.002630021497112641
0.01003543149527104,0.01003543149527104,1.000329801445683,0.003031768392947568
0.01016804999762826,0.01016804999762826,1.000464484252125,0.0015834797218877976
0.010288560645130928,0.010288560645130928,1.0023046520887156,0.0027042307294812542
0.010385474779832293,0.010385474779832293,1.0009412123209984,0.0016673916709390574
0.010551122423748893,0.010551122423748893,1.0014443328548128,0.001607126564944957
0.010627675886280486,0.010627675886280486,1.0004464808337779,0.0015067862538177235
0.010700365739285188,0.010700365739285188,0.9992149055548545,0.0016752937441424417
0.010863997532396752,0.010863997532396752,0.9975867233409783,0.0022184263909120084
0.010977072247624165,0.010977072247624165,0.9996020566167513,0.0020378177325112907
0.011091454771121789,0.011091454771121789,1.0007307205939047,0.001946642280054979
0.011231194850915926,0.011231194850915926,1.0025374333426316,0.0015776267340106797
0.011380847546206496,0.011380847546206496,0.9983835999894446,0.0026667273278184606
0.011500609318682109,0.011500609318682109,1.0012414618746994,0.0030894530280920008
0.011644343610169017,0.011644343610169017,1.0000129907920012,0.002168739305790896
0.011783119717620139,0.011783119717620139,1.001257539729119,0.001575071081008682
0.011947031175986922,0.011947031175986922,1.0038338788350964,0.0024789975086717646
0.012093040976469637,0.012093040976469637,0.9998150189983545,0.001729882601256465
0.012204296111121948,0.012204296111121948,0.9994787841524027,0.0023421314369065625
0.012344546258464106,0.012344546258464106,0.9990438200812868,0.0015243041060552585
0.01241794337729516,0.01241794337729516,0.9992691863317645,0.0015423659399601147
0.012512823285760533,0.012512823285760533,1.0001044745575551,0.0016321197095123137
0.012623149960199953,0.012623149960199953,0.9997650066404903,0.001957172287992705
0.012699417903604626,0.012699417903604626,0.9983599776455512,0.0013270092388946975
0.012832616739069635,0.012832616739069635,0.9993589935944097,0.002695167572944452
0.012914156071019534,0.012914156071019534,0.9989296735325555,0.0027040975556390117
0.01305635046082898,0.01305635046082898,1.0011574747379466,0.002397538499248879
0.013214828504533215,0.013214828504533215,1.0012173997910967,0.00219850042314943
0.01336867702393647,0.01336867702393647,0.9994743699556166,0.001634500186156174
0.013487795798027946,0.013487795798027946,1.0006915114340822,0.0017497193139139537
0.013657714762848628,0.013657714762848628,1.0013919168234047,0.0017026814264206713
0.013761612305643212,0.013761612305643212,1.0002595039879831,0.0014864096553362514
0.013827040498836141,0.013827040498836141,1.0017138973693027,0.001444986262064409
0.013906737366960442,0.013906737366960442,0.9997887452678326,0.002341986882608434
0.014019387017287954,0.014019387017287954,0.9985813683995536,0.0020258155427001993
0.01413637853675027,0.01413637853675027,0.9995068666226347,0.0023047249148300925
0.01425674227102718,0.01425674227102718,1.0022098464829696,0.0023051489751153747
0.014324502578892862,0.014324502578892862,1.0014305019553387,0.001629373064490285
0.014436199952069729,0.014436199952069729,0.998798706206178,0.002210543971000406
0.01454852384467813,0.01454852384467813,0.9995276667984218,0.003072098887334862
0.01468529152461997,0.01468529152461997,0.9991105912641569,0.002290739041767342
0.014805297234306635,0.014805297234306635,1.000412795048608,0.0015071389121353443
0.014919886562529428,0.014919886562529428,1.0001997221899248,0.001523269549671881
0.015030759319415665,0.015030759319415665,0.9984833600632916,0.001698827128487659
0.015236820435711706,0.015236820435711706,1.003632812486176,0.0023915671289448884
0.015427531871137035,0.015427531871137035,1.0008462878456474,0.00230545307557353
0.015506931084564713,0.015506931084564713,0.9999547577328588,0.0020396001178508787
0.015586603967676638,0.015586603967676638,0.9991042843614443,0.0016653759383144639
0.015700114203173143,0.015700114203173143,1.0012059705622307,0.0016445650884427908
0.01576123173435917,0.01576123173435917,0.9999303093470846,0.0022832332672142737
0.015866457816082404,0.015866457816082404,0.9979855383172849,0.001494103806379893
0.015986886797509214,0.015986886797509214,1.0016591062539615,0.0031698403692648146
0.016114206147176447,0.016114206147176447,1.0009602151135226,0.002306919256868897
0.016310122907270852,0.016310122907270852,0.9997323096600074,0.0026971692543591805
0.0164424065294952,0.0164424065294952,1.0005781395627966,0.002075004104110301
0.016545907266117866,0.016545907266117866,0.9999094914529639,0.0016720219189416915
0.016678230998877552,0.016678230998877552,1.0024694925359223,0.002184226471785341
0.016812726788884902,0.016812726788884902,1.0015380091453114,0.0016352685734965194
0.01691577911242348,0.01691577911242348,1.000251848939685,0.002078984030228727
0.016999901448616583,0.016999901448616583,0.9980733173995585,0.0023823210962042505
0.017190430942355304,0.017190430942355304,0.9997991034219842,0.0020047889687715083
0.017284699397714577,0.017284699397714577,1.000098197270654,0.0019459873246061431
0.017381284777547988,0.017381284777547988,0.9976067266870207,0.002285959573954474
0.017531043418784975,0.017531043418784975,0.9998997548518034,0.0015444702222099783
0.017669417681099732,0.017669417681099732,0.9982331817895499,0.002676794809320358
0.01777178653919691,0.01777178653919691,1.00103405545586,0.0021478562909611988
0.01784857672500948,0.01784857672500948,1.0002068679460712,0.002102162878845832
0.017911481970804742,0.017911481970804742,1.0003535213437154,0.0018912180193371142
0.01806736725684459,0.01806736725684459,1.0005195079575953,0.0014276991780110663
0.01821831964807643,0.01821831964807643,0.999413206654534,0.001603169782478684
0.018427835864895315,0.018427835864895315,0.9994895943861112,0.0022440055999811783
0.018573117098821968,0.018573117098821968,0.9998970053892776,0.0024934425911083153
0.018646978192373355,0.018646978192373355,0.998476884961567,0.0015334447408310648
0.018744553337637627,0.018744553337637627,0.9993320977177925,0.0016155631768615206
0.018853527038299945,0.018853527038299945,0.9983747049189919,0.0022603609701012583
0.019047289870650276,0.019047289870650276,0.9996374094600597,0.002226506824378162
0.019134992364161007,0.019134992364161007,1.000280509147672,0.002797833687572518
0.01933337860136817,0.01933337860136817,1.001484590861463,0.0026742296313276475
0.019479825527196227,0.019479825527196227,0.9998602222592818,0.0015771101745582785
0.019616784398931487,0.019616784398931487,0.9997856059751171,0.0016221188273730172
0.019710280212166253,0.019710280212166253,1.0008056223438504,0.001569827600065769
0.019825331858555728,0.019825331858555728,0.9999647530236695,0.0020793246297606217
0.019969811512783053,0.019969811512783053,0.9994036561762003,0.00154169600540419
0.020035946681855422,0.020035946681855422,0.9996180071400758,0.0016654432849091479
0.02020560521796142,0.02020560521796142,0.9971573101886433,0.002037482409057886
0.020366270312661073,0.020366270312661073,1.000805620371361,0.0019701388000375976
0.020468915344281413,0.020468915344281413,1.0020125521160501,0.0023340180925805103
0.020600911164729042,0.020600911164729042,0.998778832958101,0.0015953380221325555
0.020729757292792785,0.020729757292792785,0.9991319723975783,0.0026676851889212644
0.02084357223720872,0.02084357223720872,1.0013089190217483,0.0021920415574600894
0.020968540934518387,0.020968540934518387,0.9990603183959677,0.001394374859106551
0.02113290792549378,0.02113290792549378,0.9994644584218234,0.0015583495312332413
0.02121070827524818,0.02121070827524818,1.0008142829244189,0.001361903480901135
0.02133657373506139,0.02133657373506139,0.9994312841983641,0.0016701297969708155
0.021548921243265795,0.021548921243265795,1.0001610697263004,0.002541259077535749
0.0216986146160707,0.0216986146160707,0.9979110582253863,0.0016546846778724635
0.021782275187797497,0.021782275187797497,1.0000421828098802,0.0014394828913288067
0.02189656404170819,0.02189656404170819,0.9990398220433322,0.0023487225595497487
0.022057938794387156,0.022057938794387156,0.9997571935391292,0.0020491426884396173
0.022169034261605703,0.022169034261605703,1.0063347876174928,0.0021918224149702122
0.0222644608518749,0.0222644608518749,0.9994150122083552,0.0026401043119857756
0.022432087486231468,0.022432087486231468,1.0022966319217872,0.002197169751426355
0.02258568129345804,0.02258568129345804,1.0005650393489032,0.0016088923729074092
0.022738157515959756,0.022738157515959756,1.0012063561227662,0.0015731764220457938
0.02288088264667749,0.02288088264667749,1.0019844510820985,0.002208593203691741
0.02307372563172976,0.02307372563172976,1.002450803028965,0.0018157028043508448
0.02319244486898242,0.02319244486898242,1.000530325490295,0.00171575768017876
0.02339265361188154,0.02339265361188154,1.0006404933328092,0.0019451599187619792
0.02356125488095131,0.02356125488095131,1.0002002279150015,0.0020299240120341096
0.023692142880099708,0.023692142880099708,1.0020285882155746,0.0021611620266283526
0.023858386225037977,0.023858386225037977,0.9996874516560137,0.00214375248205191
0.023972287766264345,0.023972287766264345,0.999530467788895,0.0020929027616008304
0.024072437323229678,0.024072437323229678,1.0017415544523192,0.0015664381812026864
0.024222424090476126,0.024222424090476126,1.0007865013355466,0.0016875011574419066
0.024329899736221704,0.024329899736221704,1.0008343054145665,0.0014658964704054296
0.024545571120506794,0.024545571120506794,0.9995815410735286,0.002178253473848286
0.02470868706022884,0.02470868706022884,0.9998825857489603,0.0023072298058571883
0.024839799610526826,0.024839799610526826,0.9999913162543125,0.0015455442055189042
0.025007239061233123,0.025007239061233123,0.9996549210051775,0.002358563972636059
0.02516989064788504,0.02516989064788504,1.0003116124163056,0.00218450777323548
0.025291172232391544,0.025291172232391544,1.0013031340984777,0.002649762736221742
0.025407038160119556,0.025407038160119556,0.9985645847254252,0.002733333712800858
0.0255353043852665,0.0255353043852665,1.0011504312985111,0.0015338244957215602
0.0256691357728414,0.0256691357728414,0.9995273610769629,0.0016019613917768107
0.025815177536424018,0.025815177536424018,1.000879222049107,0.0015469981248898567
0.02592783835971204,0.02592783835971204,1.0010294762668557,0.0015942443276770971
0.026026619068943546,0.026026619068943546,0.9992570825933743,0.002072021350856921
0.026111774297896774,0.026111774297896774,1.0012092583329948,0.0020777598990242676
0.026194506595311397,0.026194506595311397,0.9999319487071556,0.0018919064906297433
0.026278933542926097,0.026278933542926097,1.0003104097375035,0.0015930676664002506
0.026396464835488586,0.026396464835488586,1.0025752073670877,0.001688045981226949
0.02656949039064784,0.02656949039064784,0.9989736532782176,0.0022470599121645106
0.026696136855753137,0.026696136855753137,1.000482737073202,0.0016664015167566115
0.026822374910079817,0.026822374910079817,1.0003066028101595,0.0021364309877298206
0.02703734063743468,0.02703734063743468,1.0000250977191665,0.003390684998417564
0.027124673149955925,0.027124673149955925,1.0005706677081265,0.0016811562599926045
0.027220184565521777,0.027220184565521777,1.000096215043849,0.0013860902029229172
0.027298669467563742,0.027298669467563742,1.001253542828692,0.0029892170186928465
0.02737737465668033,0.02737737465668033,1.000563141024145,0.0016649352449461686
0.027447570360527605,0.027447570360527605,0.9989819989854609,0.001449732590569902
0.02754577513114782,0.02754577513114782,0.9987591199673066,0.0015239901006152217
0.02766806468116556,0.02766806468116556,0.999639202527711,0.002043843110539068
0.027804070230558864,0.027804070230558864,1.0006632437267153,0.001878883626346713
0.027969806797409548,0.027969806797409548,0.9990745240321675,0.0018886532839717952
0.028113766530623252,0.028113766530623252,1.0014131012733585,0.002363697312496623
0.02820610445978673,0.02820610445978673,1.0037423243344097,0.002022956071875976
0.02838585434274137,0.02838585434274137,1.0001672260387366,0.0026806462177085153
0.028498081132602236,0.028498081132602236,0.9998706981917369,0.003075881519841689
0.02860324256507738,0.02860324256507738,1.0014681140177346,0.0021763365114971364
0.02870302254359558,0.02870302254359558,0.9995397933313948,0.001528063470858873
0.028886528777366038,0.028886528777366038,0.99880054824213,0.0015204982521711396
0.029053950061643262,0.029053950061643262,1.0022629035989905,0.0015987944845544336
0.02912506025222683,0.02912506025222683,0.9991405429365047,0.0020647435521690253
0.029261172036785865,0.029261172036785865,0.9992569220959198,0.001973206686742086
0.029381289841876424,0.029381289841876424,1.001480827934855,0.001607122006476167
0.029485656705946894,0.029485656705946894,1.0005282049738349,0.0017078114336970505
0.029660372743092012,0.029660372743092012,0.999563319378909,0.0019890725302932786
0.029795006041968008,0.029795006041968008,1.0008732802577498,0.002086131911986843
0.029884311398382123,0.029884311398382123,0.9977012858953291,0.0021456387619779877
0.030053107441017347,0.030053107441017347,0.9986248991699165,0.001469212667914623
0.030105931111756946,0.030105931111756946,1.0005581459013975,0.0026422324365223135
0.030191878500045278,0.030191878500045278,1.0011872977150769,0.0027132338321089076
0.03030073817662924,0.03030073817662924,0.9995804601863567,0.001539739854876814
0.03040218854403065,0.03040218854403065,0.9988121980799385,0.0015685589223919118
0.030513011903894948,0.030513011903894948,0.9948330456547975,0.001621076902725023
0.03068628135151812,0.03068628135151812,0.9979085471217373,0.001662518126227901
0.030842230862435826,0.030842230862435826,0.9996375565870919,0.0023395981378896377
0.03105088096290274,0.03105088096290274,1.0003369949410619,0.0016263409727501933
0.03120283161297266,0.03120283161297266,1.0008794808764154,0.0023700695562031255
0.03130368954643927,0.03130368954643927,1.0015578939114742,0.0020874306049879403
0.03148619090261491,0.03148619090261491,0.9991571635037093,0.0030852736915422513
0.031592303934303345,0.031592303934303345,1.000123426791939,0.002224797816967431
0.03169558605441125,0.03169558605441125,0.9990508387055064,0.0026854139075563944
0.03176821868837578,0.03176821868837578,1.0008671587349045,0.0015837590353883946
0.03191610246431083,0.03191610246431083,0.9985109187428449,0.0015401805831613405
0.03207857846882689,0.03207857846882689,1.0004120327096304,0.001521823213100041
0.0321763082039979,0.0321763082039979,0.9999270450296311,0.0018073632634260828
0.032260853458501514,0.032260853458501514,0.9993550076730322,0.002304092323946838
0.03239539245332708,0.03239539245332708,1.0002622629266154,0.0020092722572879
0.03249742461466667,0.03249742461466667,0.9973519686154123,0.0016797855255770184
0.032580221928401445,0.032580221928401445,0.9985170705091914,0.0016049461851778113
0.03272747699902538,0.03272747699902538,1.0005720290637712,0.0018411315558132138
0.03287857729537791,0.03287857729537791,0.9980287634407172,0.0015641402290929105
0.03296472665151669,0.03296472665151669,1.0017803294468342,0.0022125445985006105
0.03307853344413161,0.03307853344413161,1.0026681115634886,0.0026519221813635207
0.03318107940576738,0.03318107940576738,1.0001696636524904,0.0026114099915674526
0.033300987137226915,0.033300987137226915,1.0006385391925492,0.0026894286475012486
0.033421527916107155,0.033421527916107155,0.9971646412714149,0.002649451869279515
0.03352634560651495,0.03352634560651495,0.9988919878555637,0.0016329161535683229
0.03364418020992162,0.03364418020992162,1.0005663850466355,0.00170848345990978
0.03377882420390961,0.03377882420390961,0.9998132922228405,0.0015735191192099644
0.03384174461098155,0.03384174461098155,1.0009340581421688,0.001571355309328211
0.033971611891684,0.033971611891684,1.0015663304070197,0.0019614276824855017
0.034086221539473625,0.034086221539473625,1.0006655508658162,0.0019649987288447674
0.03417304044287448,0.03417304044287448,0.9992238886701289,0.0019488112045032303
0.034315329662786095,0.034315329662786095,0.9992545312450167,0.0019245463961426717
0.034436159528740976,0.034436159528740976,0.9998942353540847,0.0016089626300367223
0.03458904256331152,0.03458904256331152,0.9994841922029174,0.003079557972390799
0.034715635638531236,0.034715635638531236,0.999495577155298,0.0030840889797323677
0.034823608403894465,0.034823608403894465,0.9995457186606231,0.0015500000486781877
0.034938468895779805,0.034938468895779805,1.000321195112169,0.0015531927657530288
0.03509150399149803,0.03509150399149803,1.0002101451792318,0.002523157394694994
0.035262223440986416,0.035262223440986416,0.9999758803064079,0.001731439338960489
0.035348025980056264,0.035348025980056264,0.9990343250313751,0.0023196929894883046
0.03551463481016981,0.03551463481016981,0.9987734261750492,0.0014666789734187852
0.035583109514664105,0.035583109514664105,0.999976620292094,0.0015427450454829233
0.03565634487767966,0.03565634487767966,0.9979913162687412,0.0015973237643570153
0.03576507091202075,0.03576507091202075,0.9991648811390693,0.002039548279354469
0.0358606883100947,0.0358606883100947,1.0001500541558002,0.001420916625401713
0.03598503167067975,0.03598503167067975,0.997562077784325,0.0021904731819846453
0.036085749690209924,0.036085749690209924,0.999217428931923,0.002693616756943638
0.036205715848518595,0.036205715848518595,1.0002179992476758,0.0024036046267168635
0.03636461645764939,0.03636461645764939,0.9996768810208675,0.0026567718447980636
0.03652456850304588,0.03652456850304588,1.0012829097524496,0.0016660977335868014
0.036651457149491765,0.036651457149491765,1.0016001433098374,0.001732391984681371
0.03682615244142653,0.03682615244142653,0.9977461880338836,0.0017647694399284947
0.03694486740096181,0.03694486740096181,0.999790285354931,0.0014911855418080393
0.03702667082343396,0.03702667082343396,1.001145386833996,0.0016219567608065665
0.03712328901656292,0.03712328901656292,1.000599574756426,0.0025703122886387773
0.037257837673678296,0.037257837673678296,0.999533254304175,0.001991950226846462
0.037375489332953295,0.037375489332953295,1.0011771311798001,0.0019889066115666484
0.037481671098612425,0.037481671098612425,1.0009373522385663,0.002034449312858526
0.03758092298867268,0.03758092298867268,1.0015234941281583,0.0022064845422999383
0.037707378491177224,0.037707378491177224,0.9998104937777302,0.002680680111249002
0.037862241068432924,0.037862241068432924,1.000503832438369,0.0026605077092669376
0.038001096254447475,0.038001096254447475,1.0025775347112327,0.001525720093861658
0.03810343179993651,0.03810343179993651,1.0018727401918799,0.0015222674899095583
0.038214157325091945,0.038214157325091945,0.9996757188673954,0.0017067055970986168
0.03842049196064181,0.03842049196064181,1.001433097797938,0.0023917018779001107
0.0386180438214069,0.0386180438214069,0.9983297051160038,0.00227385670658222
0.03867931368095014,0.03867931368095014,1.003093873763558,0.002052550289228434
0.03874998401806806,0.03874998401806806,0.9994193477469044,0.0015846998867428675
0.0388527580023947,0.0388527580023947,1.0002086259283947,0.0017315929593277883
0.03894363931030966,0.03894363931030966,1.0005689655800096,0.002229513103549313
0.03904977816691826,0.03904977816691826,1.0008126341132326,0.0014936304220314167
0.0391787099357316,0.0391787099357316,1.0031456468309747,0.0035954899960585754
0.03933077677556866,0.03933077677556866,1.0002151445806384,0.0021676145172677447
0.039525016187872096,0.039525016187872096,0.999535255190789,0.002254842886983787
0.03963728748240101,0.03963728748240101,1.0000235701270637,0.001563270961048358
0.039759151276302876,0.039759151276302876,1.0003656516085249,0.0017501441536308174
0.039875156981725016,0.039875156981725016,0.9977080531263425,0.002052338268023349
0.03998959559448849,0.03998959559448849,1.0004595392261346,0.001725366238773696
0.0400819199056059,0.0400819199056059,0.9998961513063496,0.0019912668962884144
0.040163414699236455,0.040163414699236455,1.0019324067769744,0.0020725938362708106
0.04033655086004728,0.04033655086004728,1.0007023691126846,0.0023849821053840807
0.040468153433721454,0.040468153433721454,1.0012631482870198,0.0019501621047797308
0.0405648622667286,0.0405648622667286,1.0019341532940484,0.0022878948179963347
0.04068838574567053,0.04068838574567053,1.001397285523582,0.0015763361784731321
0.040831584488478255,0.040831584488478255,0.9997367213925383,0.002665995817863353
0.04095519918791979,0.04095519918791979,0.9990920460457711,0.002148537477139348
0.04103196692703932,0.04103196692703932,1.0004800239917564,0.002103083425448442
0.04112307107643574,0.04112307107643574,1.000306834768181,0.001521789519514391
0.04126550967284857,0.04126550967284857,0.9997788268739255,0.0014428787028564981
0.041480492015034544,0.041480492015034544,0.9996561669549052,0.00199024827320546
0.04168569478988502,0.04168569478988502,1.0023838909282243,0.002308006751239963
0.0417881315908744,0.0417881315908744,0.9999310373221887,0.002116572035953173
0.04186404691336065,0.04186404691336065,1.000800186666637,0.0015895666025548334
0.0419643524555795,0.0419643524555795,1.0019436172378464,0.0016365896458826995
0.04208196718245745,0.04208196718245745,0.9999013466568292,0.0022489363768783133
0.042238130932491916,0.042238130932491916,1.000862033672097,0.002679760924449651
0.042323887500060664,0.042323887500060664,1.0001378069208857,0.0023427023522127367
0.04251703598711174,0.04251703598711174,0.9993839522462868,0.002676674991858859
0.04266340268713975,0.04266340268713975,0.996516156820564,0.0015765939245554659
0.04280044748174987,0.04280044748174987,0.9992718560499447,0.0016214954987806597
0.04289220120499522,0.04289220120499522,0.9999620855199384,0.0022074874288415267
0.042993741536884046,0.042993741536884046,1.000776393495112,0.002074961862851786
0.043171041346249696,0.043171041346249696,0.9991481949634575,0.001541362275751455
0.04323381530921324,0.04323381530921324,1.001706173962898,0.0016383216498551578
0.0433890989243082,0.0433890989243082,1.0027894865263707,0.0020367718272390318
0.04354968113984796,0.04354968113984796,0.9993741983715918,0.0019688788975872635
0.04364528010173672,0.04364528010173672,0.9997276637533211,0.0023421417656639895
0.04374438347804244,0.04374438347804244,1.0015913275389299,0.001572093502682738
0.043904379253035586,0.043904379253035586,1.0015021613056874,0.0026800422250729326
0.0440269829636236,0.0440269829636236,0.9981808573153664,0.0021944041622008175
0.04414774855340511,0.04414774855340511,0.9995522217985418,0.0014834149245141484
0.04431635178316355,0.04431635178316355,1.0021567662887845,0.001559120551285368
0.04441159774687549,0.04441159774687549,1.0017570513906418,0.0015609753416389554
0.0446686502726152,0.0446686502726152,0.9993770444402935,0.002318955268890922
0.04483899025835854,0.04483899025835854,1.0012366630048455,0.002051539130797087
0.044929225517262236,0.044929225517262236,0.9996332626424381,0.0014064499473197291
0.045030016575219635,0.045030016575219635,1.000758348010591,0.0019842361740117103
0.04515658081709262,0.04515658081709262,0.999202021330697,0.0023743321543094904
0.04532505992319784,0.04532505992319784,1.0012983453803923,0.0016571530087022325
0.04537888313352596,0.04537888313352596,1.0004699252512173,0.0026726681378410415
0.04549136824098241,0.04549136824098241,1.0012576751494917,0.002144640081342375
0.045645510924623524,0.045645510924623524,1.000024711648015,0.002193718036409058
0.04579837347791908,0.04579837347791908,1.0194372653713797,0.001614567113864683
0.0459420131322986,0.0459420131322986,1.0019459388848813,0.0015741123370211889
0.04610697047373833,0.04610697047373833,1.0009450706142693,0.002309228235371763
0.046255060182920714,0.046255060182920714,0.999860713749456,0.0014944113120023334
0.04637600352270965,0.04637600352270965,0.9989577260792746,0.0018233568205113324
0.046576124365674335,0.046576124365674335,0.9999887494627421,0.0019475082241082124
0.046711410150965096,0.046711410150965096,1.0006974590139683,0.001968918136094637
0.04681042406391498,0.04681042406391498,0.998542747634211,0.0021587696433371037
0.04694021461473312,0.04694021461473312,0.9994526253212699,0.0015546911968517822
0.04708906286905403,0.04708906286905403,0.999181282310295,0.0020989364406938716
0.04719864590442739,0.04719864590442739,0.9989861956824863,0.002172492137000429
0.047291534752002914,0.047291534752002914,1.0002671179837495,0.0015407064968690676
0.0474314141432842,0.0474314141432842,0.99996324175649,0.0016737412197891932
0.047530828486742394,0.047530828486742394,1.0028195184741797,0.0015367799518508276
0.04778219766722032,0.04778219766722032,1.0015283119761564,0.002091954304303316
0.04791731024706678,0.04791731024706678,1.000268170767678,0.0023867652596654735
0.04805577890056156,0.04805577890056156,0.998798961582518,0.001880391482504505
0.0482116650469834,0.0482116650469834,0.9990181538658917,0.0020538575150878583
0.04839388135460467,0.04839388135460467,1.0001193068192582,0.002649988634300253
0.04848985187072685,0.04848985187072685,1.0003874727794322,0.002644864678876942
0.048621674217065446,0.048621674217065446,1.0020160886458935,0.0022942790667514067
0.04874807522173796,0.04874807522173796,0.9993849028381531,0.001525191770538854
0.04887669356921833,0.04887669356921833,0.9987194901204999,0.0015489360563516476
0.049020402816859134,0.049020402816859134,1.0006189973295485,0.001598146528643579
0.04913303472221742,0.04913303472221742,0.99715619719559,0.0015834782601616317
0.04922893426355586,0.04922893426355586,1.000349843548355,0.002045706194638292
0.04931322017891944,0.04931322017891944,1.000688911762594,0.002082982798215785
0.049413363088933696,0.049413363088933696,1.00165335944207,0.0018902524038665915
0.049495574408683754,0.049495574408683754,0.9995260801332112,0.0017573602833106249
0.049651695352440586,0.049651695352440586,1.0023861426639755,0.0014852872788811058
0.049814326718296796,0.049814326718296796,1.001607505112538,0.0023414910196581304
0.04994753897481132,0.04994753897481132,0.9978620105819778,0.002119200297179344
0.05016782741040515,0.05016782741040515,1.002374038224632,0.003060973642654655
0.05030815510108368,0.05030815510108368,1.000600628222746,0.002195102971608165
0.05042193231947749,0.05042193231947749,0.9985228433165847,0.001426120506934991
0.05049952604858845,0.05049952604858845,1.0029818756714723,0.002990618619875678
0.050577590445209354,0.050577590445209354,1.0004607261776592,0.0016670019776753228
0.050641410152093155,0.050641410152093155,1.0001135001852313,0.0013991153478030301
0.05075771561441798,0.05075771561441798,1.00017371495146,0.0016349918526017057
0.05087692990036885,0.05087692990036885,0.9992671660258132,0.0019371671555485522
0.051023368980531815,0.051023368980531815,0.997856413319502,0.0018993594333395728
0.05117056087765377,0.05117056087765377,1.0004419047768356,0.0019297107391434668
0.05129734364963952,0.05129734364963952,0.9974773631756346,0.0023643741060957726
0.05140822593857593,0.05140822593857593,1.001520920979314,0.0025531849962479695
0.051584301420189146,0.051584301420189146,1.000717217645235,0.0026859921162806465
0.051733014189267124,0.051733014189267124,0.9982232958317268,0.002687336333065173
0.05181476112084056,0.05181476112084056,0.999155806601985,0.0015084445947299123
0.051960824367233725,0.051960824367233725,1.0006323691347663,0.0014717141684506263
0.052114164351587534,0.052114164351587534,1.0001221971479008,0.0015694420034677158
0.05223908035368367,0.05223908035368367,1.000925261791454,0.001635942155995713
0.05230861267646105,0.05230861267646105,1.0003276412843878,0.0020651893420704985
0.05241488539104466,0.05241488539104466,0.9997435166272318,0.001952766703838665
0.0525449895321799,0.0525449895321799,0.9999963971737238,0.0015915412160225338
0.05266545017966564,0.05266545017966564,0.9993455718013944,0.0017365712059913482
0.05284379326112685,0.05284379326112685,1.0018162588770323,0.0019879175314402734
0.05297859152233286,0.05297859152233286,0.9995645951949751,0.002090296553733345
0.05305117616007919,0.05305117616007919,1.0007234234723135,0.0021039923249818646
0.05321554346519406,0.05321554346519406,1.00063254180272,0.0015279912869311401
0.05328607325191115,0.05328607325191115,1.0013076408700798,0.0026242681144252895
0.05337557790644496,0.05337557790644496,0.9994870307123138,0.0027125764036986543
0.05348806034198787,0.05348806034198787,0.9992227448256588,0.0014866312239357198
0.05359092405105912,0.05359092405105912,0.9988739989017098,0.0016221434467028127
0.05368589257959684,0.05368589257959684,1.0009422380173199,0.0016193536161263852
0.05389625686821091,0.05389625686821091,0.9991602181479872,0.0016371819822293405
0.05408441456638684,0.05408441456638684,0.9985703577545788,0.002420414235015408
0.05424408127655624,0.05424408127655624,0.999088005598648,0.0019433967443436332
0.054425770095076584,0.054425770095076584,1.0010387283962405,0.002065175141639778
0.05452319744454144,0.05452319744454144,0.9978125230374572,0.0025702695189539783
0.05468503375286673,0.05468503375286673,0.9972018357036708,0.002684564670354951
0.05478986927155347,0.05478986927155347,1.000694479059649,0.0026842227353129004
0.054893209605688754,0.054893209605688754,1.0013545429708746,0.002227686832540211
0.054970746758226594,0.054970746758226594,1.000791127404166,0.001572550866485376
0.055121986594349436,0.055121986594349436,1.0010946068315008,0.0015260942381695427
0.05526206258291495,0.05526206258291495,1.0003739342811357,0.0015234019827538151
0.05535994598685647,0.05535994598685647,0.9993550909885883,0.001809197939885068
0.055426596336474176,0.055426596336474176,0.9995717004261057,0.0023245544944342366
0.05554959527999017,0.05554959527999017,1.0018324009983215,0.001983810172535431
0.055663333646589305,0.055663333646589305,1.0017756961351345,0.0016076375858591493
0.055737006164963535,0.055737006164963535,0.9996323158156046,0.001675240669996141
0.05585368387710332,0.05585368387710332,0.9991293796948154,0.0014965083882893754
0.05600134891392372,0.05600134891392372,1.001711788383633,0.0019128366951463942
0.05610839751607273,0.05610839751607273,1.001729414482077,0.002198155609172556
0.0562196920189308,0.0562196920189308,0.9985657426435017,0.002651855100739618
0.05632674887747271,0.05632674887747271,1.0005809449176588,0.0021709166499044503
0.05642683930182102,0.05642683930182102,0.9992157989767085,0.0030495080494104465
0.056566195091727424,0.056566195091727424,1.0001222065886595,0.002705801533259714
0.05669484112968348,0.05669484112968348,1.0016529601170867,0.0015845713748368633
0.056792578789099935,0.056792578789099935,0.9999243622071294,0.0016715358312150443
0.056943667519590235,0.056943667519590235,1.0005773149764532,0.001584351780866223
0.057010296285443476,0.057010296285443476,0.9983921810362831,0.0017042364453957938
0.05713064450865204,0.05713064450865204,0.9999552515488596,0.001938777353358377
0.05725978591653984,0.05725978591653984,0.9990487581737992,0.0019709736576728845
0.0573564749020079,0.0573564749020079,0.9989329263017377,0.0019522575072498122
0.05749882126783632,0.05749882126783632,0.9991474301068329,0.001922377508744269
0.057619488150885446,0.057619488150885446,0.9999393408563286,0.0016097978191569357
0.05777275735072181,0.05777275735072181,0.99883491167537,0.0030805167243300254
0.057899255481606814,0.057899255481606814,1.0008121483675254,0.003081051731789926
0.05800695758989605,0.05800695758989605,0.9999606387690756,0.0015513217813040894
0.05812199792617321,0.05812199792617321,0.9984663894933149,0.001552401469027453
0.05827497049322119,0.05827497049322119,0.9980165948031738,0.0025520043622163585
0.058448367217715715,0.058448367217715715,1.000179195051899,0.001757853789174213
0.058571442176616986,0.058571442176616986,1.0021467566768831,0.0023471864982445648
0.058723379615184965,0.058723379615184965,0.9993485451652105,0.001554208758924541
0.058792553470084385,0.058792553470084385,0.9985328688940649,0.0015456480550189097
0.05887958140028786,0.05887958140028786,1.00065036089411,0.0016328783984470938
0.058990022025682265,0.058990022025682265,1.0011731951566225,0.00195824915812635
0.05910464943353873,0.05910464943353873,0.9993848672960673,0.0014809388184025445
0.05923569961942121,0.05923569961942121,0.9983546265616262,0.002719584727144774
0.05933257283686544,0.05933257283686544,1.000033732739192,0.002837424084091603
0.05947215435535327,0.05947215435535327,1.0009796750972546,0.002641002853491962
0.05965526059426338,0.05965526059426338,0.9998029035438778,0.0016478064003452593
0.059792582082081935,0.059792582082081935,1.0002695876365144,0.0016396261753002174
0.05995808032494097,0.05995808032494097,1.0001371852399326,0.0018131950700057682
0.06012110355932236,0.06012110355932236,1.0003698599141142,0.00152836237359207
0.060175502691345174,0.060175502691345174,0.999518020497922,0.0015814485236095514
0.060272199767496204,0.060272199767496204,1.001545320241482,0.0023449926567294605
0.06035586259840784,0.06035586259840784,1.0017341605213317,0.001975905535315867
0.06048152586517972,0.06048152586517972,1.000324743223366,0.0022907292940089912
0.06058902831955493,0.06058902831955493,1.0005322594251642,0.0019303904277141628
0.060666066715930354,0.060666066715930354,0.9983728486259933,0.001621695028288244
0.06076001901001291,0.06076001901001291,1.0012841986957315,0.0016099968169946313
0.060864834375752255,0.060864834375752255,0.99935970667323,0.003080719215821642
0.06101357229417772,0.06101357229417772,0.9989147548638652,0.0027001395692950315
0.06117204671354557,0.06117204671354557,0.9992700389154738,0.0015068652114786716
0.061292629246781874,0.061292629246781874,1.00159493339727,0.0015014656727576718
0.061433632546686566,0.061433632546686566,1.0010132817396569,0.0017794217548205576
0.06164005669925245,0.06164005669925245,0.9999186171678964,0.0026257167276361117
0.06183231114027876,0.06183231114027876,1.00025979130878,0.0015731662708503816
0.061880914973698964,0.061880914973698964,1.0020752661656445,0.0019499542183697503
0.06195353856492147,0.06195353856492147,1.0021986703798678,0.001666882129481757
0.06205731346908579,0.06205731346908579,1.0019592302669742,0.001669312550235448
0.0621403294879201,0.0621403294879201,0.9998853567944403,0.0022741828742912913
0.062233098696196976,0.062233098696196976,1.0011608183927176,0.0014942352319514847
0.06236233606705355,0.06236233606705355,1.0016301064157396,0.003590382500400274
0.06251434826754121,0.06251434826754121,1.0001917021335534,0.0021700298242751203
0.0627133352740202,0.0627133352740202,1.0015829308016049,0.002210088536255862
0.0628510138099955,0.0628510138099955,1.0008762216702651,0.0015929748281485103
0.06296114574161038,0.06296114574161038,1.0011047712916612,0.0017733794876333639
0.0631000866605973,0.0631000866605973,0.9993534812181855,0.0016789964796102685
0.06322249385884789,0.06322249385884789,0.9983907617319152,0.001573620418906242
0.06331575850490481,0.06331575850490481,1.0016852345710148,0.0021546760528576045
0.06344328208233492,0.06344328208233492,1.001712820297982,0.0024028991498840197
0.06360080108352122,0.06360080108352122,1.0010138189729398,0.0022482082372394783
0.06370882360024552,0.06370882360024552,0.9987311058868673,0.001971655835145114
0.06378728871932253,0.06378728871932253,1.0002465956829263,0.0019329949211511432
0.06393624050633662,0.06393624050633662,0.9992315538541503,0.002261231832958932
0.06410895767548937,0.06410895767548937,0.9985871713856586,0.002203814835360284
0.06419538855425344,0.06419538855425344,0.9995126388257587,0.0026249177545369464
0.06427632944214565,0.06427632944214565,1.0003538882887995,0.001502383351913507
0.06443409903167777,0.06443409903167777,1.0015604579747497,0.0014283929448230682
0.06461352538390201,0.06461352538390201,0.9986848585712176,0.0015703478439146347
0.0648256604150447,0.0648256604150447,1.0009258267395182,0.0025456439851924894
0.06494578502934019,0.06494578502934019,0.9990496314117404,0.0021636709357069498
0.06501378249122354,0.06501378249122354,0.9989590054555835,0.0015341381318669874
0.06511124788703455,0.06511124788703455,1.0010985991516992,0.0016169692272279307
0.06522055818040826,0.06522055818040826,1.0010704696128048,0.002260964805558078
0.0654144186171834,0.0654144186171834,0.9980057387644115,0.0022289547592090494
0.06550231667151821,0.06550231667151821,1.0017164476625626,0.0028002383279179684
0.0656800062099137,0.0656800062099137,1.0018495152925468,0.002694989854650248
0.0658309965452645,0.0658309965452645,1.0006373568657607,0.001601529385287743
0.0659412637256537,0.0659412637256537,1.001285232689443,0.0015716315168363023
0.06605178961181082,0.06605178961181082,1.0020708143328698,0.0014991148453130615
0.06614384353106288,0.06614384353106288,1.00001132548723,0.0020580991746641767
0.06633019188429898,0.06633019188429898,1.0009723779148267,0.001693446789997472
0.06642283411347308,0.06642283411347308,1.0019693544708237,0.002076151164279872
0.06662084086492541,0.06662084086492541,1.0005637962851313,0.0020421806213549213
0.06674407876416807,0.06674407876416807,1.002328956437974,0.0019155788446834454
0.06683614591984224,0.06683614591984224,0.9990198014294023,0.0023355719718586316
0.06695634795287334,0.06695634795287334,0.9995485782136144,0.0016060604321471062
0.06708786956223775,0.06708786956223775,0.9999736048987506,0.0026799050376933595
0.06721039354870299,0.06721039354870299,1.0020703942133422,0.0022026655224743645
0.06733551054967393,0.06733551054967393,1.0013625245950024,0.0013945197169204307
0.06749979556643666,0.06749979556643666,1.0007096641715774,0.001558864687419237
0.06759512607659417,0.06759512607659417,0.9982490981778194,0.0015580182988083474
0.06783555758829607,0.06783555758829607,1.000597231337402,0.00196522487595143
0.0679587641661783,0.0679587641661783,1.0001711826186583,0.0023054568215764115
0.06807692470065377,0.06807692470065377,0.9998866931768944,0.0015492398490690664
0.06818637076030427,0.06818637076030427,0.9995676473120894,0.001927597301731393
0.06831458587166708,0.06831458587166708,0.9994304386182439,0.002315131007327528
0.06851952292090573,0.06851952292090573,0.9989576345374092,0.002215543037388373
0.0685779645726143,0.0685779645726143,1.0044309472293227,0.002674340254395003
0.0686873834240032,0.0686873834240032,1.0000028356162454,0.0015194350190153119
0.06882910322492534,0.06882910322492534,0.9996002131690707,0.002196482660113873
0.06898195191224658,0.06898195191224658,1.0123794373457387,0.001617869170663759
0.06912561148710665,0.06912561148710665,0.999453043360122,0.0015725481353148485
0.0692594410647871,0.0692594410647871,1.0001858835595852,0.0022092334600376426
0.06944073346548976,0.06944073346548976,0.9980580887911387,0.0018140186751997023
0.06959632368234452,0.06959632368234452,0.9999090820451322,0.0018239682298427345
0.06982034029242641,0.06982034029242641,0.9987696866402436,0.0022276840160018086
0.06996079400832969,0.06996079400832969,0.9996321033145336,0.0025389528486961994
0.07008878868291504,0.07008878868291504,0.998800874574215,0.0015493318294606746
0.07022522010302054,0.07022522010302054,1.0000594200762467,0.002148115012649755
0.07033902919720277,0.07033902919720277,0.9990688554550029,0.002101456263477166
0.07043919094394369,0.07043919094394369,0.9993407214793801,0.001568619487597597
0.07058960299600585,0.07058960299600585,0.9976397285827311,0.0016852217758365606
0.07069672974503191,0.07069672974503191,0.9979539735987941,0.0014670699190860144
0.0708942988590934,0.0708942988590934,0.9992694644906608,0.0018089594214205078
0.07105069462904794,0.07105069462904794,1.0003131283345197,0.00254254868013925
0.07117645141370303,0.07117645141370303,1.0030276623383665,0.0018011458734602224
0.0713060336171111,0.0713060336171111,1.0012181170040626,0.0019673473871253317
0.07145724423571664,0.07145724423571664,0.9990280127507397,0.002474787545409948
0.07163315384241287,0.07163315384241287,0.9999964688723848,0.002200278824303076
0.07174026733409847,0.07174026733409847,0.9972980833469212,0.002737208267510875
0.07188906390401825,0.07188906390401825,1.0004356662656584,0.0021874373528739
0.0720569919263653,0.0720569919263653,1.000101735314963,0.001603671077452749
0.07219441914385243,0.07219441914385243,0.9999169708608268,0.0016278370887618508
0.07228837817365275,0.07228837817365275,0.9980693799296982,0.0015852516233334263
0.07239367517213395,0.07239367517213395,0.9997774883817572,0.002082972374153725
0.07247441925283056,0.07247441925283056,1.0015512096862742,0.0021484227151605337
0.07255039942410804,0.07255039942410804,1.0000643106518043,0.0018755525460129312
0.07264561171050446,0.07264561171050446,0.9993918886678671,0.0015923760059704454
0.07274742014378717,0.07274742014378717,0.9993993317220433,0.0016938500735801279
0.07287966872299875,0.07287966872299875,1.0002153729660608,0.0013856331193116416
0.07299794549071521,0.07299794549071521,0.9996835630187846,0.002347292339420278
0.07313622558267525,0.07313622558267525,1.0000333897482263,0.0021249622072033784
0.07335155181299342,0.07335155181299342,1.0000625816987543,0.003064720201979339
0.07349175751805888,0.07349175751805888,0.9996409682576095,0.0022003809074560956
0.0735980872905202,0.0735980872905202,1.000522034150502,0.0014133291548513185
0.07366567179160484,0.07366567179160484,1.000291731161276,0.002973999782323209
0.07374444225351909,0.07374444225351909,0.9988114690299051,0.0016680683714301709
0.07380317866063706,0.07380317866063706,1.0010251079575827,0.0014480588672727722
0.07388181828828237,0.07388181828828237,1.0018516728382811,0.0015297891541127071
0.07400878261905745,0.07400878261905745,1.0007944464262803,0.0016280015705463073
0.07413454285670014,0.07413454285670014,1.0013430779704984,0.0022285173601004887
0.0742787662165938,0.0742787662165938,0.9997319747600372,0.0014696828167471694
0.07438784601927181,0.07438784601927181,0.9972662455432257,0.002259588335766172
0.07450174126079219,0.07450174126079219,0.9979934675302502,0.0020553194011478934
0.07463207384444104,0.07463207384444104,1.0002344131752292,0.002552198659636814
0.0747834168963891,0.0747834168963891,0.998484679668444,0.002654116340879375
0.07491877239026508,0.07491877239026508,0.9992471308252338,0.00269637118273242
0.0750398952382966,0.0750398952382966,1.000898142291159,0.001529810053792392
0.07523618980048923,0.07523618980048923,0.9980031257760466,0.0015426603435675216
0.0754024457437481,0.0754024457437481,1.000994609607765,0.0016571468280833254
0.07547346585452033,0.07547346585452033,1.00169339311299,0.0015521790820599453
0.0755477631029862,0.0755477631029862,0.999509145269799,0.0020344437065883797
0.07567702075557463,0.07567702075557463,1.000712323027394,0.0019578637822732442
0.07576799956241302,0.07576799956241302,0.9995488941902335,0.0016288014467252625
0.0759419211823115,0.0759419211823115,1.0018794049942603,0.0020274978804847095
0.07611282744728669,0.07611282744728669,1.0001700166620764,0.002085623982797505
0.07619424538825115,0.07619424538825115,0.9974593726831402,0.002202644449986427
0.0763345952542295,0.0763345952542295,0.9990168592582009,0.0015377559187757248
0.07644954546540247,0.07644954546540247,0.9990517852812515,0.0026026925194427104
0.07654059711167065,0.07654059711167065,1.0012298854595445,0.00268783852807703
0.07664302659486566,0.07664302659486566,0.9999301314832781,0.0015603213940164576
0.07678055157648486,0.07678055157648486,0.9994974749562445,0.001604571801567483
0.07685390990682209,0.07685390990682209,1.0013124747940245,0.0016496583001045818
0.07704746711460757,0.07704746711460757,0.9993904400111587,0.001618038919524738
0.07720937943522585,0.07720937943522585,1.000069414137574,0.0023421804825920086
0.07741777331539197,0.07741777331539197,0.9969320336328138,0.0016245849842509632
0.07757010457808064,0.07757010457808064,0.9999748168297758,0.0023699154403814164
0.07767512365517178,0.07767512365517178,1.0020444741516843,0.0015566201490592117
0.07782799493325002,0.07782799493325002,0.9994090598773655,0.002678935924440962
0.07794386784298694,0.07794386784298694,0.9997681504839327,0.002680383787377778
0.07805817895368819,0.07805817895368819,1.0009762024053654,0.0026315855143224645
0.07812092573367409,0.07812092573367409,0.99790771503503,0.0016166857262437239
0.07823436056132778,0.07823436056132778,1.0005909509804787,0.0015838228397667266
0.07837450237675511,0.07837450237675511,0.9977426547729937,0.0015475371357938513
0.07850099722527375,0.07850099722527375,0.9993450164658743,0.001625621942418079
0.07857008345381473,0.07857008345381473,0.9989736454116229,0.0017281131067635874
0.07866674586148292,0.07866674586148292,0.9994243613696264,0.002627340669728064
0.07882039124142466,0.07882039124142466,0.9987344458298975,0.0015394471426431338
0.07889869544742396,0.07889869544742396,0.9999933065088463,0.0016911067500172028
0.07900607856081479,0.07900607856081479,0.9985853246090992,0.0015037454876666374
0.0791556671847502,0.0791556671847502,1.0016193089527334,0.0018614498996891251
0.0792748861680593,0.0792748861680593,1.0008420946815744,0.002244151161360299
0.07938167040538247,0.07938167040538247,1.0000688997486293,0.0021746346471513602
0.07951024079848139,0.07951024079848139,0.9974861964362388,0.0021746295993054577
0.07961049477289635,0.07961049477289635,0.9989199641302609,0.0030430769908909435
0.079749826040279,0.079749826040279,1.003836081979345,0.002701562886646611
0.0798783878059112,0.0798783878059112,0.9980846957834009,0.0015857788361224108
0.07998157017573249,0.07998157017573249,1.0012392719302647,0.0017938650235211286
0.0801618015679196,0.0801618015679196,1.001992081149779,0.0015834730027122375
0.08022799354730523,0.08022799354730523,1.0002134830710379,0.0016002157498472666
0.08036352335457195,0.08036352335457195,1.0030771058665338,0.0023199215313771827
0.08049692312633852,0.08049692312633852,1.0001083696030801,0.0015525272203693466
0.08055421345943614,0.08055421345943614,0.9995886583959621,0.001884993712455148
0.08072031499596051,0.08072031499596051,1.0009593905393017,0.001969939796099471
0.08083494132988563,0.08083494132988563,0.9997607323753537,0.002201047317817872
0.08097785772442875,0.08097785772442875,1.0015309444562457,0.0026959711692476573
0.08109970772566158,0.08109970772566158,0.9987374664396429,0.0030947664266310695
0.08122071158850304,0.08122071158850304,1.00072750956797,0.001584232620662003
0.0813535602446791,0.0813535602446791,0.9995035724087806,0.001554159913351277
0.08147196395984793,0.08147196395984793,1.0004814552611045,0.0025622417326078705
0.08163193945038075,0.08163193945038075,0.9989942691952051,0.0017577714461195833
0.08174684837376844,0.08174684837376844,1.0002589887198396,0.002300360216109802
0.08189213648074656,0.08189213648074656,1.0003712654474957,0.001609051010907627
0.08196117024126578,0.08196117024126578,0.9996671486837434,0.0014288998025876341
0.0820444663948365,0.0820444663948365,1.0004908582494951,0.0017027645397890972
0.0821529414746692,0.0821529414746692,1.000321319933049,0.0019867451445724944
0.08225156423141015,0.08225156423141015,1.0031754617733066,0.0019693943963968413
0.08238354615514254,0.08238354615514254,1.0011347050566637,0.002700363206839907
0.08246490773635742,0.08246490773635742,1.0009357820589972,0.002703932502393332
0.08261614552739047,0.08261614552739047,0.9991480539127406,0.002206466775704704
0.08280598909132095,0.08280598909132095,0.9987541556347617,0.002228920489927882
0.08294701810191327,0.08294701810191327,0.9994200084184104,0.0016406975054757285
0.0831040441244113,0.0831040441244113,1.000644321871336,0.0017446084398320943
0.08328511690087907,0.08328511690087907,0.9996017413456745,0.0016595673792715135
0.0833515281412474,0.0833515281412474,0.9994075883337082,0.0015289638883014703
0.08345747356343054,0.08345747356343054,0.9992237490077589,0.0023430273245094867
0.08356975451788458,0.08356975451788458,1.000928508674996,0.002027306789710631
0.08369836326655786,0.08369836326655786,0.9996643612423817,0.002265172143322472
0.0838315315600994,0.0838315315600994,0.9992343448306068,0.002102157216637704
0.0839212523023889,0.0839212523023889,1.0005081215561913,0.0015423047843451988
0.08404658432555152,0.08404658432555152,1.0021402195067026,0.0030599469993533353
0.08415765083736915,0.08415765083736915,1.0020545505722747,0.0030973262845311253
0.08433235059856088,0.08433235059856088,1.0024529088705898,0.001518741188067077
0.08444229571086907,0.08444229571086907,0.9992577300459331,0.0014960648447280016
0.08458095306559699,0.08458095306559699,0.9984056452304607,0.0017242058618731361
0.08476781093722821,0.08476781093722821,1.003442847504795,0.0020510171265760834
0.08490258513829758,0.08490258513829758,0.9992568737730906,0.0023038687576041206
0.08503305907015601,0.08503305907015601,1.0003577939468868,0.0015600773955471653
0.08510252669402689,0.08510252669402689,0.9990880040477454,0.0020320934201625727
0.08519790837144683,0.08519790837144683,0.999272813339075,0.0017744607141178385
0.0852944675463732,0.0852944675463732,1.0001076165050637,0.002235836187543865
0.08538526681895746,0.08538526681895746,0.9987517005875857,0.0014446864976552533
0.08552303676933662,0.08552303676933662,0.9986250160300955,0.0031730315804452125
0.08563320343855593,0.08563320343855593,1.0002456259800487,0.0027788245930454205
0.08582325600582408,0.08582325600582408,1.001732271086789,0.002671098044467173
0.08598295028787106,0.08598295028787106,0.9991596634377998,0.001619583906853405
0.08612631570995291,0.08612631570995291,0.9975412811106054,0.0017456660076772927
0.08623464316115133,0.08623464316115133,0.9999766094765755,0.0017316817366631806
0.08633755090449995,0.08633755090449995,1.000802358007165,0.0017651627344246637
0.08644836749826937,0.08644836749826937,1.0041167183558897,0.0020325478308581154
0.0865214941359227,0.0865214941359227,0.9990740405917032,0.00201054026905014
0.08666401522023079,0.08666401522023079,0.9981023652097967,0.0023970806867107263
0.08680644873165874,0.08680644873165874,0.9990918097584413,0.0019367618742157505
0.08690762488840846,0.08690762488840846,0.9978560265312822,0.002288308285679984
0.08699237918990547,0.08699237918990547,1.0003537902159394,0.001573252852637172
0.08716396684594656,0.08716396684594656,0.9982063017586522,0.00269416143062
0.08730209592704341,0.08730209592704341,1.0010787584239973,0.001571293379753921
0.0873789189985473,0.0873789189985473,1.0006819028791314,0.002625959693567729
0.08745960399264732,0.08745960399264732,1.0000664264954713,0.0015043471706753064
0.08761746480358852,0.08761746480358852,0.9977242355263547,0.0014274794714074475
0.0877581066766652,0.0877581066766652,0.9992495002838997,0.0015922446146375846
0.08797817514277995,0.08797817514277995,0.9989504179575348,0.0022524399709563893
0.08812413071154879,0.08812413071154879,1.0001316378659744,0.002493336486653108
0.08819718460508738,0.08819718460508738,0.9990900118519257,0.0015343487802803332
0.08829459510470769,0.08829459510470769,0.997052013153179,0.0016177052326158087
0.08840407371026231,0.08840407371026231,1.0017718958583495,0.0022631771525858007
0.08856435747748037,0.08856435747748037,0.9984049544374655,0.0021950384845878445
0.08865210160547576,0.08865210160547576,0.998432720028887,0.002799240086005623
0.08883774182577327,0.08883774182577327,0.9994839026951585,0.0022220315757549174
0.08897965122450842,0.08897965122450842,0.9983290408043768,0.0022124666152826896
0.08906202562848194,0.08906202562848194,0.9971488111125562,0.001589001959150677
0.08917922857071972,0.08917922857071972,0.999773120469108,0.0015682090215606106
0.08928581245327223,0.08928581245327223,0.9992934724225965,0.0015806214288177627
0.08944440654468053,0.08944440654468053,1.0007703082376331,0.0021494281258349476
0.08957070294454753,0.08957070294454753,1.002352356780364,0.001592277848408066
0.08968824377006968,0.08968824377006968,0.9995952577931544,0.002102853500256738
0.0898737420411635,0.0898737420411635,1.0001583086713357,0.0022805547321846234
0.08996834644913179,0.08996834644913179,1.0000197786259593,0.0019585848709177747
0.09005085783683171,0.09005085783683171,0.9980046879527105,0.001973389534582304
0.09020351737053715,0.09020351737053715,1.0012487173289326,0.001593366165904525
0.09031554678549583,0.09031554678549583,0.9994640368032226,0.0026764997174414827
0.09043922589826252,0.09043922589826252,0.999154841862292,0.0021848251083060695
0.09058600377811672,0.09058600377811672,0.9996247816360544,0.0015213914984476852
0.09073270074331959,0.09073270074331959,0.9994441143467281,0.0014567288104353055
0.09083343760321441,0.09083343760321441,0.9989028033095414,0.0019012071769553961
0.09103511453486135,0.09103511453486135,1.0002943254223489,0.0019486459689298289
0.0911932506820449,0.0911932506820449,0.9997426446022004,0.0023867441848141333
0.09129866413331911,0.09129866413331911,1.0011433114454662,0.0014613996577889266
0.09142039333673893,0.09142039333673893,0.9977757837307397,0.001999153995357282
0.09158756915330742,0.09158756915330742,0.9987418586364434,0.002304914249068888
0.0917194308627586,0.0917194308627586,1.001874366672597,0.0021929033837130773
0.09180481327766757,0.09180481327766757,1.0018231669027329,0.0026528636149537117
0.09191576144276041,0.09191576144276041,0.999622948604657,0.0021465645525421493
0.09207960383700993,0.09207960383700993,0.9985520684015029,0.0016546226642028521
0.09223154208302731,0.09223154208302731,1.0065117653806435,0.0015555009760770113
0.09234593600394873,0.09234593600394873,0.999812928507801,0.0018344023431901952
0.09248279531584558,0.09248279531584558,1.0007955203091012,0.002093115325426009
0.09265659841003071,0.09265659841003071,0.9981254269897594,0.0016679300749532651
0.09282678306299204,0.09282678306299204,1.0005714096075327,0.0017980635040099895
0.0930379093178999,0.0930379093178999,0.9996310291401336,0.0022777313891691156
0.09316454471554607,0.09316454471554607,1.0009587756673621,0.002505360766850054
0.09330702005736384,0.09330702005736384,1.0013006127275783,0.0015554674168366455
0.09345568558637751,0.09345568558637751,0.9998234429498076,0.002098241521232895
0.09356547618481273,0.09356547618481273,0.998374539669383,0.0021724087410369187
0.09368377359696752,0.09368377359696752,0.9985047308034811,0.0016096526604215023
0.09382355388352152,0.09382355388352152,0.9981051766979976,0.001609462815676467
0.09391917870907492,0.09391917870907492,0.9985307286843488,0.0015176236446817295
0.09412682523270632,0.09412682523270632,1.0020995597838804,0.002103957062112473
0.09424874038850248,0.09424874038850248,1.0005490158866932,0.0022553617739657725
0.0943637436539575,0.0943637436539575,1.0007477434251488,0.0016836295696812816
0.09452788635098841,0.09452788635098841,1.0008974679988814,0.0020034143150447397
0.09467981433863315,0.09467981433863315,1.001014656220891,0.0024766679679175787
0.0948333514146725,0.0948333514146725,0.9980444633219318,0.002663880138932302
0.09492490956854453,0.09492490956854453,1.0023011663545367,0.0022618334303734036
0.09507263946179592,0.09507263946179592,0.9992614070305696,0.0021863678303887498
0.0952403460509231,0.0952403460509231,1.0000701935983125,0.0016080590680790068
0.09535675733695825,0.09535675733695825,1.0020656810507096,0.0016240882284571465
0.09545086881971657,0.09545086881971657,0.999360428536394,0.0015855423125196119
0.09555990017015574,0.09555990017015574,1.0027261499047373,0.0020742424771364935
0.09564761905912747,0.09564761905912747,1.001525095682697,0.0020997435359086758
0.09573375050822505,0.09573375050822505,1.0012493850468638,0.0018754429933160025
0.09582895070070663,0.09582895070070663,0.9993979155901414,0.0015934019179229015
0.0959309321411638,0.0959309321411638,0.9987878203219737,0.0016922362904558705
0.0960707800280943,0.0960707800280943,0.9983472922279807,0.0018462001042818632
0.09621031574515655,0.09621031574515655,0.9995630847767497,0.0021055820227923244
0.09629603748380759,0.09629603748380759,0.9998820565009755,0.0021071052574936763
0.09653196905037476,0.09653196905037476,1.0002452388219267,0.0026310767860936116
0.09665523305575334,0.09665523305575334,0.9979794771904744,0.00268951214770872
0.09676994718793139,0.09676994718793139,1.0003550467939877,0.0013883934325126654
0.09685965473072429,0.09685965473072429,1.0007380258280514,0.0016600455616030245
0.09694466757355258,0.09694466757355258,0.9977600727833049,0.0016693965204169548
0.09702026634768117,0.09702026634768117,1.0018486855558406,0.0014647490904498748
0.09715211505281332,0.09715211505281332,1.000072874747372,0.001638960631846854
0.09726723960866365,0.09726723960866365,1.0001505749281252,0.001869460149771156
0.09739620752570773,0.09739620752570773,0.9996549633894318,0.00187452529850889
0.09753734654241271,0.09753734654241271,1.0012393903592423,0.0019632250291650687
0.0976388965114893,0.0976388965114893,0.9989796181873256,0.0023150941445499074
0.09773496395846451,0.09773496395846451,1.000200886290495,0.00206047559493432
0.09793664327644365,0.09793664327644365,0.9987942589598265,0.0026834989661453585
0.09806918455124106,0.09806918455124106,0.9989099288363615,0.0030759706510154767
0.09819372965448565,0.09819372965448565,1.0010095684261422,0.001540754510170791
0.09837571620300878,0.09837571620300878,1.000556098437477,0.0015652689396011572
0.09853323547686159,0.09853323547686159,0.9989202810903066,0.0016634390440376005
0.09862962963816244,0.09862962963816244,0.9981719675148201,0.0015345172228780112
0.09869436945955386,0.09869436945955386,1.0012463548383355,0.0020341316558647967
0.09881163935915538,0.09881163935915538,1.0013329481768338,0.0019826051272452396
0.09894012851273146,0.09894012851273146,0.9989911194399372,0.0015662348908270427
0.09908680847620417,0.09908680847620417,1.0026614557133278,0.002092775390052903
0.0992651517433842,0.0992651517433842,1.0007688771633994,0.002083073682386623
0.09939271339299012,0.09939271339299012,0.9998334818790262,0.0021518163915307045
0.0995748279407053,0.0995748279407053,1.001787330690806,0.0014986173847653995
0.09966387776039483,0.09966387776039483,0.9990294125247127,0.003020121068115354
0.0997454100244795,0.0997454100244795,1.0021433783162383,0.0022341540451619223
0.09981796026950178,0.09981796026950178,0.9997483455847265,0.0015594221319578465
0.09994269023118249,0.09994269023118249,1.0012281237771892,0.0015554700310256263
0.1000375739959054,0.1000375739959054,1.000221765549332,0.0016448087333553931
0.10023088541220204,0.10023088541220204,1.001780033238392,0.0014975731353288038
0.10038504246622323,0.10038504246622323,1.000133542592493,0.0021112161880999414
0.10057486393616273,0.10057486393616273,1.0009113527499927,0.002050364456815207
0.10069157551806711,0.10069157551806711,0.9997680903287648,0.0022741919318194515
0.10082127035639132,0.10082127035639132,0.9961604336558996,0.0016554844203947327
0.10097157858217543,0.10097157858217543,1.002565621439875,0.0022137863611505727
0.10109676769407087,0.10109676769407087,1.001273326529451,0.0030920393901666494
0.10124167923404456,0.10124167923404456,1.0000415978007746,0.002633306542337156
0.10130437827210699,0.10130437827210699,0.9983613439634567,0.0016154915153380647
0.10141370880610338,0.10141370880610338,1.0011030296091286,0.0029294523860561588
0.10154703919215535,0.10154703919215535,0.9991507200654238,0.0015780150590142441
0.10168440508405183,0.10168440508405183,1.0010152766700018,0.0016259031295022077
0.10175366492239846,0.10175366492239846,1.0008822757148912,0.0017279967436827956
0.10185036234888685,0.10185036234888685,0.9998955215873707,0.002628730450391074
0.1020038018383275,0.1020038018383275,1.0013561634656003,0.0015402676481154228
0.10208211639637739,0.10208211639637739,1.0005141242478475,0.001692109515165355
0.10217010234973714,0.10217010234973714,1.0003042121559917,0.0015333217643376759
0.10232345072799945,0.10232345072799945,0.9988476639485508,0.0018812558782411114
0.10244307463890437,0.10244307463890437,0.9987682547858661,0.0016263514393133327
0.10253570866716473,0.10253570866716473,1.0005025228396551,0.002651442126024326
0.10267459421447711,0.10267459421447711,0.9992002087259362,0.0021813230418739745
0.10276244964315992,0.10276244964315992,0.9989950523773844,0.002641791242149427
0.1028740392814143,0.1028740392814143,1.0000740722402024,0.0022350947086889885
0.10301859988594515,0.10301859988594515,1.0018890882048859,0.0026441656964000288
0.10308288226624426,0.10308288226624426,0.9990435106821358,0.001648369524222295
0.10320355916319386,0.10320355916319386,0.99818338466625,0.0018264260092669567
0.10336094665199198,0.10336094665199198,0.9995072392453326,0.001509615007524279
0.10343418204975023,0.10343418204975023,1.0007196075578575,0.0016797396611174537
0.10359762220141419,0.10359762220141419,0.9991510040246399,0.0022194005739994446
0.10371110610612959,0.10371110610612959,1.0018271759588928,0.0020389742124236497
0.10375796693733719,0.10375796693733719,1.0007989136637832,0.0014432350161346222
0.1039282114841626,0.1039282114841626,1.0004191398933238,0.0019551057991965197
0.10405066563926084,0.10405066563926084,0.99900287892944,0.0022031073070876883
0.10418671292081853,0.10418671292081853,1.0003040625276054,0.0030902166230835104
0.10430774991145882,0.10430774991145882,0.9991088897001179,0.0026984745850951427
0.10442937725438242,0.10442937725438242,0.9974094395761112,0.0015746253299005978
0.10456040202716395,0.10456040202716395,1.003273326439297,0.002597856345131908
0.10472129061217857,0.10472129061217857,0.9989794679006743,0.0016060017714953577
0.10485304053599975,0.10485304053599975,1.0012897239230818,0.0021237001545216785
0.10498919827332429,0.10498919827332429,0.9986768800644381,0.0018950562615848026
0.1050902145636428,0.1050902145636428,1.0007279486886465,0.0015546233552599592
0.10515927239266602,0.10515927239266602,1.0008289605807577,0.0015473046577385964
0.10524633949189592,0.10524633949189592,0.998741464393642,0.0016351855268283463
0.10535689397638634,0.10535689397638634,0.9988828827452576,0.0019606117955793807
0.10546359418021893,0.10546359418021893,0.9991413179407165,0.0020203218507451074
0.10558370711314638,0.10558370711314638,0.9982655215783401,0.0027432898207431543
0.10567726365716226,0.10567726365716226,0.998737579778773,0.002635930442005592
0.10586675260165065,0.10586675260165065,0.9979635206828281,0.002665256945321164
0.10604769733690773,0.10604769733690773,0.9996916112088113,0.0016494797118885407
0.1061836537613999,0.1061836537613999,0.997214337012584,0.0016379943214192782
0.10637545438148663,0.10637545438148663,0.9997327634389575,0.0017494554176493572
0.10649476958551532,0.10649476958551532,0.9999304932360669,0.001640230812181486
0.10657684902362234,0.10657684902362234,0.9994101534383409,0.0016243100248828374
0.10667390308281029,0.10667390308281029,1.0006906851987818,0.002568280728605215
0.10678563285364362,0.10678563285364362,0.9983369561451154,0.0020287942575427137
0.10691181678866997,0.10691181678866997,0.9984560619474637,0.001956275424028777
0.10703211598338384,0.10703211598338384,1.0003652593753807,0.0020373215001726354
0.10713118543353631,0.10713118543353631,0.9981485552654933,0.0022080163122241755
0.10724414109499776,0.10724414109499776,0.997506235899635,0.0030756788810585435
0.10737450144697505,0.10737450144697505,0.996203705113273,0.0026850329195159664
0.10751567608058395,0.10751567608058395,1.0030483322935067,0.0015192734647769656
0.10762585799693625,0.10762585799693625,0.999454519346075,0.0014952278366490777
0.10776435079551447,0.10776435079551447,0.9980563520235775,0.001735178435113146
0.10795138688226871,0.10795138688226871,1.0009696313435659,0.002052004838942814
0.10813211021923053,0.10813211021923053,1.0005091642416022,0.0022707945130864627
0.10824093337596423,0.10824093337596423,0.9990112066443672,0.002039428291299783
0.10832047292788047,0.10832047292788047,0.9990540897734151,0.0016684244099672938
0.10842409748202045,0.10842409748202045,0.9980475507743625,0.001666667158668586
0.10850916060353484,0.10850916060353484,1.0016556737326343,0.00224825982446722
0.10862735901264386,0.10862735901264386,0.9997001788480308,0.002141164186215638
0.10874234127004456,0.10874234127004456,1.000733482459233,0.003595270713172889
0.1088814911990994,0.1088814911990994,1.0012122616997872,0.002175439956524112
0.10908618612447754,0.10908618612447754,0.9985404292926727,0.0022417808424249853
0.10926593599524495,0.10926593599524495,0.9984252393450191,0.0016507988561547463
0.10935456314309704,0.10935456314309704,1.0009656672628438,0.0017849358017152355
0.10946084868337494,0.10946084868337494,0.9997368357768686,0.0014849095314358638
0.10956868352113816,0.10956868352113816,1.0000727696229303,0.001693265234242063
0.10966344661774201,0.10966344661774201,1.0002365287840966,0.0021097650984038922
0.10981046197939577,0.10981046197939577,0.9993912357759347,0.0024102598798401986
0.10996765859435982,0.10996765859435982,0.9982745115017148,0.0022532958437155633
0.11006671420000202,0.11006671420000202,1.0018801700206865,0.0019526423827833268
0.11013574597618572,0.11013574597618572,0.9975801114355386,0.0019071100341142397
0.11027350489875971,0.11027350489875971,1.0017317094751044,0.0022549041958342207
0.11046877246280928,0.11046877246280928,1.0001112646657275,0.0022247793817673166
0.11054305409052176,0.11054305409052176,1.0007672047987586,0.002626857324373045
0.11062654271463543,0.11062654271463543,0.9995328568744201,0.0014167369030743668
0.11077368094174744,0.11077368094174744,0.99770141310346,0.001453199213208529
0.11089322803600225,0.11089322803600225,0.9986411072313093,0.0015149415879656756
0.11113023148009234,0.11113023148009234,1.0007175895416611,0.0023309998266716468
0.11128395218911465,0.11128395218911465,0.9977738386136534,0.0020431637818436443
0.1113663326985261,0.1113663326985261,0.9994765133199929,0.0020947956740981406
0.11145588409945048,0.11145588409945048,0.997554369564509,0.0015702727431329167
0.11155911210735212,0.11155911210735212,0.9995295425529281,0.0022919008279321733
0.11167700411697297,0.11167700411697297,0.9989158607974516,0.001488130837899109
0.11180029750612448,0.11180029750612448,1.0009481004839076,0.0028197478700186475
0.11192828182629455,0.11192828182629455,0.9997729454815885,0.002172301323276
0.1120776553538235,0.1120776553538235,0.9983829026935295,0.002694712341545744
0.11220214682707592,0.11220214682707592,1.0016536784680705,0.0015496169499803248
0.11232927609489707,0.11232927609489707,1.0011499678005975,0.0015483040121520237
0.1124765830278193,0.1124765830278193,0.9994420305179877,0.002009842258663617
0.11266344701834896,0.11266344701834896,1.0021081146194644,0.0017878806704453507
0.11276904598762486,0.11276904598762486,0.9984750413947395,0.0016677939860189693
0.11294456466621342,0.11294456466621342,0.9977810899910475,0.002368425402288107
0.11309331445463613,0.11309331445463613,0.9990426655267861,0.0018997165513663697
0.11318839704726998,0.11318839704726998,1.0006155174300373,0.002372289117279397
0.11328514923970942,0.11328514923970942,0.9998498012533028,0.0015791399306097937
0.11343124592094682,0.11343124592094682,0.9996747553364402,0.0022286751464843176
0.11355902965915447,0.11355902965915447,0.9989660988016478,0.002662313348308895
0.11364223533400945,0.11364223533400945,1.000721716741087,0.0015090955220431355
0.11379629036728148,0.11379629036728148,1.0004863803431612,0.0015946508259670564
0.11393293917226402,0.11393293917226402,0.9990911704474706,0.0014066282191208686
0.11410555397415009,0.11410555397415009,0.9996239398269712,0.0020746674988210137
0.11434259094949084,0.11434259094949084,0.9998063614159344,0.002379572083838416
0.11446085178267822,0.11446085178267822,0.9998624671822451,0.0014022713299994033
0.1145804181256608,0.1145804181256608,0.9995107305766284,0.0019877867854080555
0.11472485948797839,0.11472485948797839,0.9995387160791298,0.0023156726381488497
0.11489583604961809,0.11489583604961809,0.9999416488328869,0.0022173988161259825
0.1149707041124202,0.1149707041124202,1.001616324516387,0.00263524276702728
0.11503793026549829,0.11503793026549829,1.0027143207885802,0.0018723466790789372
0.115162410067569,0.115162410067569,0.9977921149948102,0.0021673221151709355
0.11530076866038144,0.11530076866038144,1.000307634886695,0.001662847887102825
0.11544369221282977,0.11544369221282977,1.0049772650474593,0.0015193694832015886
0.11556231658869365,0.11556231658869365,1.0004134252466697,0.0021929153011597704
0.11570167471600143,0.11570167471600143,1.0008110656901947,0.0018194222133407
0.1158685187157971,0.1158685187157971,0.9986490127591402,0.0016670002439529027
0.11602614869261743,0.11602614869261743,0.9987625719884683,0.0017377602564397632
0.11618150674639764,0.11618150674639764,0.9996841792973331,0.001985728396005444
0.11630866031810001,0.11630866031810001,1.000722966061028,0.0023670550555569864
0.11645470539224334,0.11645470539224334,0.9989527248915315,0.0014874448221634802
0.11660890633083909,0.11660890633083909,0.9982394462965166,0.002123621569077533
0.11672758652257471,0.11672758652257471,0.9980239011780077,0.0021760744421602117
0.11681398298878776,0.11681398298878776,1.000671854952059,0.001540198025438616
0.11695678168398445,0.11695678168398445,1.0008508582284188,0.0016861216026593773
0.11706002798255213,0.11706002798255213,0.9995200071236802,0.0014388228813544874
0.1172147175482678,0.1172147175482678,1.001035363926714,0.0016658986488577259
0.11738668444813811,0.11738668444813811,0.9990798818545968,0.002645124541727876
0.11750050938080676,0.11750050938080676,0.9987013856194954,0.0016800003344059713
0.11763483156137226,0.11763483156137226,1.0006300331305091,0.0019270065144555214
0.11779426718949253,0.11779426718949253,1.0008767745445735,0.00201122373848274
0.11797686943828012,0.11797686943828012,1.0008348554997624,0.002660101169153116
0.11808037674854859,0.11808037674854859,0.9999165845784772,0.0027201919618803005
0.11822241454465257,0.11822241454465257,0.998975422855505,0.002217051034843616
0.11838333519426669,0.11838333519426669,0.9998840083741557,0.0016386334620603314
0.11850069083593553,0.11850069083593553,0.9995857680630527,0.0015779698811549596
0.11859020906704246,0.11859020906704246,1.0003222316515876,0.0015761873630277905
0.11872744150550715,0.11872744150550715,0.9991101475234299,0.0020714620860609358
0.11881396354656318,0.11881396354656318,0.9991036692377071,0.0018084511303563036
0.11893478228121239,0.11893478228121239,1.0007517909633463,0.0022624963886987265
0.11901228961087326,0.11901228961087326,1.0013175667670766,0.001593854960783832
0.11914433821020794,0.11914433821020794,0.9983108914308392,0.0017031120106682338
0.11927396378177946,0.11927396378177946,0.999094035366776,0.001863909798633209
0.11939867779728956,0.11939867779728956,0.9992424521155296,0.00210524762653177
0.1195076415051517,0.1195076415051517,0.9998071539746582,0.0021600968031824904
0.11973580677640712,0.11973580677640712,0.9997448516058585,0.0027047546440994177
0.1198389835361013,0.1198389835361013,0.9978169190343026,0.0026929793621747666
0.11995320124842693,0.11995320124842693,1.0010061443758276,0.0013880482374680227
0.1200623271161021,0.1200623271161021,1.0003197434541815,0.0022476632730980385
0.12012820624713641,0.12012820624713641,0.9981735428622971,0.0016695167206389934
0.12020356929933769,0.12020356929933769,0.9978080220916101,0.0014640433471437217
0.1203355772922805,0.1203355772922805,0.9991402290969121,0.0016373271891677883
0.12045058973053528,0.12045058973053528,0.999865587267508,0.0018742025309521498
0.12057955850686994,0.12057955850686994,1.0011277582164069,0.00186607929298768
0.12072078482906363,0.12072078482906363,1.0009351995350317,0.001960966823649175
0.12082244188713957,0.12082244188713957,1.0021079577183143,0.00231896874365324
0.12091431851877132,0.12091431851877132,0.9996781113259467,0.002051832025838405
0.12107747836889757,0.12107747836889757,0.9978314014556805,0.0022005579122295524
0.12118438644083654,0.12118438644083654,0.9988436107264145,0.0026950422240887366
0.1213435456438674,0.1213435456438674,0.9990896206383925,0.002634644417531487
0.12147127153857581,0.12147127153857581,1.0007821893795776,0.001523625863121848
0.12166419250097533,0.12166419250097533,1.0009482222331052,0.0016043621735316541
0.12176938771790446,0.12176938771790446,1.000591817012835,0.00165724064105622
0.1218370830090862,0.1218370830090862,0.9988633701791609,0.0015261004576691446
0.12192254942001454,0.12192254942001454,1.0017584142617333,0.002384324792399623
0.12208502132216381,0.12208502132216381,1.0005961237946752,0.001574776439483116
0.12219855062921851,0.12219855062921851,1.0016194437014954,0.0017373982458913258
0.12239405481086578,0.12239405481086578,1.0003195358615695,0.001985260718948692
0.12253402002897928,0.12253402002897928,0.9991484593084273,0.002009006769107709
0.12263856468616723,0.12263856468616723,1.000573155552944,0.0021460113704728414
0.1227931056981106,0.1227931056981106,1.0015576905567258,0.0014492111788844382
0.12286512225491605,0.12286512225491605,0.9987386449380258,0.003397364870737024
0.12294722907190589,0.12294722907190589,1.0013653939685414,0.0016047760250195793
0.12304786821423477,0.12304786821423477,1.0000962247663694,0.001479355743109466
0.12316923309172126,0.12316923309172126,1.0006029814693762,0.0016744217110755098
0.12328134172494173,0.12328134172494173,1.0014548188911658,0.0015662976683331665
0.12344665067721508,0.12344665067721508,0.9990781362073534,0.001639364550993493
0.12357870619089226,0.12357870619089226,0.9991539403433783,0.0023953789969985897
0.12378466553673206,0.12378466553673206,0.9961940945606547,0.0016261124023767286
0.1239373770857128,0.1239373770857128,1.0004360002442785,0.002372198685374047
0.12406600225749571,0.12406600225749571,0.9989948329184168,0.002172622179254784
0.12423734925996541,0.12423734925996541,1.0000699514996352,0.002705041305586342
0.12437708875513635,0.12437708875513635,0.9984346157532158,0.003069742802301312
0.12445739720824349,0.12445739720824349,1.0012678681261444,0.0015988778595946653
0.12454057650847972,0.12454057650847972,0.9999180128840983,0.0016256893853692663
0.12468849034976301,0.12468849034976301,1.000895646406931,0.002882500803695615
0.12480234388967801,0.12480234388967801,1.000254406120106,0.001582218342614882
0.12489241398779996,0.12489241398779996,0.9973493325747128,0.0017014278591947058
0.12497665872924699,0.12497665872924699,0.9995284723953686,0.0023868691965438925
0.12512947308023287,0.12512947308023287,0.9997693215311015,0.002005540993478528
0.12523120310888772,0.12523120310888772,0.9995165032259324,0.0016844973828220213
0.12531382934630528,0.12531382934630528,0.9995727380343491,0.001607019658636254
0.125493958345578,0.125493958345578,0.9997146104457146,0.0018685968972399765
0.12562652860215168,0.12562652860215168,1.0004328071503223,0.0016266234097498861
0.12571917833720364,0.12571917833720364,0.9992068100917946,0.0026468981794926724
0.12585801394143345,0.12585801394143345,1.0005064903891454,0.002179395811311168
0.12593279978482314,0.12593279978482314,1.0000207061089608,0.002164409709719034
0.1260360261085225,0.1260360261085225,0.9996207602047298,0.0026909227288264225
0.12617369804083864,0.12617369804083864,0.9996014851803674,0.002677549732565271
0.12626229509405676,0.12626229509405676,0.9985486525843956,0.0015493040594367238
0.12638106067424815,0.12638106067424815,1.0001894737987371,0.0017442459471066075
0.12652854748212122,0.12652854748212122,0.999084993346341,0.0015846282241589204
0.1265772480992382,0.1265772480992382,1.0009445222063587,0.0015660137648845283
0.1266866212748937,0.1266866212748937,0.9981320134550937,0.0019623737700373354
0.1268529235090682,0.1268529235090682,0.9983897135918799,0.0020245295985033343
0.12691733152205414,0.12691733152205414,1.0016534962082695,0.0019015875448113492
0.1270492961326454,0.1270492961326454,0.9974237860504396,0.0019250582443345377
0.1271605497946439,0.1271605497946439,0.998866698115189,0.0016783964296064086
0.1272981310799878,0.1272981310799878,1.0011280131740172,0.002673790023848532
0.12741292647078808,0.12741292647078808,0.9997439798571982,0.002707563396532776
0.12753775854307606,0.12753775854307606,1.0027983253000148,0.002657455951781844
0.12765247283168718,0.12765247283168718,0.9991791954746765,0.001556706495030997
0.1277672969892592,0.1277672969892592,1.0019245261860434,0.002615194592312354
0.1279468674410964,0.1279468674410964,0.9984079083352742,0.001680821688055446
0.12805082099130233,0.12805082099130233,1.001091212743128,0.0020373935531962893
0.1282175876413021,0.1282175876413021,1.0007913689177956,0.0019286966324689476
0.12830050464435772,0.12830050464435772,0.9991769400487058,0.001540592079939118
0.12837089383465355,0.12837089383465355,0.9994758929381952,0.0016303998103622923
0.1284736572742986,0.1284736572742986,1.0014998633785759,0.0016101521811853654
0.1285800773814117,0.1285800773814117,0.997187179180411,0.0018984631815705418
0.1286886005216729,0.1286886005216729,1.0015173226513912,0.001530185990026209
0.12880460507203678,0.12880460507203678,1.0012273871276858,0.0031094747307757863
0.1289244576382771,0.1289244576382771,0.9991199593214837,0.0021704302243609735
0.12909992235399842,0.12909992235399842,1.001574111769765,0.0026681872381117107
0.12923371738943387,0.12923371738943387,0.9988819322171951,0.0016569881879382735
0.12936731668178253,0.12936731668178253,1.000355177624117,0.0016391647410673928
0.1295589254981678,0.1295589254981678,1.0010797188218246,0.0017494918265142313
0.12967815476367833,0.12967815476367833,1.0005056913368833,0.0016449572504944894
0.12976024139752554,0.12976024139752554,1.0019102743119253,0.0016261106998251517
0.12985744109064398,0.12985744109064398,0.9997680380499345,0.0025619422113400256
0.1299916798612685,0.1299916798612685,1.0016426997317691,0.00199560079347323
0.13010299084817234,0.13010299084817234,0.9997832193507078,0.001953690786036401
0.13021559768585575,0.13021559768585575,0.9990543827831772,0.0020372129825074856
0.1303146064257817,0.1303146064257817,0.9999760743009617,0.002211658382013489
0.13042772637945746,0.13042772637945746,1.0008033038771318,0.00307916963453397
0.1305580453694347,0.1305580453694347,1.0029427871882994,0.0026870732803619284
0.13069900143946142,0.13069900143946142,0.9976550555544442,0.0015189571641207942
0.13080942017786584,0.13080942017786584,0.9992325569625388,0.001497201114420347
0.13094774843157211,0.13094774843157211,0.999537109705464,0.0017452748764881104
0.13113496275436773,0.13113496275436773,0.9991550629683157,0.00205806937103099
0.13131914079076523,0.13131914079076523,0.998481701061715,0.002346188907005801
0.13144039738162974,0.13144039738162974,0.9997783650359423,0.0020462407722119233
0.1315208468660785,0.1315208468660785,0.9987262343248047,0.001700357112272936
0.13160997205832245,0.13160997205832245,1.0000735546277868,0.001521258768716104
0.13169266069562582,0.13169266069562582,0.9965178130022501,0.0022486874223504516
0.13181079231271725,0.13181079231271725,0.9999124205666241,0.0021424363210800217
0.13192597632532851,0.13192597632532851,1.000188460683645,0.003592287375465302
0.13206506268888915,0.13206506268888915,0.9999187895521944,0.00217366132226135
0.13226999223479652,0.13226999223479652,0.9989418570032079,0.002242076770088002
0.13244948246338026,0.13244948246338026,0.9998639030258722,0.0016493587407456264
0.13256929107465112,0.13256929107465112,0.9957759595888133,0.0017181164197311762
0.1327045300813552,0.1327045300813552,1.0004075476229124,0.0017664778624895971
0.13281481439862547,0.13281481439862547,0.9998840444642958,0.0020700852312453976
0.13291326828384625,0.13291326828384625,1.0006188955194273,0.002384525508186941
0.13310861020872836,0.13310861020872836,0.9984455192590153,0.00234298673393181
0.13322254596132552,0.13322254596132552,1.0008812437765295,0.0015066915545554455
0.13329917216178727,0.13329917216178727,1.00077699732357,0.002292988603333738
0.13343642662639468,0.13343642662639468,0.9993361398525054,0.002231558907887115
0.13365924625777553,0.13365924625777553,0.9988179750157935,0.0022048055101726695
0.1337459799973658,0.1337459799973658,0.9997261380530631,0.002634506756519842
0.1338261533966943,0.1338261533966943,1.000327415186549,0.0015073745860256665
0.1339841960783815,0.1339841960783815,1.0003588067864027,0.001429683280674152
0.13410618489942863,0.13410618489942863,1.0016608605937953,0.0014851136882263268
0.13431457443057299,0.13431457443057299,1.0013121768294606,0.0023277798234028328
0.1344914731109384,0.1344914731109384,0.9975085864159844,0.0024860897355191386
0.13456398880625783,0.13456398880625783,1.0004801730242794,0.0015366088321289765
0.1346612892821213,0.1346612892821213,1.0000275015979256,0.0016198262105010038
0.1347711048076235,0.1347711048076235,1.000508578826917,0.0022673007299012803
0.13493132524927204,0.13493132524927204,1.000165953226535,0.002201448222687099
0.13501944065064891,0.13501944065064891,0.9998279005671298,0.0027978983157532092
0.13519021880692889,0.13519021880692889,1.0002252941683705,0.0026045708122828318
0.1353222966679823,0.1353222966679823,0.9992971556421939,0.0022651344318242238
0.13545264753502123,0.13545264753502123,1.00119763853303,0.0015286983118960545
0.1355983819685207,0.1355983819685207,1.0016457570109192,0.0016618305416795406
0.13576813913496152,0.13576813913496152,1.0011998304571545,0.0021634255707333413
0.13592462209362566,0.13592462209362566,0.9998256217707621,0.0014514093978424598
0.13602540649808362,0.13602540649808362,0.9994303793774065,0.0020768099501867186
0.13621596623161167,0.13621596623161167,0.9983311589815024,0.0023489816046105296
0.1362910732081218,0.1362910732081218,1.0007012480026645,0.0014056657041830152
0.13637209442404127,0.13637209442404127,0.9983774228409755,0.0023687426811053727
0.13646852736092113,0.13646852736092113,0.9994570892576539,0.0015793209617093607
0.1366147198848921,0.1366147198848921,0.9995551523881643,0.0022261572075884897
0.13674247928520344,0.13674247928520344,0.9992689544697576,0.0026576955549937383
0.1368359450760181,0.1368359450760181,1.0031595822137793,0.0014509338071244974
0.13698940556205344,0.13698940556205344,0.9999651980636031,0.0015940407199970836
0.13711622201371937,0.13711622201371937,0.9984205752404435,0.0014065710292807195
0.13724832645657442,0.13724832645657442,0.9986853386218619,0.0017542562888743277
0.13743592978153174,0.13743592978153174,0.9987893809270831,0.0025610975353990185
0.13759050602475326,0.13759050602475326,1.0010549370878083,0.0015896792834813249
0.13768699949923757,0.13768699949923757,0.9996583553442399,0.001481049579969215
0.13781432624218723,0.13781432624218723,1.000862612679342,0.00235307110803567
0.13799733805590222,0.13799733805590222,0.9989328086256684,0.0019732431101910763
0.1380906176274948,0.1380906176274948,1.0002087517824396,0.0021697638414311807
0.13817805975486408,0.13817805975486408,0.9999841873392554,0.0026453347788839817
0.138275921220702,0.138275921220702,0.9993728870602261,0.002154461888801743
0.13841318448630774,0.13841318448630774,1.0019607130590604,0.0016065691842830291
0.13856791153739323,0.13856791153739323,0.9995902066119509,0.001611907821863023
0.1386833223326903,0.1386833223326903,0.9995483916556415,0.0015790036568130033
0.13880709763125196,0.13880709763125196,0.9989434326183201,0.0022034469843911077
0.13895036573230754,0.13895036573230754,1.0006310740480189,0.0017118798635218993
0.13909176584493252,0.13909176584493252,1.0006386237673917,0.001723071955919072
0.1392827848334491,0.1392827848334491,0.999924619060604,0.002026329900214996
0.13943678843497764,0.13943678843497764,1.0010391699503223,0.002347268772681066
0.13956510027746843,0.13956510027746843,0.999560010865556,0.0015633009208720363
0.13976197224146744,0.13976197224146744,0.9978236003761947,0.0021702053387232046
0.1398908346543976,0.1398908346543976,1.001850638689221,0.0021186338202643542
0.1400393970465302,0.1400393970465302,1.0005892543934138,0.0016227518341781666
0.14014037094748347,0.14014037094748347,1.0010690589619604,0.0016855512504279058
0.14024341846416064,0.14024341846416064,0.9994687101414073,0.0014394569794870034
0.14035750731654845,0.14035750731654845,0.9981277391132576,0.0016361543633881485
0.14054513211794983,0.14054513211794983,1.0008164909643256,0.0023613013474191153
0.14066109410232458,0.14066109410232458,0.9989706627359591,0.0020812283228225587
0.14078943254389742,0.14078943254389742,1.0012868444537157,0.0018816960157238727
0.14094581771751108,0.14094581771751108,1.001130706080977,0.0020611336551237666
0.1411285622849391,0.1411285622849391,1.0012325053730844,0.0026546726983723286
0.14123756618046174,0.14123756618046174,1.0002137499359776,0.002655358295561509
0.14135621659370373,0.14135621659370373,1.0017919307894574,0.0022858952120522634
0.14148683721414274,0.14148683721414274,1.0000850458647275,0.0019681551263970197
0.14160826308743707,0.14160826308743707,1.0012654287527594,0.0015323732700667277
0.14175503768001363,0.14175503768001363,0.9987995947131815,0.0016034605741421398
0.1418806745305119,0.1418806745305119,1.0013864614976493,0.0016918001997753992
0.14197813794326067,0.14197813794326067,1.0007075112699706,0.0021030719066726664
0.14209616284351795,0.14209616284351795,1.0001192421539375,0.002320093591898808
0.14219562846956252,0.14219562846956252,0.9999817312693893,0.0015942967820065418
0.1423278789668984,0.1423278789668984,0.9986849144478468,0.0017024365680932314
0.1424572850812183,0.1424572850812183,0.9995432979326468,0.0018663690392146798
0.1425997010383071,0.1425997010383071,1.0003639666352302,0.002126230291333999
0.1427399441410671,0.1427399441410671,1.0009811582288382,0.0021438032844851517
0.14295388538594125,0.14295388538594125,0.9993366150618155,0.0033933765913860955
0.1430697433392197,0.1430697433392197,0.9982155957550372,0.0016096607007233875
0.14318273062563094,0.14318273062563094,1.0001810457471887,0.0014813213952972282
0.14328196336282417,0.14328196336282417,0.9999034491698655,0.0016526337966664404
0.14335654217265983,0.14335654217265983,1.0015146785769502,0.0014675867634290204
0.14346232479711035,0.14346232479711035,0.9997307116733788,0.0015261329019111887
0.14358443420915137,0.14358443420915137,0.9995559742832818,0.0016132372151626544
0.14368484911683482,0.14368484911683482,1.0001332713076594,0.002230662376622668
0.14380633135278914,0.14380633135278914,0.9973163136595626,0.001840431896700749
0.14391910533322516,0.14391910533322516,0.999667424444976,0.0019019488870462506
0.14401893903141172,0.14401893903141172,0.9995209408505525,0.0023598047416417724
0.14410194486954425,0.14410194486954425,1.0011799323740638,0.0020601362270020102
0.1442766881602438,0.1442766881602438,0.9994274786984366,0.003079536874348909
0.1443820878261249,0.1443820878261249,1.001358661049921,0.0022220392503829412
0.14451816779946966,0.14451816779946966,1.0016858526333663,0.0026320399460162723
0.14462011320811144,0.14462011320811144,0.9997187462043844,0.0015319682833748764
0.14482357606721052,0.14482357606721052,0.9999457955489385,0.0015964318426903504
0.14495285859338763,0.14495285859338763,1.0003781847781026,0.0016574870832069967
0.14503397718435734,0.14503397718435734,1.0009987323915162,0.001981091771567834
0.1451383942256143,0.1451383942256143,1.0015437247829122,0.002045074093770687
0.1452970613618163,0.1452970613618163,0.9996238133577778,0.0016156905918599303
0.1454540983942934,0.1454540983942934,1.0008285676863975,0.0020927855958987546
0.1456320863277142,0.1456320863277142,0.9993895900439174,0.0020799074218906333
0.14575965729854942,0.14575965729854942,1.002164478081071,0.0021602887640024466
0.1459416179555774,0.1459416179555774,0.9998941749809545,0.0014992881063140276
0.14604883096635604,0.14604883096635604,0.9996293444532922,0.003402726037768161
0.14614131970884045,0.14614131970884045,1.0008281501511618,0.0016581043190747457
0.1462312182862661,0.1462312182862661,1.000563789566042,0.001478808787498742
0.1463593515985849,0.1463593515985849,1.0007971969090677,0.0016830460799137834
0.1465091831616519,0.1465091831616519,1.001959793269678,0.0015362075316985697
0.14666793203214185,0.14666793203214185,0.99896779989444,0.0016087566390402582
0.14681911696970928,0.14681911696970928,1.0025533276306113,0.0024236405948810523
0.1469778042051985,0.1469778042051985,1.001386738252204,0.0019508487730496228
0.1471600270306226,0.1471600270306226,1.0024773599934043,0.00206682838497755
0.14728699316547136,0.14728699316547136,1.0002010971614694,0.002173299715157213
0.14742666155598272,0.14742666155598272,0.9986574746776675,0.0026794828740934586
0.14756109013451352,0.14756109013451352,0.9989320940627074,0.0030655095164665936
0.14765600819046085,0.14765600819046085,0.9986639690825415,0.0016521854000836323
0.14774886400828108,0.14774886400828108,0.9997025901494713,0.0016073846745285124
0.14787184538054135,0.14787184538054135,1.0021749684178682,0.0028739816410668227
0.14798595419251798,0.14798595419251798,0.9985157050791864,0.001582096082594343
0.14807593059140345,0.14807593059140345,1.0026221429838897,0.0017048262398503319
0.14816029831545166,0.14816029831545166,1.0000953390240448,0.0023890540928515687
0.1483129931755684,0.1483129931755684,0.9979450045171522,0.0020037441087461627
0.1484146476121168,0.1484146476121168,1.000581800846874,0.0016860999285751178
0.14849723116731184,0.14849723116731184,1.0017286243475818,0.0016061832531976082
0.14867733099672478,0.14867733099672478,1.0012423949204592,0.0018669034378836005
0.14880998265471135,0.14880998265471135,1.0001976979543845,0.0016265354857902966
0.14889149244099825,0.14889149244099825,1.0006721613224419,0.002143678387626943
0.14900989350408053,0.14900989350408053,0.9981735258949586,0.0021804362476191587
0.1491150415429729,0.1491150415429729,1.0001474954118978,0.0026458633710445397
0.14921978563561425,0.14921978563561425,0.9989393177049208,0.0026955024327139183
0.14935723623693775,0.14935723623693775,1.0020694346158552,0.002667679230935043
0.14944055205942278,0.14944055205942278,0.9991920358360143,0.0015450818913900044
0.14953265196636495,0.14953265196636495,1.0006617447273665,0.0017970412693920582
0.14971192041957693,0.14971192041957693,1.0008527270138883,0.001583942616860849
0.14976056952909858,0.14976056952909858,0.9991213972106442,0.0015660764161408616
0.1498700775040561,0.1498700775040561,1.0008565566917758,0.001963512497340132
0.1500241136092882,0.1500241136092882,1.0005946713707055,0.002019735422099046
0.1500952722182774,0.1500952722182774,1.0007323669223616,0.0019287729989319242
0.15019346142726137,0.15019346142726137,1.000548719663401,0.0019253242745232344
0.15032290320523317,0.15032290320523317,0.9988407787959795,0.0015596652695942282
0.15045813235446986,0.15045813235446986,0.9989633118189671,0.002696901235803275
0.15059643003442033,0.15059643003442033,0.9982328987872122,0.0027061326165926888
0.15072136886064982,0.15072136886064982,1.0006809672764472,0.0026604346898909917
0.1508359951147213,0.1508359951147213,0.9995698800014381,0.0015565559425146816
0.15095073462252911,0.15095073462252911,1.0047722498565652,0.0026383368408287172
0.15108846635412193,0.15108846635412193,0.9983713382365786,0.0016336858001667145
0.1512203164775201,0.1512203164775201,1.0004711888885176,0.0021257047375619646
0.15136411785260862,0.15136411785260862,1.0013153497531735,0.0019285982084694176
0.151470384104141,0.151470384104141,1.000511952005029,0.0015619208141755708
0.15153721244569168,0.15153721244569168,1.001042358490285,0.001419029108007688
0.15161316992835056,0.15161316992835056,0.9994303555272417,0.0017079133605349497
0.1517237658641534,0.1517237658641534,1.000261506304378,0.00196026557226237
0.1518347518353039,0.1518347518353039,1.0005966833494262,0.0014661896451363004
0.15195099633347126,0.15195099633347126,0.9992310151464526,0.002746013972313356
0.1520444654073799,0.1520444654073799,0.998732450675617,0.002641169595552858
0.15220693968185514,0.15220693968185514,0.9998968487718487,0.0026502515010433632
0.1523664362837735,0.1523664362837735,1.0005620572360716,0.0016053995997924054
0.15249788775599882,0.15249788775599882,1.0009876804101903,0.0016415647113460087
0.1526549338406767,0.1526549338406767,1.0000856886086218,0.0017431006231702535
0.15283528237650898,0.15283528237650898,1.0014555795967524,0.0016636466357900811
0.1529009565616434,0.1529009565616434,1.0018012041581725,0.001566361544421314
0.1529898792392487,0.1529898792392487,1.0004433555817165,0.0023875632041801143
0.15308957448141883,0.15308957448141883,0.9987494404831943,0.0019737125033098464
0.15320898405843764,0.15320898405843764,1.0001012037677461,0.0022595339500597325
0.15334361975346839,0.15334361975346839,0.9969315367226874,0.0019959482429461493
0.15342426458064437,0.15342426458064437,1.0000957030722373,0.0016277911048753365
0.15356084988161456,0.15356084988161456,1.0019032614026957,0.0022250205002097103
0.15365353485303784,0.15365353485303784,1.0002018103091417,0.0034434899132659057
0.15379939476824803,0.15379939476824803,0.9999791726887448,0.0021776356432449567
0.1539260294945052,0.1539260294945052,1.000941992662972,0.0015770358917288293
0.154047445183096,0.154047445183096,1.0021246193589886,0.001693898510167765
0.15420772123870846,0.15420772123870846,1.0017669619907772,0.0015786182942705233
0.1543746753663072,0.1543746753663072,1.0003670957554471,0.0026370503157578545
0.1545626171222466,0.1545626171222466,1.0024889536435453,0.0016443369945959344
0.1546365598043849,0.1546365598043849,0.9980577778790231,0.002010434717143535
0.15472616021834257,0.15472616021834257,0.9993242125319612,0.0017426451557238996
0.15482299350769607,0.15482299350769607,0.9976347211917759,0.0019683022367737403
0.1548927167590591,0.1548927167590591,1.000711535012369,0.0018633961235087044
0.15501431468674126,0.15501431468674126,0.9986214799254525,0.0021569969782209994
0.15510961132749798,0.15510961132749798,1.0015904072511215,0.0035944481363059146
0.1552210148942322,0.1552210148942322,1.0007141004199587,0.0015757379575365167
0.15541292667621748,0.15541292667621748,1.0000347617743166,0.0027043028685949915
0.15559716367606596,0.15559716367606596,1.0006105189127563,0.001643014016870114
0.15569478109573537,0.15569478109573537,1.0013717326527911,0.0017517777719143319
0.15584647971609228,0.15584647971609228,0.9993935543630158,0.0016109984363826585
0.15595573784994485,0.15595573784994485,0.9993550364724791,0.0015782713109024529
0.15605598247457236,0.15605598247457236,1.0020075436003757,0.002187069179000656
0.1561778732631865,0.1561778732631865,1.0010622229966069,0.0023502299096096247
0.15633451590947517,0.15633451590947517,1.0014209401253795,0.00225479586889061
0.15644530723475328,0.15644530723475328,0.9993179581859393,0.001971367129938615
0.15652111520776088,0.15652111520776088,0.9984515422792735,0.0019354674614226696
0.1567201493513494,0.1567201493513494,0.9990996285766395,0.0027370436647976486
0.15687946462949184,0.15687946462949184,0.9985839875196605,0.002182741317554867
0.15696338468897011,0.15696338468897011,0.9996022386939021,0.0021203513780138562
0.1570719232848205,0.1570719232848205,0.9997306668393111,0.001528781649257033
0.157203476914583,0.157203476914583,0.9995560343719688,0.0014461151781562597
0.1573980053566629,0.1573980053566629,0.9999797645406276,0.0019887316057638762
0.15762105283538402,0.15762105283538402,1.0000939780558173,0.0023126541176727976
0.15772157507144585,0.15772157507144585,0.9983191047704709,0.0021952174442192605
0.157822586137263,0.157822586137263,1.001528964799991,0.0015718352036826395
0.1579357367778357,0.1579357367778357,1.0013422075207625,0.002294095746207786
0.1580810475121325,0.1580810475121325,0.99973057159533,0.002168164285464911
0.15818248179930378,0.15818248179930378,1.000184445819287,0.0028240524101147335
0.15835505820214166,0.15835505820214166,0.9979343419358075,0.002173591271594318
0.15850600282938104,0.15850600282938104,1.000891996384653,0.002268629547932106
0.15863607064547977,0.15863607064547977,0.9991253356976273,0.0015284407308452336
0.15878197462443494,0.15878197462443494,0.9984078213048152,0.001659290386582651
0.1589517436701499,0.1589517436701499,0.997835456356416,0.002160067236409654
0.15910782440823823,0.15910782440823823,1.0009211752747396,0.0014524825774897296
0.1592089931775263,0.1592089931775263,0.9997242128328923,0.0020788022125052576
0.15939951729815222,0.15939951729815222,1.0001103499398198,0.0023487146157905913
0.15949946077544155,0.15949946077544155,0.9996326122158383,0.0019231748518020637
0.15958323073245992,0.15958323073245992,1.0019757557817157,0.0020298247293854405
0.15972450639546878,0.15972450639546878,1.0001337999591635,0.001601596735796284
0.15982543657300993,0.15982543657300993,1.0007783145621552,0.0026964314264774844
0.15996626878059034,0.15996626878059034,1.0003052387518423,0.0021600734127174893
0.16007119121441066,0.16007119121441066,0.996917052658439,0.001436846894206183
0.16023357017347734,0.16023357017347734,1.0001734021581306,0.0015603226182637387
0.1603430975083029,0.1603430975083029,1.0004689967908722,0.001572994613304092
0.16058647401059717,0.16058647401059717,1.000354595298061,0.0023284573532756495
0.1607544836921079,0.1607544836921079,1.00051442836227,0.0020326588620622342
0.16084869081187209,0.16084869081187209,1.0007959323901292,0.001462518291524336
0.16098740983652532,0.16098740983652532,0.9995747276400373,0.0020074438122536153
0.16115777531740605,0.16115777531740605,0.9997680257997251,0.002427374768082807
0.16126982718760702,0.16126982718760702,1.0013820704197842,0.002198611873376585
0.1613598431871651,0.1613598431871651,0.997557292397001,0.0026321561707926266
0.16144715534428541,0.16144715534428541,1.0014082481206779,0.00154821665846207
0.16156347208361693,0.16156347208361693,1.0002311357128835,0.0022010276978726754
0.16169689888592984,0.16169689888592984,1.0013238072731288,0.001582776217250352
0.16183949803507858,0.16183949803507858,1.0007017967418845,0.0015754340187326531
0.161931708789416,0.161931708789416,1.0005044676800108,0.0024762400007411786
0.16206864804571525,0.16206864804571525,1.001527789427258,0.0018162542426607277
0.1622353754211872,0.1622353754211872,1.003336091076138,0.0016703569827595521
0.16237963980420317,0.16237963980420317,0.9999045013961687,0.0017160632984085902
0.16256430732209992,0.16256430732209992,1.000363490942228,0.002263003354992957
0.16268389629549346,0.16268389629549346,0.9976592802830814,0.0020168116002697257
0.16282527994226256,0.16282527994226256,1.0009475155036585,0.0015646598029536811
0.163000715009548,0.163000715009548,0.9998545161435477,0.0020881052350621753
0.16314913618152788,0.16314913618152788,1.0019909378150111,0.0022144725868819765
0.16328597140582132,0.16328597140582132,0.9995186468080771,0.0016634195593055855
0.1633773360077612,0.1633773360077612,0.9990443911647737,0.0015543640049176714
0.16344188439925347,0.16344188439925347,1.0026891693654865,0.0013905866711817574
0.1636284410367807,0.1636284410367807,0.999570340433196,0.001819933559064226
0.163782394811642,0.163782394811642,0.9996725928208932,0.002568720381455507
0.1638706561900108,0.1638706561900108,1.0003620254664987,0.0016511769714514003
0.1640017520125184,0.1640017520125184,0.9979328890308656,0.0019278330977295795
0.1641222055463004,0.1641222055463004,1.000967707877816,0.0019678901322979143
0.16427172974326823,0.16427172974326823,1.0018923062349838,0.002200567872680943
0.16439975347147992,0.16439975347147992,0.9983534464930672,0.003066972707909112
0.1645269852702768,0.1645269852702768,1.0006096766320383,0.002283286349143039
0.16465963803966588,0.16465963803966588,0.9986151809451875,0.0015898973725821304
0.16480626608263266,0.16480626608263266,1.0018198334452013,0.0015335012604244045
0.16495740780646884,0.16495740780646884,1.0017111067347357,0.0015775455229382195
0.16503504567554045,0.16503504567554045,0.9990766125464591,0.0016026160421317892
0.1651465993909369,0.1651465993909369,1.0012783932469207,0.0020540719256916503
0.16525097588892096,0.16525097588892096,1.0000150734629414,0.00243547976386054
0.16535890383493096,0.16535890383493096,1.0001958842664729,0.001640592931229777
0.1654434513695378,0.1654434513695378,0.999639258653642,0.0016640835929869167
0.1655998486063254,0.1655998486063254,1.0004304512557423,0.001508710227528532
0.16573117949610605,0.16573117949610605,1.0023479528884056,0.002407152560355956
0.16583080702093866,0.16583080702093866,0.9988160264901567,0.002165512707303411
0.16601546912606863,0.16601546912606863,0.9990440771844498,0.0021808823896644486
0.16615900856540974,0.16615900856540974,1.001285485969078,0.003047649642960325
0.16627613507680508,0.16627613507680508,0.9991602920272415,0.0015556151217026993
0.1663905973671717,0.1663905973671717,1.0003295267737333,0.0015351373699779261
0.16647857802090585,0.16647857802090585,0.9994136270477189,0.0016728964199236676
0.16655598323013693,0.16655598323013693,1.0001602132868004,0.001394496978258027
0.1666701129235662,0.1666701129235662,1.0023664558371155,0.00153429518385689
0.16676959313808765,0.16676959313808765,1.002013907851206,0.0020497471959679014
0.1668891076966247,0.1668891076966247,0.9995602479730958,0.0018751967577341638
0.1670368100716587,0.1670368100716587,1.0010334769112084,0.001912638970602078
0.16716445980109712,0.16716445980109712,1.000725536235715,0.001983341934987177
0.16728480201381898,0.16728480201381898,0.9987559639635828,0.0023640980207463203
0.16746741836195725,0.16746741836195725,1.000174848000845,0.0030808483223110856
0.16759827869955188,0.16759827869955188,0.9985845155148878,0.0026885095783499755
0.16772825541047495,0.16772825541047495,0.9999181667084782,0.0021676926737315113
0.16793289890210872,0.16793289890210872,1.000852212822619,0.0015463690276181475
0.1680800250300308,0.1680800250300308,0.9980994168398991,0.0016615285160073005
0.168188379366984,0.168188379366984,0.9988574074371407,0.001648609067717459
0.1682700796478457,0.1682700796478457,0.999613351792519,0.0020375080392718075
0.16841748126589665,0.16841748126589665,1.0013717585694695,0.0019764881949291607
0.16851721836064826,0.16851721836064826,1.0000111958280606,0.0015996148701557268
0.16866747774711258,0.16866747774711258,0.9997727131374414,0.002032780471430904
0.16881555364452652,0.16881555364452652,1.0014553018864563,0.0020809836304148026
0.168943129255058,0.168943129255058,0.9995449733449873,0.0021601664415845353
0.16912387374231913,0.16912387374231913,1.0028765211046948,0.0015393504853742723
0.1692325395981243,0.1692325395981243,1.0001084031593415,0.0034014634976756337
0.16931437952753187,0.16931437952753187,0.9998920840527908,0.0016606857152510403
0.16941456816784922,0.16941456816784922,0.9997727530984634,0.0014804699324634817
0.1695431217473015,0.1695431217473015,1.0009098619888328,0.001685985255072996
0.16969261038266267,0.16969261038266267,1.0004591900254558,0.0015357118887633155
0.1698513957873729,0.1698513957873729,1.0016355542195705,0.001609980206723495
0.16997174208736396,0.16997174208736396,0.9987980179876377,0.0023765051189977016
0.17015155765675444,0.17015155765675444,1.0018999092304863,0.0016280350386197015
0.1703046491047644,0.1703046491047644,0.9997434018475445,0.0023761267186857803
0.1704327454770464,0.1704327454770464,1.0021419070554392,0.002176534103521399
0.17060445589595474,0.17060445589595474,1.001728842103709,0.002711844277803382
0.1707168094419103,0.1707168094419103,0.9983211313078499,0.003273966079921037
0.17083948664840137,0.17083948664840137,1.0015967610911336,0.00165272813027068
0.17091173391399933,0.17091173391399933,0.99999534791507,0.0016017634726255305
0.17103592992716585,0.17103592992716585,1.0023468072771882,0.002854204198540583
0.17114304029037158,0.17114304029037158,0.9993971677780678,0.0016571721617546242
0.17123454309439695,0.17123454309439695,1.000889264110177,0.001537691870185997
0.17130449428459543,0.17130449428459543,0.9981673170445872,0.0018098150392295942
0.17140121154970983,0.17140121154970983,0.9990170857071841,0.0026297400348211696
0.17155403327360547,0.17155403327360547,1.0002500464266908,0.0015429351733837631
0.17163237873373874,0.17163237873373874,1.0019001451050467,0.0016940203452655983
0.17178101481622435,0.17178101481622435,1.0007463531138985,0.0019474776027810202
0.17194806939987756,0.17194806939987756,1.00086380343231,0.001491828123459619
0.17204785586854995,0.17204785586854995,0.999561802614682,0.002242102474485236
0.17214826548388373,0.17214826548388373,1.0003250060200708,0.00218215252946725
0.17226329664172227,0.17226329664172227,1.0013950338188828,0.002655102468013653
0.17235061388691975,0.17235061388691975,1.0007888820673652,0.002662239993292582
0.1724843489959312,0.1724843489959312,1.003513045378901,0.00266830542848285
0.17260690956845792,0.17260690956845792,0.9982583027518561,0.0015891171421978912
0.17266368867822166,0.17266368867822166,1.0024321240721081,0.0016900653754986176
0.1728390803327784,0.1728390803327784,0.9998316238236356,0.0016288720111180713
0.17292403059855133,0.17292403059855133,0.9993104987028133,0.001667698838925869
0.17300155873290352,0.17300155873290352,0.9983688263426677,0.0015737254204044216
0.1731545625738363,0.1731545625738363,1.0009034188612413,0.0023215279535042594
0.17327226018078362,0.17327226018078362,0.9994059622484726,0.001963061433864515
0.1733410642013041,0.1733410642013041,0.9982936471420902,0.0018892310639435565
0.17348920825024833,0.17348920825024833,1.0005411488124853,0.0015311484095134375
0.17356495242147502,0.17356495242147502,1.0028590835845392,0.0017284609526705217
0.17369984054930682,0.17369984054930682,1.0013571753726898,0.0030919068101535213
0.173834190868547,0.173834190868547,1.0006474622874653,0.0030902473946967037
0.1739375886370908,0.1739375886370908,1.0018778958912709,0.0015261037369398913
0.1740424485567928,0.1740424485567928,0.9998052637925416,0.0015655496255516624
0.17415214084448963,0.17415214084448963,0.9977628973474229,0.002670839096682013
0.17431226577828057,0.17431226577828057,1.0011742593715538,0.0015379782282615533
0.1744039543376857,0.1744039543376857,1.0007349163455712,0.0021304078043548197
0.17454752714784263,0.17454752714784263,1.0002365860469091,0.0019314067768191295
0.17465380307712622,0.17465380307712622,0.9988777707537835,0.0015623794645656514
0.17472042894169135,0.17472042894169135,1.0006376590778407,0.001419508363543907
0.17479666039689618,0.17479666039689618,1.0023261908605776,0.0017092344980929666
0.1749072017677463,0.1749072017677463,1.0004629205846658,0.0019606756322143085
0.17501805498814066,0.17501805498814066,1.0026801247672221,0.0014669635800779188
0.1751346408858808,0.1751346408858808,1.0013319967386174,0.002750052338139474
0.17522806643792138,0.17522806643792138,1.001191798809034,0.0026412373792715394
0.1753766305067984,0.1753766305067984,0.9986022462053242,0.002168602464797497
0.17554120234108267,0.17554120234108267,0.9987038533291613,0.002227479160166816
0.1756815108274168,0.1756815108274168,1.0008489741894582,0.0016432264479373643
0.17583856372366427,0.17583856372366427,1.0002736845612294,0.0017433537282699764
0.17601867080738884,0.17601867080738884,0.9992071621936299,0.0016641272433957945
0.17608466748079082,0.17608466748079082,1.0006535070075138,0.0015446863171212446
0.1761917869656827,0.1761917869656827,1.0007285882732029,0.0023477985322609774
0.1763035777332334,0.1763035777332334,0.9982957078489593,0.0020277386882759556
0.1764146337940474,0.1764146337940474,1.0004764871829503,0.0022740381822824347
0.17654630354045367,0.17654630354045367,0.9999400247247813,0.0020670639918028985
0.1766256641727523,0.1766256641727523,1.0001939353957454,0.0014845011913767142
0.1767459782075093,0.1767459782075093,0.999152583154169,0.002699445463593699
0.17685825611170003,0.17685825611170003,1.0042730840940837,0.0031106181661050307
0.17701162876164744,0.17701162876164744,1.000888022819837,0.002128941317502183
0.17712801169582235,0.17712801169582235,0.9990547581892937,0.0015600944372899622
0.17726033355429535,0.17726033355429535,0.9997708058212634,0.0017217626703529792
0.1774365139683141,0.1774365139683141,1.0011589055722985,0.0016098207571646368
0.17759754058970428,0.17759754058970428,1.0003354257459314,0.0026538477662375625
0.177761416852627,0.177761416852627,0.9988083534453788,0.0015913774155816014
0.17783627356493525,0.17783627356493525,1.00137617033266,0.002039175547929632
0.17791060491636018,0.17791060491636018,1.0002432317316778,0.0017662555356237383
0.17801274922658195,0.17801274922658195,1.0001582400219369,0.002282870502280511
0.17810990889629466,0.17810990889629466,1.0010710030318362,0.0014313778230907687
0.17825800986738613,0.17825800986738613,1.0008555899660165,0.0031817782902127728
0.17834517398969182,0.17834517398969182,0.9981978584466408,0.002772971975022359
0.1785191784338167,0.1785191784338167,0.9999249992178975,0.0026824029950350066
0.1787072206425364,0.1787072206425364,1.0026103081554913,0.0016032928487535732
0.17883437768959992,0.17883437768959992,1.0001221776566607,0.001578702129671651
0.17893630280996148,0.17893630280996148,1.001993227894464,0.0017176484373095633
0.1790715091950915,0.1790715091950915,1.0005665808168605,0.0017682483606674998
0.1791812606081294,0.1791812606081294,0.9981916933848352,0.0021090810237800535
0.17928043759711726,0.17928043759711726,1.0015142523783243,0.0023847413407418897
0.17947570718988573,0.17947570718988573,0.9988466836492401,0.002346961814386508
0.17957651731576335,0.17957651731576335,1.0010186546625606,0.001465455936740553
0.17964965548981127,0.17964965548981127,1.0009925702882554,0.00233278305942928
0.17976456945907557,0.17976456945907557,1.0005127552525352,0.001574321989255812
0.17995693066586682,0.17995693066586682,1.0022440277729203,0.0027314967839874374
0.1800727873955111,0.1800727873955111,0.9997539519427387,0.0021255527524066094
0.18014674657733848,0.18014674657733848,0.9993288195683225,0.0021320238557931215
0.18026458628246472,0.18026458628246472,1.0006041440175228,0.001509757629019991
0.18042948416004947,0.18042948416004947,1.000637307615333,0.0014479001725077993
0.18068169848211255,0.18068169848211255,1.0002696135610463,0.0023307947591494032
0.18085873703930702,0.18085873703930702,1.0031374835599352,0.0020851037947110674
0.18093844042668933,0.18093844042668933,1.0002106164424887,0.0021205421141792915
0.18105044558433292,0.18105044558433292,1.001529018949662,0.0016315298344180378
0.18115486033493652,0.18115486033493652,1.0000981533661946,0.0022193502578107195
0.18133223965887738,0.18133223965887738,1.0029446704233063,0.0022340759778643965
0.18142062796796382,0.18142062796796382,1.0015811422152574,0.002799907754707721
0.18159801628298738,0.18159801628298738,0.998938491543641,0.002700923989835639
0.18174903225371963,0.18174903225371963,0.9989928587984185,0.0016058725541265764
0.18193711384228664,0.18193711384228664,1.0009813302948423,0.0015790217355721892
0.1820765730784842,0.1820765730784842,1.002707617589254,0.002062391575607299
0.18224714620719168,0.18224714620719168,1.0004933888394736,0.001688608703465178
0.18234048642298148,0.18234048642298148,0.9982283972458564,0.002082062960794665
0.1825102025497472,0.1825102025497472,1.001003980025965,0.0019942217322566833
0.18264329869343782,0.18264329869343782,1.0003616782788272,0.0019022312515420594
0.1827301329421971,0.1827301329421971,1.000713357460848,0.0023523549746559762
0.18280666632708745,0.18280666632708745,0.9999641428898268,0.0015757943022295065
0.1829629437181211,0.1829629437181211,0.9991341772269202,0.0015952365574376452
0.183095141893682,0.183095141893682,1.0007457094453283,0.003098133040917126
0.18320254809732434,0.18320254809732434,0.9981479485356622,0.0014532213393724683
0.183356356648801,0.183356356648801,0.9981761030536902,0.0015925738510524565
0.18348278741614193,0.18348278741614193,1.0009592715064066,0.0014076623213516051
0.18368397581871249,0.18368397581871249,1.001177055070467,0.0020565081288086
0.1838740768198477,0.1838740768198477,0.9992671647637412,0.0022940694345647897
0.18399401022470557,0.18399401022470557,1.0029021857050473,0.0015524599432289441
0.18410401784421992,0.18410401784421992,1.0005520845644433,0.0015381231984183872
0.18423224342623143,0.18423224342623143,1.0006514136893991,0.002323101649096938
0.18441156272510853,0.18441156272510853,0.9990906410811238,0.002141989102489353
0.18448290068517964,0.18448290068517964,0.998991382559715,0.002683733619679549
0.18457514559922855,0.18457514559922855,1.0035285097439923,0.002135112071836031
0.18466643981810194,0.18466643981810194,0.9995739253236288,0.0021810297615306095
0.18481420049647568,0.18481420049647568,0.9983852584347025,0.0016584466067316905
0.18495166165848786,0.18495166165848786,0.9998552099557013,0.001551654920802026
0.18506005694125632,0.18506005694125632,0.9996992074442209,0.0017695535327523402
0.18520011591881486,0.18520011591881486,0.9997319399905752,0.0020101274624277662
0.1853582535406531,0.1853582535406531,1.001033268484851,0.0018108800760712356
0.18554147350278072,0.18554147350278072,1.0018910638849614,0.0017306582599948346
0.18574776317382202,0.18574776317382202,1.0003124191569597,0.002270775050502238
0.18588252505924174,0.18588252505924174,1.0005694370923728,0.002022214165412211
0.1860406303390846,0.1860406303390846,1.002001834996742,0.0015576142509694856
0.18621431539922922,0.18621431539922922,1.0003358276522563,0.0026105532383129564
0.18636894182018296,0.18636894182018296,1.0003177382943333,0.0016330785786518205
0.18648570391014802,0.18648570391014802,1.0023674223606578,0.0016033273884452533
0.1865816776680731,0.1865816776680731,1.0006275508896652,0.0015553847584291603
0.1866409560710963,0.1866409560710963,1.0006315939353294,0.001540097235741649
0.18686094990662241,0.18686094990662241,0.9987112369627219,0.002113813670200327
0.18698255027811683,0.18698255027811683,0.9979217762301543,0.00225982581688832
0.18707589445311895,0.18707589445311895,1.0018756907178505,0.0016872759092957043
0.1872233516704,0.1872233516704,1.0001162115349804,0.001970874424355588
0.1873605628768928,0.1873605628768928,1.0014606350736435,0.0020319222561419035
0.1875277382125205,0.1875277382125205,0.9984899539887004,0.0026699982148034743
0.18763088254581817,0.18763088254581817,0.9996344142153213,0.002726765755216607
0.18775311548779428,0.18775311548779428,1.0016855370777027,0.0022334606121374593
0.18791339953113492,0.18791339953113492,0.9999657349056109,0.001614706373573876
0.1880997303613185,0.1880997303613185,1.0010768244857065,0.0015521613832895085
0.1881796480394769,0.1881796480394769,0.9999225796976356,0.0016375858340818331
0.18829397253193747,0.18829397253193747,1.0006254519332196,0.0020764717474290343
0.18838154633413068,0.18838154633413068,1.001184527573613,0.002104693280516907
0.1885119964772457,0.1885119964772457,0.9988523611267703,0.0019693243815534786
0.18857974943166483,0.18857974943166483,0.9999650565857484,0.0016497951814193647
0.1887264428933122,0.1887264428933122,0.9998531735621704,0.002058947923868398
0.18881712886504828,0.18881712886504828,0.9985832449807948,0.001829906675385385
0.18894452221229585,0.18894452221229585,1.0008421010672712,0.0021084017244938193
0.18905270135091995,0.18905270135091995,1.0002119601287014,0.0021658022155898035
0.18921113594587952,0.18921113594587952,1.0001810933590964,0.002163104584172971
0.18934266440937791,0.18934266440937791,1.0010148398122447,0.003057734993020268
0.18945960847267998,0.18945960847267998,1.0010605869219247,0.0015564353453057253
0.18957401348907296,0.18957401348907296,1.0007977494040843,0.0015359571081568955
0.1896621120742566,0.1896621120742566,1.0011669127989653,0.0016755626906956433
0.18973930419142562,0.18973930419142562,0.9983182933726585,0.001394889687322598
0.18985841726134822,0.18985841726134822,0.9996064228117019,0.0016380447043951563
0.18997768049721345,0.18997768049721345,0.9993558512203222,0.0019419440242653668
0.1900754118041732,0.1900754118041732,1.0001983314204481,0.001897782073360593
0.19023423996695782,0.19023423996695782,1.0006507545476855,0.0018886435181849032
0.1903437573770134,0.1903437573770134,1.0010010778544065,0.0019462419944846516
0.19045086939750036,0.19045086939750036,1.000683828717766,0.0024350414685519674
0.1906137474341449,0.1906137474341449,1.0016645059212617,0.003062513008554298
0.1907489090668605,0.1907489090668605,0.998960472145049,0.0022323994006037467
0.19089424175344902,0.19089424175344902,1.0007625446733015,0.0026366146871204085
0.1910225792980782,0.1910225792980782,1.0005146846950699,0.0014968151885853557
0.19122607941517344,0.19122607941517344,0.9984481127690381,0.0016263548093573856
0.19135178526084928,0.19135178526084928,0.9996291721887058,0.0015535297068129269
0.1914099247642298,0.1914099247642298,0.9992549949701883,0.002068372993326214
0.1915455950778778,0.1915455950778778,0.9988225898630813,0.0019985910087875424
0.19167046640850458,0.19167046640850458,0.9992269770300661,0.0015814220086494617
0.19178522358652117,0.19178522358652117,0.9999343970913437,0.001704995792232183
0.1919717914168359,0.1919717914168359,0.999875750609926,0.0023725805731173648
0.19210337847234768,0.19210337847234768,1.0000567808652776,0.0022050178299400135
0.19229876377848995,0.19229876377848995,1.0010410384978539,0.0014795064215305642
0.19241624815222166,0.19241624815222166,1.0004434730476048,0.003415034274735603
0.19249785482206788,0.19249785482206788,0.9992474914123592,0.0016611341307328845
0.19259226810791005,0.19259226810791005,0.9998771916366638,0.0015581175608228234
0.1927050456220968,0.1927050456220968,1.0010075351742962,0.00161793402356428
0.1928152025433519,0.1928152025433519,0.9992550036278474,0.0015699513100513498
0.192997044099684,0.192997044099684,0.999447132094385,0.0016410216178883203
0.1931257968532009,0.1931257968532009,0.99881245057874,0.0020189955498918174
0.19330893378955807,0.19330893378955807,0.9991919739081888,0.002057259001995315
0.19344988700631802,0.19344988700631802,1.0000445651017498,0.002346465670076264
0.1935780157398767,0.1935780157398767,1.0009800384887293,0.0015748342790521703
0.19377182255593653,0.19377182255593653,1.0010194528260796,0.003105765375007786
0.1938490932690911,0.1938490932690911,0.9974648284741379,0.002462771863801481
0.19399041217366175,0.19399041217366175,0.9996725554367956,0.0027313899786472425
0.19407166076089197,0.19407166076089197,1.0008940003649562,0.0015796936001018162
0.19421043641068536,0.19421043641068536,1.0028087667851413,0.002885883573105252
0.19435317474326438,0.19435317474326438,1.000794968362516,0.0015850291282658176
0.19444296363926697,0.19444296363926697,1.0003643681920797,0.0017051775868955747
0.19452757730286976,0.19452757730286976,0.999601987540774,0.0023894525562322983
0.19465050097769562,0.19465050097769562,1.0007776347046515,0.0019800919657049576
0.19476356866562128,0.19476356866562128,0.9988998506024093,0.0016108347340269172
0.1948584654541264,0.1948584654541264,0.9981082904281056,0.0017075958022388618
0.19503043721542782,0.19503043721542782,1.0018671546907965,0.0019122144048205713
0.19517689111744402,0.19517689111744402,0.9979228116472972,0.0016277759820594925
0.1952695869917079,0.1952695869917079,1.0036900129941984,0.0026553151869444275
0.19542508529284533,0.19542508529284533,0.9989445865621276,0.0021757367419268526
0.19551217758598796,0.19551217758598796,1.001355456081473,0.003055023883893047
0.1956399576194599,0.1956399576194599,1.0001069471771484,0.0016590611324271223
0.19577403708117344,0.19577403708117344,1.00200724258864,0.002601997744227238
0.1958415192559187,0.1958415192559187,1.000121449300381,0.0016660967265559206
0.19599074153429683,0.19599074153429683,0.9994344578732761,0.0017097763755196862
0.1961012402936831,0.1961012402936831,1.0000978939360103,0.001531764408167048
0.19615517679976618,0.19615517679976618,1.001472762900248,0.0015923604191093708
0.19630040136798926,0.19630040136798926,0.999700121890033,0.0023235231146592292
0.19644513893199472,0.19644513893199472,0.9997019383086851,0.0020414650284040874
0.1964912842400736,0.1964912842400736,1.0017196770322006,0.0014459701541475727
0.19666198961404008,0.19666198961404008,0.9999739927706439,0.001961147988100294
0.19673862825256946,0.19673862825256946,1.0022064552311678,0.0017376414248406462
0.19688353815927256,0.19688353815927256,1.0007677447302081,0.0030958628141042133
0.1970178113971997,0.1970178113971997,1.0012201979017887,0.0030940321055791505
0.1971180686752632,0.1971180686752632,1.000326788898286,0.001552815570369797
0.19720303950780363,0.19720303950780363,1.0034414290020748,0.0015609513711198003
0.197334009048609,0.197334009048609,0.9991431669009033,0.00272516360974394
0.19751804196803277,0.19751804196803277,0.9981230726492294,0.0016297729269515939
0.1976013812198289,0.1976013812198289,1.0021566001660158,0.0020393195498581897
0.1977634099248462,0.1977634099248462,0.9997025298157982,0.0019416373756664014
0.19783722200299964,0.19783722200299964,1.0013210216463682,0.0015635230932587725
0.19791109684319963,0.19791109684319963,1.0023992573529383,0.0015344201900945405
0.19800307501645875,0.19800307501645875,0.9999039119190473,0.00160618562997163
0.1981075915698966,0.1981075915698966,1.0017663803984842,0.00196719452161937
0.1982085089530301,0.1982085089530301,1.000667854061538,0.0015026468304079285
0.1983182853404287,0.1983182853404287,0.9994912224870285,0.0027540472700409583
0.19838944497969352,0.19838944497969352,1.0024896440094397,0.0026478878814107302
0.19854506074661912,0.19854506074661912,0.9999626108413857,0.002188518568973134
0.1986921034673287,0.1986921034673287,0.9995087670325227,0.0021971698552325234
0.1988377067624242,0.1988377067624242,1.0004955439747831,0.001639789737698023
0.19895199080128806,0.19895199080128806,0.9986931921516466,0.0016827002147402701
0.19915655736476764,0.19915655736476764,0.9989421967572601,0.0017097236600171044
0.19923651589815564,0.19923651589815564,1.0004269247026127,0.0015811401716120626
0.19933574193055392,0.19933574193055392,0.9989816816690796,0.0020130433874885638
0.19943162722483976,0.19943162722483976,1.0026252251958776,0.0022638520507543627
0.1995420610110159,0.1995420610110159,1.0021197799970292,0.00199994977560954
0.19963891717397927,0.19963891717397927,1.000949959942239,0.0019226440857718543
0.1997227180707341,0.1997227180707341,0.9995290725610133,0.00200601918051565
0.19979085262639273,0.19979085262639273,1.0000939987445898,0.0016301448048908992
0.19992128523917926,0.19992128523917926,0.9994899765941462,0.002247155834378205
0.20002068145950033,0.20002068145950033,1.0027712601122292,0.003453930290207409
0.2001663585930146,0.2001663585930146,1.0005913000255893,0.0021851056802529144
0.20027318198353897,0.20027318198353897,0.9984052798020109,0.0015067366843095275
0.2003847564006719,0.2003847564006719,1.000776829827661,0.001450995186979607
0.2004617656342816,0.2004617656342816,1.0001882952681578,0.0018274971282255126
0.2006655775163381,0.2006655775163381,1.0024582483136169,0.0016735999204174946
0.20081954406614386,0.20081954406614386,1.0013432094149723,0.0026068561390365005
0.20096115375490625,0.20096115375490625,0.9993202076946958,0.002063336256137498
0.20102427067031386,0.20102427067031386,1.0006315136247927,0.0015051009944395308
0.2011153723778989,0.2011153723778989,1.0000409013701321,0.0017110794834939223
0.20121193544782728,0.20121193544782728,1.0008055456063143,0.0022873707573216337
0.2013252410064524,0.2013252410064524,1.0001496733783957,0.001478944367452036
0.2014614975409131,0.2014614975409131,1.0000934416864558,0.003596530789842673
0.20155702581960214,0.20155702581960214,1.0001867882434436,0.002214030815043003
0.20174199543125723,0.20174199543125723,0.9993592499670854,0.0026721563776901775
0.20192838899984053,0.20192838899984053,1.001355588064611,0.00169199397938108
0.20203048959774605,0.20203048959774605,0.9998421060106362,0.001555405178537079
0.2021506638648134,0.2021506638648134,0.9986505645908915,0.0017746974274999217
0.20227962015051162,0.20227962015051162,1.0021922589573524,0.0016384036218366847
0.20238169494459726,0.20238169494459726,1.001906797749977,0.0021342029167863213
0.20248558507464623,0.20248558507464623,1.003343848750585,0.0024233575467923142
0.20265925559324388,0.20265925559324388,0.9998379844541372,0.0023489698697070687
0.20276896632658464,0.20276896632658464,1.0014724336673597,0.0014330357179832558
0.20283326962780848,0.20283326962780848,0.999041110866947,0.0023313147798106606
0.20291421115380218,0.20291421115380218,1.0013764861995806,0.001524527183842
0.2031385935300932,0.2031385935300932,0.9980211200809258,0.002728717778616846
0.2032562148948273,0.2032562148948273,1.000930045303118,0.0021277795280476566
0.20333153145202232,0.20333153145202232,1.0001825185319955,0.002141816167264831
0.20348645015001238,0.20348645015001238,0.999474107360582,0.0014908698929301275
0.20369969951298117,0.20369969951298117,0.9992567185672094,0.0016236426585177874
0.20393176447960287,0.20393176447960287,1.0005735216046516,0.0025879492470099737
0.20406528567855275,0.20406528567855275,1.0025835921043476,0.0021971147498631707
0.20413983740818367,0.20413983740818367,1.0003143008825874,0.0016217591772731503
0.20426168049689294,0.20426168049689294,0.9999116194564778,0.002011653507009613
0.2043762119963503,0.2043762119963503,1.0002585099685564,0.001894183204330302
0.2045231924046675,0.2045231924046675,0.9988913834580787,0.0026888086387778657
0.20464639381225425,0.20464639381225425,1.0003277071826986,0.0023743056975338976
0.20481211910082492,0.20481211910082492,1.0022953752535346,0.0026995888823567234
0.20496181090729806,0.20496181090729806,1.0010894460208104,0.0016068387862367393
0.20513261299074656,0.20513261299074656,0.9991823929215047,0.001524741992611733
0.205260107846334,0.205260107846334,1.0002075030535447,0.0020604907996768706
0.20543053704113845,0.20543053704113845,0.9998471947066683,0.001688071999475215
0.2055240166364456,0.2055240166364456,0.9999308688814599,0.002085737551942339
0.20569367323641927,0.20569367323641927,1.0007551776378405,0.001997991508838915
0.20582662674605673,0.20582662674605673,0.9987846224280503,0.0019030140224270535
0.20592300242151396,0.20592300242151396,1.0007943971775983,0.0023515519083333863
0.20601884537845763,0.20601884537845763,0.9989180874778736,0.0016123151726024141
0.20615298483498917,0.20615298483498917,0.9995095898356106,0.001518092369351303
0.20627874044712372,0.20627874044712372,1.0000931850608599,0.0030939208070634395
0.2063858493209409,0.2063858493209409,1.0017931209851247,0.0014554972652201334
0.20653983208358112,0.20653983208358112,1.0004341300107913,0.0015939738814935663
0.20666513267642586,0.20666513267642586,1.0001444717518555,0.001406382555976809
0.20683668759629653,0.20683668759629653,0.99895084152531,0.0020428081818744687
0.2070575991352598,0.2070575991352598,1.0002313928058317,0.002297013982171458
0.207177427255192,0.207177427255192,0.9965101632862,0.001551961641110053
0.2072910255406896,0.2072910255406896,1.0003327775375745,0.0014866549852944892
0.20741577482240245,0.20741577482240245,1.0019882035639758,0.0023241084533080084
0.2075951169274049,0.2075951169274049,1.0007649896979323,0.002144251296567034
0.20766766995966462,0.20766766995966462,1.0012847025399416,0.00307313059563778
0.20777575943866394,0.20777575943866394,1.000124065010216,0.001518474723817657
0.20786990321685153,0.20786990321685153,0.9999879173359376,0.002183034381613457
0.20803566631147988,0.20803566631147988,1.0000639588394953,0.0016661142398018333
0.20815836823385325,0.20815836823385325,0.9993445827115423,0.0014910448545347984
0.20825373654988652,0.20825373654988652,0.9989114300649957,0.0018072371295710116
0.20836459022466441,0.20836459022466441,0.9991004268905556,0.0020247790477395814
0.2085005026186991,0.2085005026186991,0.9976390957953433,0.001707762694390172
0.20867728861849172,0.20867728861849172,1.0024223442370432,0.0018313452046810556
0.2088996879207116,0.2088996879207116,1.0004478218784174,0.001899412511960423
0.20904356053924858,0.20904356053924858,1.000712215992406,0.0023732378204320156
0.209192225901279,0.209192225901279,0.9996025764044763,0.0015650370429754281
0.20936718788652797,0.20936718788652797,0.9994815854023138,0.0020875065859051857
0.20951618163962848,0.20951618163962848,0.9998484465443266,0.0022194244767799677
0.20964180976934585,0.20964180976934585,1.0017735263141172,0.0016619489273444067
0.20974721890870568,0.20974721890870568,1.0001354463279553,0.0015754374126285282
0.2098085601817729,0.2098085601817729,1.0015738247453918,0.0013914413438332915
0.20999551201875874,0.20999551201875874,0.9998468956122608,0.001824474049977878
0.2101519318510327,0.2101519318510327,0.9991990724204591,0.002558503470213669
0.21025941912612325,0.21025941912612325,0.9990674154113451,0.0016877249965150949
0.2104068151582396,0.2104068151582396,0.998533594688422,0.0019690140004870868
0.21055860350206784,0.21055860350206784,0.9988945679901253,0.002487559653278224
0.21073300577972987,0.21073300577972987,1.0049908517761763,0.0021786594174254396
0.2108143842422578,0.2108143842422578,1.0004193916053041,0.00273063334064711
0.2109252951497183,0.2109252951497183,0.9998981935165094,0.0022154172808364066
0.21105742201343675,0.21105742201343675,1.0009069573214457,0.0015729854868543121
0.2112109209947448,0.2112109209947448,1.0003018498532974,0.0016067764984807249
0.21133455455074,0.21133455455074,1.0002048585829315,0.0015792941484162608
0.21141561943968554,0.21141561943968554,1.0000325216297892,0.0016208877222670542
0.2115136648691987,0.2115136648691987,0.9994420672202109,0.0020539018890164086
0.21161820357956457,0.21161820357956457,0.9995893939034696,0.002437726923957038
0.21173194257826253,0.21173194257826253,1.0007079595767607,0.0016724506899551295
0.2118557992940623,0.2118557992940623,1.0006385470917578,0.0021257129858393217
0.21198757304737229,0.21198757304737229,1.0010127662107047,0.00185447436068868
0.2121280738803762,0.2121280738803762,0.9991105361122227,0.0021071320412832544
0.2122362734635317,0.2122362734635317,1.002046692652765,0.0021664813046191533
0.2124189628942986,0.2124189628942986,1.000673376314912,0.0026636429887966183
0.21255375783803174,0.21255375783803174,1.0008691254785747,0.002660194697113671
0.21266522965615878,0.21266522965615878,1.0010854966736091,0.001481550278739137
0.21277650637239276,0.21277650637239276,0.9998061148439806,0.0016096823373091026
0.2128818116763796,0.2128818116763796,1.0004769124486779,0.0015855933508064593
0.21298172414408328,0.21298172414408328,1.000120607205192,0.0015331551550018302
0.21310975566975685,0.21310975566975685,0.9995188562524564,0.0016317022215030814
0.21322813818660508,0.21322813818660508,1.0004938643530517,0.0018742216145715856
0.21334539789040718,0.21334539789040718,0.9999984225689635,0.0019957449244479447
0.213437063452875,0.213437063452875,1.0008754801441788,0.0018676742942485697
0.21355664514794626,0.21355664514794626,1.0002789932058538,0.00235226065472612
0.21367788244006078,0.21367788244006078,0.9982136789330456,0.002553800527137177
0.21386510811735207,0.21386510811735207,1.0003285695129276,0.003085204219443982
0.21399686756540176,0.21399686756540176,1.0032114274807316,0.0026912638441189776
0.21411168678532705,0.21411168678532705,1.0011223456581864,0.001516649441174932
0.21429996730621498,0.21429996730621498,1.0018043416052484,0.0015475648262984671
0.21447070845351845,0.21447070845351845,1.0017041345597573,0.0017182026349385226
0.214584215818104,0.214584215818104,1.0001105388285056,0.0019857991544065447
0.21467127785763296,0.21467127785763296,0.9977899674980144,0.002055561794609072
0.21481295255598526,0.21481295255598526,0.9989648081183251,0.0015653513041163965
0.21490624567395572,0.21490624567395572,1.0010128314524616,0.0016668181945332934
0.21508818495913146,0.21508818495913146,0.9979029298520936,0.001982224679821462
0.2152466686333355,0.2152466686333355,0.9988094243035246,0.002129404158709925
0.21537182018437306,0.21537182018437306,1.0018000895672368,0.0020815266178273676
0.2155216745197322,0.2155216745197322,0.9981034708431133,0.0021424036160044846
0.21561998248216696,0.21561998248216696,1.0004596400028072,0.0030595064325570653
0.21569434579978405,0.21569434579978405,1.0020277081551243,0.0016678885496868342
0.21580087573893253,0.21580087573893253,1.000684621469847,0.0014737104264408453
0.21591066188684635,0.21591066188684635,1.0013002069904553,0.0016866561228057516
0.21603752815881308,0.21603752815881308,1.0014092891529014,0.001500661306516734
0.2162059087864691,0.2162059087864691,0.9989937250415692,0.0016720918973842595
0.21633889713248208,0.21633889713248208,1.0011740488579468,0.0023778251238136096
0.21651691327515438,0.21651691327515438,1.0019576511986625,0.0016932470809747577
0.2166334665060276,0.2166334665060276,1.0022572541289265,0.002345047507933057
0.21676136091591616,0.21676136091591616,1.0001251003125007,0.0015748589281786292
0.21695548389798205,0.21695548389798205,0.999018442165671,0.0031058502740102137
0.21708011106748018,0.21708011106748018,0.9999894171599196,0.0031030257201909483
0.21720644334927783,0.21720644334927783,1.0021389701709353,0.0016544441502382777
0.21730122591943654,0.21730122591943654,1.0008972491394548,0.0015781410270279046
0.21745270533083386,0.21745270533083386,0.9998170978959543,0.002906343283556839
0.21758006075451702,0.21758006075451702,0.9996308932222618,0.0015696797424425047
0.2176574762484961,0.2176574762484961,1.000443980802965,0.001704696879840116
0.21775344239304104,0.21775344239304104,1.0008049017064513,0.0027076776064986854
0.21792085387660337,0.21792085387660337,0.9987833548239431,0.0015427628856481954
0.2179646993872666,0.2179646993872666,1.000839141279613,0.001896112614921084
0.21804197158035094,0.21804197158035094,0.9991167495539214,0.0017093879689655486
0.2182379595840757,0.2182379595840757,1.0020672963555235,0.0018451355209201242
0.2183603454963304,0.2183603454963304,0.9998658199856749,0.001628219363193338
0.21845305643255414,0.21845305643255414,0.9995016279791511,0.0026605503109705065
0.21858390700581368,0.21858390700581368,0.9994774378121963,0.002141630487845856
0.2186799488206816,0.2186799488206816,1.0005178081138482,0.002648094526025155
0.21879233091549394,0.21879233091549394,0.9994924333791338,0.0022059185955406674
0.21890785026735102,0.21890785026735102,1.0019501439474685,0.0026337150594367446
0.21900356158148498,0.21900356158148498,1.0014440935736242,0.0015981020850306797
0.21913411031036958,0.21913411031036958,0.9993987503068302,0.001839221571617713
0.21927753381169168,0.21927753381169168,0.9995728831029144,0.0015154285777903799
0.21933456812585064,0.21933456812585064,1.0027139597468198,0.0015932991762056023
0.2194839172090724,0.2194839172090724,1.0007686349464495,0.002321218166058369
0.21962864697943588,0.21962864697943588,0.999286198338974,0.0020443397557008813
0.21970427900560024,0.21970427900560024,1.0010701958440251,0.001904419764368411
0.21985590073982167,0.21985590073982167,1.001121081227219,0.0015325975220879117
0.21995271696760027,0.21995271696760027,0.9997523560276413,0.0023318035200297726
0.2200941515920931,0.2200941515920931,0.9985834906586885,0.0027112261763956617
0.2202259547657377,0.2202259547657377,0.9990717634358897,0.003102455925419166
0.22031781311488885,0.22031781311488885,1.0017269197371845,0.0015185777770211773
0.22040950065002107,0.22040950065002107,1.0070216966507761,0.0015670551036107445
0.22055923181051185,0.22055923181051185,1.0026680254683114,0.002713820419266451
0.2207333712189211,0.2207333712189211,1.0013099070938034,0.0017621644142139345
0.22083710733822953,0.22083710733822953,0.9997526845082572,0.002295734017643501
0.2209705541481526,0.2209705541481526,0.9990192025665845,0.0014922747561082342
0.22105240827731903,0.22105240827731903,0.9979496141642592,0.0015450927959667583
0.22112502360778308,0.22112502360778308,1.0009852946318178,0.0015891046565611473
0.22123282568009017,0.22123282568009017,1.0010265977361685,0.0016793983704010587
0.22132858314707846,0.22132858314707846,1.0000987587602348,0.001832381104990019
0.221467051890977,0.221467051890977,0.9993987091862137,0.0022415142072323923
0.2215543587528373,0.2215543587528373,1.0002869917435242,0.0027109675874146966
0.22169362362183165,0.22169362362183165,1.0003593346012352,0.002672355178212448
0.2218239140966034,0.2218239140966034,1.0005819169115753,0.002179175477751249
0.221966328511553,0.221966328511553,1.0014328649119366,0.0016556741605132982
0.2220923235932787,0.2220923235932787,1.000040575039836,0.0015918146587989546
0.22224333317935815,0.22224333317935815,0.9997513226233968,0.001810966857515043
0.22240438298722437,0.22240438298722437,1.0012300854778438,0.0015347096951849929
0.22246937262989377,0.22246937262989377,0.999032929279708,0.0016702728572143024
0.2225792049201118,0.2225792049201118,0.9996783538596554,0.0026132360881787977
0.22269508052268067,0.22269508052268067,1.0013333666857112,0.001998075169063238
0.22279742531372904,0.22279742531372904,0.9994110954983899,0.001916735100836078
0.22289403129725543,0.22289403129725543,1.0000622138217596,0.0019655159359230545
0.22296424148389632,0.22296424148389632,1.0031101083658238,0.0016335197160160738
0.22307603097287937,0.22307603097287937,1.0023441520859924,0.0022416336226851684
0.22317939053282315,0.22317939053282315,1.00104016981606,0.00311260530936989
0.22332004317249812,0.22332004317249812,0.9999265147252254,0.0026930546697480177
0.2234114948858405,0.2234114948858405,0.998740261837316,0.0014333474042931113
0.22349506067057517,0.22349506067057517,0.9971986616449409,0.0015616135200957682
0.223618460864418,0.223618460864418,1.0012893397317892,0.0017231021576928306
0.22371876394208812,0.22371876394208812,1.0002174251525777,0.0017004087499636997
0.22389340751524286,0.22389340751524286,0.9994200497320378,0.002333219240918497
0.22405429243644903,0.22405429243644903,1.0005157193330263,0.0019150402414513535
0.2241584354882434,0.2241584354882434,0.9982315823834194,0.0020511519078059166
0.22423780803546833,0.22423780803546833,1.000980977641218,0.0016727076140630476
0.22432340602699696,0.22432340602699696,1.0009785791396726,0.0016646978750547072
0.22442930428642285,0.22442930428642285,1.0025146382722485,0.0022255933810510792
0.22457373639608705,0.22457373639608705,0.9998214028776449,0.0026714838466684234
0.2246743442494335,0.2246743442494335,1.0011520347479004,0.002760813914219212
0.2247751599528783,0.2247751599528783,1.0010307002844285,0.0016290633510241362
0.22496432766529323,0.22496432766529323,1.0007453242120683,0.0027141925407042347
0.22512950228156114,0.22512950228156114,0.9982067869129783,0.0016129924060350478
0.22521405431507446,0.22521405431507446,1.0010992493908835,0.0015552975013539618
0.22531920270357658,0.22531920270357658,1.0014267837669983,0.0016624917072897611
0.22543848832265212,0.22543848832265212,1.0006195225225594,0.0017691710085736187
0.22554770615279268,0.22554770615279268,0.9987204295468137,0.002155637471879544
0.2256476066326286,0.2256476066326286,0.9987391397271628,0.002389269533615278
0.2258428039092905,0.2258428039092905,0.9990612518088605,0.0023556847562109426
0.22595593278037995,0.22595593278037995,0.9987609293079887,0.001508093013596393
0.226051779293266,0.226051779293266,1.0008459250310346,0.0022649543358376637
0.2262187820753752,0.2262187820753752,1.0013776682116902,0.0026916375551384645
0.22641000901712688,0.22641000901712688,1.0009613968347346,0.0022081644278608443
0.22649943587693996,0.22649943587693996,1.0001363646054844,0.002165889921433868
0.22663133319056214,0.22663133319056214,1.0003658505578965,0.0015115809157066778
0.2268203499272204,0.2268203499272204,1.0024995211771137,0.0014767491633116004
0.2270488223522989,0.2270488223522989,1.0000380706842162,0.0023294562064081767
0.22722594603874313,0.22722594603874313,1.0016601603175104,0.0020861911852080666
0.22730246941591759,0.22730246941591759,1.0011579873018468,0.0020746196365285003
0.2273946767896632,0.2273946767896632,0.9984061376488805,0.0016246118497688742
0.22748998683728133,0.22748998683728133,0.998500752401883,0.002847735794866542
0.2276315850625906,0.2276315850625906,1.0000223153644519,0.002173947689297844
0.227733409839675,0.227733409839675,0.9990035803405986,0.0028277814918732493
0.227883379330342,0.227883379330342,0.9987306558830372,0.0022043268620378646
0.22802433003907935,0.22802433003907935,1.0010553798096153,0.002242636800411523
0.22818470097645333,0.22818470097645333,1.0002578783392775,0.001552504276291468
0.22831608144388155,0.22831608144388155,0.9992622041108301,0.0015274145276273049
0.22844364253451205,0.22844364253451205,1.0006362567258296,0.0020589108219777356
0.22861392784798226,0.22861392784798226,1.0000948618293133,0.0016885048645105464
0.22870754672039767,0.22870754672039767,0.9997837226387617,0.0020814460301122667
0.2288771438295953,0.2288771438295953,1.0009556355778013,0.0019950647573055242
0.22900995478903496,0.22900995478903496,1.0004202073894573,0.0019069830592904273
0.22910659324734298,0.22910659324734298,0.9988696564611367,0.002356657755506677
0.22920232979104185,0.22920232979104185,0.9995159958427615,0.0016118905611978186
0.22934861520552657,0.22934861520552657,0.9994320267664886,0.0022263325349401158
0.22949503500458376,0.22949503500458376,0.9997713056894385,0.0026858686046596528
0.22959422807525698,0.22959422807525698,0.9991266743515024,0.0013835968867882333
0.22975137919365807,0.22975137919365807,0.9976859089084765,0.0015967592771262526
0.22987144420585537,0.22987144420585537,1.0028018498059814,0.0014970119760837433
0.23013716758796363,0.23013716758796363,1.0017912517670584,0.0023344341006948117
0.23032462251121616,0.23032462251121616,0.9997780299357322,0.0020334810380006336
0.23042043039204146,0.23042043039204146,1.0003582610609967,0.0014841832453244956
0.2305688190726869,0.2305688190726869,0.9998447053293104,0.002363241000979854
0.23074710683540617,0.23074710683540617,0.9986317311595274,0.0021038565307672724
0.23083284295134945,0.23083284295134945,0.99955594869439,0.0021776173531344954
0.23092339818958862,0.23092339818958862,0.9981382896282712,0.0026318487238459025
0.23101327345830214,0.23101327345830214,1.00126215919193,0.0022025335173836555
0.2311390806306008,0.2311390806306008,0.9991207691469259,0.0015373304332396967
0.23125494996820634,0.23125494996820634,1.0004820206340699,0.0015963816476312772
0.2313684247155834,0.2313684247155834,1.0001953587856618,0.0015243935593632423
0.23144586910548243,0.23144586910548243,1.0017397359765663,0.001780828685832881
0.23156701610987512,0.23156701610987512,1.000725930971317,0.002013896395524971
0.23172526166890747,0.23172526166890747,0.9988078913411819,0.0018098362820357984
0.23190852329607878,0.23190852329607878,1.0007502308741771,0.001732181323438117
0.23211467479013664,0.23211467479013664,1.0011628331658744,0.002271465003415491
0.23224981282819498,0.23224981282819498,1.001406688801027,0.002025686113139486
0.2323990835864606,0.2323990835864606,1.0008105489957901,0.0015852442716359108
0.23255042401633547,0.23255042401633547,1.0012411607300493,0.00208832679038871
0.23269970438122983,0.23269970438122983,0.9992982528171929,0.0022237233903940412
0.23282535857561015,0.23282535857561015,0.9998340525487937,0.0016606403777028448
0.23294954625380343,0.23294954625380343,1.0028392703748825,0.0015570103201638604
0.23304833820857312,0.23304833820857312,0.9987830236953025,0.001678700170298374
0.23325482200161787,0.23325482200161787,0.998719715312817,0.0020283992452732333
0.23337456939716503,0.23337456939716503,1.001560556081246,0.0023268307097241503
0.23349056753431796,0.23349056753431796,0.9992466220200938,0.0015514506209649273
0.23365924999470736,0.23365924999470736,1.000356643471352,0.0023678574329331625
0.2338185066011647,0.2338185066011647,0.9988090099045438,0.0015535082711208505
0.23394057435671128,0.23394057435671128,0.999986516882932,0.0026537422428745054
0.2340497486746244,0.2340497486746244,1.0015957777041944,0.0022594648622641504
0.2341798109428055,0.2341798109428055,0.9999470572162149,0.002190817908595975
0.23435655241173664,0.23435655241173664,0.9988544113555351,0.0016100258298215515
0.23450820544985618,0.23450820544985618,0.9983282634680558,0.001579320747389219
0.2346147863814622,0.2346147863814622,1.000963629014939,0.001719219683867269
0.23471202607379382,0.23471202607379382,1.0001148869975298,0.0021129229923731734
0.2348308222433843,0.2348308222433843,0.9982074572789253,0.0023218214950155762
0.23492937218197768,0.23492937218197768,1.0009611245017094,0.0017074795517990876
0.23507647444912436,0.23507647444912436,1.0005414145079317,0.0021036218295026636
0.2351905706407706,0.2351905706407706,1.0015897053935938,0.0018689091985142556
0.2353429578308351,0.2353429578308351,1.0007968338240727,0.002032280171172414
0.23546059879608947,0.23546059879608947,0.999302921986397,0.0022074489095474923
0.23563341508106533,0.23563341508106533,0.9993577355906641,0.002645021151833288
0.23575773397005834,0.23575773397005834,1.0000607303103628,0.002700136814589349
0.23586947051699098,0.23586947051699098,1.0011358958105625,0.0013900846976508982
0.23598705754866386,0.23598705754866386,0.9983097073858769,0.0017151648695834174
0.23609602817268752,0.23609602817268752,1.0021631650246086,0.00150403985300166
0.23622531680612155,0.23622531680612155,1.0010028305671912,0.0016417803388716536
0.23634231722753613,0.23634231722753613,1.0003385767272106,0.0014939810248796577
0.23642158206075692,0.23642158206075692,1.0032972261487219,0.0022591785713379393
0.23656266866346415,0.23656266866346415,0.9986742421385776,0.0015588906142207262
0.23666050141728193,0.23666050141728193,0.9993915501942496,0.002228912499962293
0.23678774692998558,0.23678774692998558,1.0001907745573748,0.002068807240976371
0.23694170322905847,0.23694170322905847,1.002098993438194,0.0029666445276448805
0.23709211143341236,0.23709211143341236,0.9988479141010096,0.0026890171360874774
0.23724186496347102,0.23724186496347102,0.9999427247428173,0.0026916574610413484
0.23738921297626803,0.23738921297626803,1.0006765006546492,0.001497481181372406
0.23756299995893643,0.23756299995893643,1.000352720837989,0.0016348996982094386
0.2376963262067875,0.2376963262067875,1.0003210781717413,0.0016052038316492288
0.23777702784100258,0.23777702784100258,1.000095087419124,0.002076951721770709
0.23791257266930188,0.23791257266930188,0.9998808093756288,0.0020127968084246326
0.23801826288054145,0.23801826288054145,1.0001157618614926,0.0015340965254228077
0.23810507892376337,0.23810507892376337,1.0005866073336673,0.0017675586051329368
0.23831115766170113,0.23831115766170113,0.9998640699813119,0.001987764236898594
0.23845274165742011,0.23845274165742011,1.0031596845376827,0.0020375254800048047
0.23861871919980332,0.23861871919980332,0.9996132160433726,0.00215821611271916
0.23874669196284232,0.23874669196284232,1.0007568896161687,0.0026165770673024476
0.23883454603528662,0.23883454603528662,0.9983497340022159,0.002736506199154565
0.23891898592391952,0.23891898592391952,0.9994953987509897,0.0015657956406762135
0.2390206611064059,0.2390206611064059,1.0005128369792713,0.0014926040466493467
0.23912045857014164,0.23912045857014164,0.9989225683410998,0.0016466720044806965
0.23923719361573603,0.23923719361573603,0.9998225071176581,0.0014587707868215754
0.2393893839995144,0.2393893839995144,1.0034268312110413,0.0016728673130271283
0.2395105348623474,0.2395105348623474,0.9999672609257738,0.002023612223859077
0.23967477828682604,0.23967477828682604,1.001685789764397,0.00202165005171203
0.23977915558880342,0.23977915558880342,1.0011900729018397,0.0023183797367760115
0.23992168523545843,0.23992168523545843,0.9984161692333118,0.0016550555216795753
0.2400692386276205,0.2400692386276205,1.0000390886468196,0.0022949433132357453
0.24019843688583933,0.24019843688583933,1.0001229026131686,0.0031009625836120464
0.24035772207334957,0.24035772207334957,0.9984152874428546,0.0027320972406980008
0.24043863150491235,0.24043863150491235,1.0005766804039231,0.0015803664351429158
0.24057738708597753,0.24057738708597753,1.0004608530162902,0.0028702956121446827
0.24069288945556763,0.24069288945556763,1.001549196716938,0.0016022611340232745
0.24079672873813251,0.24079672873813251,0.9993844883475995,0.0016232725142886002
0.24086981259533785,0.24086981259533785,1.000367101003375,0.002134054920459158
0.24097946005640553,0.24097946005640553,0.9998708851708724,0.00197502550429021
0.24111686617179656,0.24111686617179656,1.0020008147303985,0.0015791903076299006
0.24120371167682605,0.24120371167682605,1.00104756533952,0.0016392202971693096
0.24139275689794887,0.24139275689794887,0.9981209281402436,0.0019644422903581952
0.2415437999765345,0.2415437999765345,1.0005562782421829,0.0016298801288961314
0.24163652585102682,0.24163652585102682,0.9989354362986305,0.002657058994198228
0.24179205228556383,0.24179205228556383,1.002575298364397,0.0021762690060523277
0.24187934821202361,0.24187934821202361,0.9998171752863728,0.0030655812103178776
0.2419961443230932,0.2419961443230932,1.0010793188255893,0.0016097218669894602
0.2421190052127713,0.2421190052127713,1.0008139781920589,0.00257394848292539
0.24220491920568749,0.24220491920568749,1.0004566745246493,0.0017357274237036278
0.24230273034463606,0.24230273034463606,0.998487481817542,0.0014365259325433072
0.2424282985188256,0.2424282985188256,1.0036839356654539,0.0015861992314006566
0.24248011095278343,0.24248011095278343,0.9974803275306654,0.0017020838982459024
0.2426291705643962,0.2426291705643962,0.9991554165819118,0.0023424522362692447
0.24279744183804725,0.24279744183804725,1.003826802145851,0.001642164843281046
0.24285421557833614,0.24285421557833614,0.9987340970028423,0.0019082874419101502
0.2430027830592735,0.2430027830592735,1.001413312359675,0.001951876993777173
0.24306505560525693,0.24306505560525693,0.9986504505802761,0.001728712391639991
0.24319262863737096,0.24319262863737096,0.9997502013017922,0.0027001051261192352
0.2433304432881414,0.2433304432881414,1.0001406457158555,0.002714776146217595
0.24345580929348215,0.24345580929348215,0.9992969918363146,0.0026636330471605713
0.24355168045676692,0.24355168045676692,0.9982420133434232,0.0014912720163261291
0.24364628605453617,0.24364628605453617,1.0043252104103846,0.0027696825497452973
0.24382223898119265,0.24382223898119265,1.0018193617598503,0.0016081572205328032
0.2439424461348608,0.2439424461348608,1.0007716388099794,0.0017467138416649725
0.24404533880169765,0.24404533880169765,1.0019869513423483,0.0022116428480724376
0.24419071808315493,0.24419071808315493,1.000152822379853,0.0015585920941866111
0.2442627148657266,0.2442627148657266,0.9990906287178687,0.0014553084952927985
0.24434713186765294,0.24434713186765294,0.9985401735346346,0.001712886760258341
0.24445750935792604,0.24445750935792604,0.9987603349869145,0.001964141279605754
0.24456796504018713,0.24456796504018713,0.9987695235729074,0.0014666761010879792
0.24466684026392613,0.24466684026392613,1.0005359702763954,0.002539189406062672
0.24473793506422226,0.24473793506422226,0.9987921998608067,0.0027034029604690738
0.2448573838611992,0.2448573838611992,1.0009061621333655,0.0024718143794746554
0.2449931854411261,0.2449931854411261,1.0005758468958947,0.0026420668629407893
0.24515005462908449,0.24515005462908449,1.0024605465432974,0.0016579160153778482
0.245275866976408,0.245275866976408,0.9997068042326926,0.0015921769765062683
0.24542694065094112,0.24542694065094112,0.9994553087194348,0.001810528763548759
0.2455877084459644,0.2455877084459644,1.000873337300535,0.0015347787504143531
0.2456527616524909,0.2456527616524909,0.9986771019761314,0.0016733735145444632
0.24576278738641122,0.24576278738641122,1.000597691109546,0.0026165254092500685
0.24587854125984449,0.24587854125984449,0.9981094404222388,0.0019992689141593344
0.245962146524289,0.245962146524289,1.0010448533797227,0.001918039133171609
0.2460655555849371,0.2460655555849371,1.0013284342187152,0.0015898042488770292
0.24613300688815798,0.24613300688815798,1.0008352972618526,0.0020423358089510634
0.24623171292914775,0.24623171292914775,1.001277875583015,0.0022142343963582932
0.2463390101214827,0.2463390101214827,1.0004643507288074,0.0031132725063445833
0.24647576352581382,0.24647576352581382,0.9989258775682746,0.0026917840214366827
0.2465868166371365,0.2465868166371365,1.0003688167467761,0.001434418239930281
0.24666140092831484,0.24666140092831484,1.0001335354640672,0.0015761743755473255
0.24677854797901091,0.24677854797901091,0.9986381770325856,0.0017708661416194487
0.24690228146573645,0.24690228146573645,0.9999206420807087,0.0017020577252614064
0.24707696170353302,0.24707696170353302,0.9980657603367241,0.002331517646141849
0.2472376895015259,0.2472376895015259,0.999885468400206,0.0019185508480477186
0.247341935834811,0.247341935834811,1.000858956808452,0.002044799196231176
0.2474212749299113,0.2474212749299113,1.0005306315302211,0.0016753448292944578
0.2475068012430711,0.2475068012430711,1.000577288841115,0.0016630887020345683
0.24761278713576756,0.24761278713576756,1.000191774367412,0.002231195870837266
0.24775730287619807,0.24775730287619807,1.0005852100719146,0.002670130743053291
0.24785795080042589,0.24785795080042589,1.000629796587692,0.0027634915245652366
0.24798593576142594,0.24798593576142594,0.9981915307487252,0.0022170922099426196
0.24818902190381778,0.24818902190381778,1.0004424556897844,0.0022467017400237274
0.24833724220115982,0.24833724220115982,1.0004104355826036,0.001599646833472836
0.24841379269419123,0.24841379269419123,1.0000429428578552,0.0017404968415965743
0.24854885774730065,0.24854885774730065,1.0002745768353374,0.0015411552532121435
0.248668898525284,0.248668898525284,0.9996023578962034,0.0016664592038421367
0.2487634466095187,0.2487634466095187,1.003513461713247,0.0022551931412396996
0.24891200050587942,0.24891200050587942,1.0008081360966838,0.0024126585710160077
0.2490578765526152,0.2490578765526152,1.0005941782567505,0.002275851099155572
0.24918125690383022,0.24918125690383022,1.0007912557305922,0.0023270513651392592
0.24929634577492835,0.24929634577492835,1.0001073157410345,0.0015350732819120708
0.24954598674867157,0.24954598674867157,0.9995936161572715,0.002692154623467448
0.24964460160063026,0.24964460160063026,1.0001680168593778,0.002683377913019711
0.24974186264007586,0.24974186264007586,1.001507079525439,0.0015215960779588404
0.24991593800441478,0.24991593800441478,1.0006921486849414,0.0014594551937267212
0.2501286146882194,0.2501286146882194,0.9995207233054962,0.0020086545993783125
0.25035526075917003,0.25035526075917003,1.0013605489235804,0.002322202370377785
0.25045605521718245,0.25045605521718245,1.0002537001001557,0.0021958604406130612
0.2505367552337702,0.2505367552337702,0.9984703034934803,0.0015727216365299455
0.25065241728334514,0.25065241728334514,0.9997109302651367,0.002328113879721865
0.2507773384821121,0.2507773384821121,1.0009324296647928,0.0014932054568718856
0.2509161864309135,0.2509161864309135,1.002719968104302,0.0032082835383530767
0.25108934399377175,0.25108934399377175,0.9995271025938172,0.002178842474068819
0.2512408271988534,0.2512408271988534,0.9999584631037234,0.002273709996980975
0.2514036097079952,0.2514036097079952,0.9992059641799148,0.0015544178052750545
0.25154230171701786,0.25154230171701786,1.0001636957238706,0.0016030484330002467
0.25166108861394604,0.25166108861394604,1.0002104223112633,0.002123222842092379
0.25182157526942317,0.25182157526942317,1.0007943265746113,0.0015362250818163844
0.2519132271949275,0.2519132271949275,0.9998606382805667,0.002135805600167154
0.2521015430249463,0.2521015430249463,1.0025365861375377,0.0019884177489363775
0.2522037750637537,0.2522037750637537,0.9991429340214163,0.0018609273798295175
0.25229018407262627,0.25229018407262627,1.0009336333426104,0.00235456032133073
0.2523858141334131,0.2523858141334131,1.0000877866294213,0.0016134290649146925
0.25252079777383185,0.25252079777383185,1.0026997499881989,0.0023088525233840164
0.25264593735737434,0.25264593735737434,1.0021927633346452,0.003102089717204479
0.2527524513006938,0.2527524513006938,0.9989855922853479,0.001457019709253411
0.25290678260298594,0.25290678260298594,1.0008976209509886,0.0015965041264322927
0.2530326349520692,0.2530326349520692,1.0005613585342203,0.0014089558064331834
0.253263686693208,0.253263686693208,1.0005293607377739,0.002038276201742327
0.253478577433998,0.253478577433998,0.9995712476168404,0.0023018468760304936
0.25358238795361104,0.25358238795361104,0.9997023729372717,0.0016095344321199387
0.2537212275201455,0.2537212275201455,1.0008038647581292,0.0020181203733450424
0.25386190044591783,0.25386190044591783,1.0003882947212657,0.0024030738254758157
0.2539966119114979,0.2539966119114979,1.0001866102698274,0.0022256032004764744
0.2540815435271725,0.2540815435271725,0.9979908282083414,0.0026468760196931814
0.254180438300682,0.254180438300682,1.0000987645238688,0.0015593268574157593
0.25431501145958463,0.25431501145958463,0.9996399539179576,0.0021475462153311155
0.25443849676885294,0.25443849676885294,0.9992493546249335,0.0015977346540217811
0.2545518513188654,0.2545518513188654,1.0020960087046826,0.0015257329561540662
0.25462940534107475,0.25462940534107475,1.000771013134592,0.001519062571464928
0.2547250302653993,0.2547250302653993,1.0002779025589752,0.002196527197936328
0.2548495546894628,0.2548495546894628,1.0002340245826447,0.0017057751307802283
0.2550022726412863,0.2550022726412863,1.0017310083731923,0.0017327894435237461
0.2552124229991023,0.2552124229991023,0.999787426163639,0.001553181721739269
0.2553547054933006,0.2553547054933006,0.9993849445204411,0.002631896848922115
0.2554824648255817,0.2554824648255817,1.0036718900086403,0.0015679481828007175
0.2556371467993813,0.2556371467993813,0.9992703487735646,0.0015642359871222353
0.2557645116592539,0.2557645116592539,1.0075017146709961,0.0026187063140630843
0.25591825066876484,0.25591825066876484,0.999346236369577,0.0016075527385690299
0.2560532368008353,0.2560532368008353,0.9994193087035027,0.001705855473476842
0.2561640476969842,0.2561640476969842,0.9988667907875699,0.0014731077752522127
0.2563256450504923,0.2563256450504923,1.0006493668789207,0.00181984194555408
0.25651901053970505,0.25651901053970505,0.9992788265530637,0.0025604702778596346
0.2566264684552152,0.2566264684552152,0.9971253786120826,0.0016898211452851721
0.2567737419787591,0.2567737419787591,0.9993038060892576,0.0019751966136903913
0.25693171582843205,0.25693171582843205,0.9994939227498867,0.001984154533380053
0.25710006820063425,0.25710006820063425,0.99826682783509,0.0021866043803537337
0.2571813873246356,0.2571813873246356,0.999584321258083,0.0027357177286394365
0.25730568019189376,0.25730568019189376,0.9985546931010809,0.002203722561680529
0.2574364576848893,0.2574364576848893,0.999869786556429,0.001606148130431282
0.257615548953072,0.257615548953072,0.9997973171958782,0.0016100211330803127
0.2577183415362015,0.2577183415362015,0.9997108874914995,0.0015262709739895337
0.2578440122568281,0.2578440122568281,0.9990711777727107,0.002166068425131747
0.2579319921331262,0.2579319921331262,1.0029159344874108,0.002111182328658952
0.2580665324232541,0.2580665324232541,0.9994802597896479,0.001965581791081241
0.25814715487176726,0.25814715487176726,1.0015282163844543,0.0017665421897871364
0.2583054733922836,0.2583054733922836,1.0005018226712008,0.001980964226169783
0.2584038923047046,0.2584038923047046,0.9996033378213488,0.0022596474517516366
0.2585436689971175,0.2585436689971175,1.0009781340251984,0.0022160876933007673
0.25871793902115314,0.25871793902115314,0.9983833108829134,0.0015597266538488089
0.25887235442623935,0.25887235442623935,0.9994401278770217,0.0034054446004589704
0.25898739188523906,0.25898739188523906,0.9995867658483848,0.0015647146369350139
0.2590993300316768,0.2590993300316768,0.9990622379691573,0.001540199641258522
0.25921555635522964,0.25921555635522964,1.0002160223705583,0.0017089285476068346
0.2593227325653061,0.2593227325653061,0.9992551898282287,0.0014709489113558908
0.2594556249465313,0.2594556249465313,0.9995030684704049,0.0016418703366653212
0.2595751462082262,0.2595751462082262,0.9989877253241616,0.001902561964242648
0.2596649589775552,0.2596649589775552,1.000522225627295,0.001967869471555077
0.25978444491920527,0.25978444491920527,1.000667572437655,0.0018927540421187473
0.259898207236256,0.259898207236256,1.0009466209230815,0.00198481814163
0.26003252331829574,0.26003252331829574,1.0011529812550706,0.0024936682920024887
0.2602324974066505,0.2602324974066505,1.0016383490904661,0.0030946061036116407
0.26036392170444744,0.26036392170444744,1.001066273235018,0.0026980592700213057
0.2605023947719019,0.2605023947719019,0.9997229872322491,0.0015703572891475985
0.260655200011206,0.260655200011206,1.0014855422017257,0.00148237119796151
0.26077720252997094,0.26077720252997094,1.0003772614688236,0.0016311236263710394
0.2609219444639166,0.2609219444639166,0.9989211304675167,0.001748208162508521
0.2610043141618007,0.2610043141618007,1.000559196667656,0.002045866871064562
0.2611481889975039,0.2611481889975039,1.0005498507243,0.0019438773939949004
0.2612287097661465,0.2612287097661465,0.9999303302715677,0.0016020111358130938
0.2613515946226471,0.2613515946226471,0.9992766241231333,0.0017824097570005568
0.2615222971138792,0.2615222971138792,0.9994706633239339,0.002377351805057744
0.2616539128268414,0.2616539128268414,0.9992363831539948,0.0022071525994522613
0.26184741676133855,0.26184741676133855,0.9997627630406797,0.0015213340930178639
0.26194828611187404,0.26194828611187404,1.0002034912553854,0.0030330066624533114
0.26204492542656227,0.26204492542656227,0.9974130798291654,0.002246266760979902
0.26214261667591926,0.26214261667591926,1.001808552388109,0.0015613613814357444
0.2622425864054094,0.2622425864054094,0.9969393784635701,0.0015430211307622922
0.2623382540887178,0.2623382540887178,0.9990421634145006,0.0015961025272594517
0.2624860673533476,0.2624860673533476,1.0016860415289837,0.0015121154864233869
0.26261589359382925,0.26261589359382925,0.9988023249536211,0.0016695700065151385
0.2627620747602123,0.2627620747602123,0.999820079636455,0.0023180803217407253
0.262899482667126,0.262899482667126,0.997826139416954,0.0019282708456260602
0.2630462371596877,0.2630462371596877,0.9988728091991229,0.002074834553102557
0.2631384552876625,0.2631384552876625,1.0015933702920683,0.0016603240980841833
0.2633163619115294,0.2633163619115294,1.0008755994799607,0.002722179999160257
0.2634158528164335,0.2634158528164335,1.0009855908054102,0.0031062084305770654
0.26355619791265783,0.26355619791265783,1.001350391578573,0.0022407682220892755
0.26364229553637414,0.26364229553637414,0.9994690655785577,0.0016320615066765225
0.2637890286858237,0.2637890286858237,0.9968306671334352,0.0028751391330934426
0.263909360287289,0.263909360287289,0.9999624085615538,0.0014982221358725738
0.264023678412741,0.264023678412741,1.0006082770801927,0.001816938348473584
0.2641426921431048,0.2641426921431048,1.00217508660984,0.0024087009493900945
0.2643002689783316,0.2643002689783316,0.9999692152556564,0.001580368230468108
0.26439757439184175,0.26439757439184175,0.9992170360634823,0.0017690612781428015
0.26462050962309147,0.26462050962309147,1.0008763458057184,0.0023117315151859005
0.26472725458061175,0.26472725458061175,1.0013720330261477,0.001631478331654361
0.26481999522238764,0.26481999522238764,0.9988791884757979,0.0026582859296697047
0.2649755357017057,0.2649755357017057,0.9999427418550356,0.0021783075952373047
0.26506293339134573,0.26506293339134573,0.9983355512731473,0.0030621575741665665
0.2651599195891322,0.2651599195891322,0.9993223493212323,0.0015590502349783785
0.2652749258490076,0.2652749258490076,1.0003817929035765,0.00260129148470128
0.26537089437570105,0.26537089437570105,0.9992819222686148,0.0016006001288420002
0.2654824280209141,0.2654824280209141,1.0006827489688415,0.001640511421129222
0.26562878479307983,0.26562878479307983,0.9997882529594995,0.0015879626122063321
0.2656826628457566,0.2656826628457566,0.9993825251572795,0.0016249406805561562
0.26584827369006236,0.26584827369006236,0.9991549949821866,0.002326666301021723
0.265980845404556,0.265980845404556,0.9993299420424886,0.0016417539544859624
0.26607118241608985,0.26607118241608985,0.9996045311891792,0.002266560276549606
0.2662150646447117,0.2662150646447117,0.9984385953809308,0.0015482851665608553
0.26628887889637554,0.26628887889637554,1.0001073403785656,0.001743135661269788
0.2664346308920358,0.2664346308920358,1.0006799196739427,0.0031010004830661644
0.2665824865956893,0.2665824865956893,1.0004247258865597,0.0030646846202492953
0.2667017308172944,0.2667017308172944,1.0021405974975366,0.0016557383580312046
0.26676627965480293,0.26676627965480293,1.0004728603718658,0.00144524175764101
0.26688460408240644,0.26688460408240644,1.0012547017988087,0.002782922686565088
0.26708369106381724,0.26708369106381724,1.0020636882845146,0.0017196026038574133
0.2671694252114321,0.2671694252114321,1.001163540616195,0.0019613595766009026
0.26729914668831045,0.26729914668831045,1.001606223088941,0.0018768624517752953
0.267406528751053,0.267406528751053,1.001907406533246,0.0015162279376527
0.2674750370539186,0.2674750370539186,1.0002777850278386,0.0016236158505387771
0.26757394616561214,0.26757394616561214,1.0003353066238456,0.001612722988071085
0.2676818632895447,0.2676818632895447,0.9996250108813021,0.0018914850877977999
0.2678054511285154,0.2678054511285154,0.9984942783061689,0.0015940441630493893
0.2679065083148089,0.2679065083148089,1.0003955602299521,0.0031185603561631374
0.26802587349193346,0.26802587349193346,0.9982091971196917,0.0021795195019127162
0.26817481294947354,0.26817481294947354,0.9993450426160896,0.0026526087365782536
0.26830909108284684,0.26830909108284684,0.9987707567447037,0.0016574443814223831
0.26843748280716684,0.26843748280716684,1.0003856583190844,0.001591670750704706
0.26855040299014943,0.26855040299014943,1.0006341296050558,0.0016827076829067414
0.2687296672391312,0.2687296672391312,1.0024103711340302,0.0017387651201614426
0.26878642207993836,0.26878642207993836,0.9988982984356756,0.0020093916361484765
0.2688862712075206,0.2688862712075206,0.9999615563366444,0.0020194541857409543
0.2689659220501198,0.2689659220501198,0.9985317285340589,0.0022608848938090085
0.26908918447097674,0.26908918447097674,1.0016432643178441,0.002009657590781251
0.2691786815033993,0.2691786815033993,0.9999924623270864,0.0019617726028771923
0.26927326958939374,0.26927326958939374,1.000195339731537,0.002009332660187866
0.26934073536504,0.26934073536504,1.0006644768284647,0.001630114711435465
0.26947185580811495,0.26947185580811495,0.999904349543072,0.0022490602053322458
0.26957140039157823,0.26957140039157823,1.0022873856210492,0.003468520519330823
0.2697168037044321,0.2697168037044321,1.000491968121289,0.0021882576562149898
0.2698085791585981,0.2698085791585981,1.0016310611507309,0.0015700097286185035
0.2699107913140324,0.2699107913140324,1.0011308576378972,0.001503839384083726
0.27001184167347675,0.27001184167347675,0.9976010608396857,0.001868645956870775
0.2702161216528111,0.2702161216528111,1.0001417621789077,0.0016767461006683838
0.27033641420857746,0.27033641420857746,1.0024568478622937,0.00263028292969082
0.2704951653338867,0.2704951653338867,0.9994140285469111,0.001594819161655183
0.27057002043147804,0.27057002043147804,1.0031117593784848,0.0020437509680134277
0.27064906577561487,0.27064906577561487,0.998909368587117,0.0016716011326707136
0.2707335765246171,0.2707335765246171,0.9981157269097649,0.0023261479385460835
0.27084302805560584,0.27084302805560584,0.9989576237068754,0.0014338510270535613
0.2709868020601789,0.2709868020601789,0.9987628580786968,0.002769118062523552
0.27105637730292076,0.27105637730292076,1.0001194195222678,0.0026649553445476544
0.2711726776278738,0.2711726776278738,0.998956135125485,0.0021772316733452875
0.27137282765597776,0.27137282765597776,0.9981196369076704,0.0022437737061676024
0.2715206626089639,0.2715206626089639,1.0003861365329954,0.0015995530807368578
0.2715974301840106,0.2715974301840106,0.999380142046931,0.0017379129893220174
0.27174059118515287,0.27174059118515287,0.998775988070393,0.0016719781597255845
0.2718722918190906,0.2718722918190906,0.9968905290188076,0.00158112693036743
0.27196330233782645,0.27196330233782645,0.9982119331611298,0.0022331372949559738
0.2720955900947956,0.2720955900947956,1.0001417063538844,0.002415996813326737
0.272262353329279,0.272262353329279,1.0011041828109077,0.0023158256604131028
0.27238080605038706,0.27238080605038706,0.9985037513947344,0.0023245297987410664
0.2725284905242006,0.2725284905242006,1.000799457454382,0.0021775124843476427
0.2727324630692237,0.2727324630692237,1.0002443231938796,0.002472205696832183
0.27282822132165163,0.27282822132165163,0.9992877741029187,0.0026833402526623903
0.2729251324564757,0.2729251324564757,0.9991083762008117,0.0015246374077825494
0.2730993183049577,0.2730993183049577,0.9988205855620584,0.00146009800972706
0.2733064034769995,0.2733064034769995,1.0011485665611124,0.001985690929597542
0.27348078335453463,0.27348078335453463,1.0007118189543975,0.002274783113631394
0.2736161111221008,0.2736161111221008,1.0001042991953164,0.0021956656509892385
0.2736857400030203,0.2736857400030203,0.9990629176956908,0.0015896703742406132
0.27378375048465386,0.27378375048465386,0.9995353512814775,0.0016355635094008805
0.2738888227901043,0.2738888227901043,1.0001924602084884,0.0022289586255541125
0.27406927915653795,0.27406927915653795,0.99930732118533,0.002695939679782441
0.27419724388510075,0.27419724388510075,1.0003807099651552,0.002377984933515132
0.27436296709856833,0.27436296709856833,0.9999790724331881,0.0027060489756893513
0.27451263534057946,0.27451263534057946,0.99915285910619,0.0016071291125131046
0.27468301814624285,0.27468301814624285,1.0004761948075747,0.0015272167858318701
0.2748107118728512,0.2748107118728512,0.9984591976265367,0.0020590796750271224
0.2749807094432981,0.2749807094432981,1.0004538292320393,0.0016875478243056619
0.2750536499570444,0.2750536499570444,1.0008834295644884,0.0016771601528577443
0.2752067631596219,0.2752067631596219,0.9979705773812512,0.0020081859181726096
0.27535813410449916,0.27535813410449916,1.0011698291531907,0.0022805183476087504
0.2754360615992482,0.2754360615992482,0.9991364169932948,0.0019633770679882527
0.27551932790320277,0.27551932790320277,1.001000614323934,0.001989780427637064
0.2756652737385593,0.2756652737385593,1.002380654705434,0.0023390782056789032
0.2757631160709934,0.2757631160709934,0.9997039698658771,0.002667766530840941
0.275904506795996,0.275904506795996,0.9987243820955202,0.002175664450509064
0.27604593275227673,0.27604593275227673,1.001497491001327,0.0015753375505404381
0.27619978267048284,0.27619978267048284,1.0009245795472672,0.0014596971871686007
0.276340421126406,0.276340421126406,1.0025221318058575,0.0016579290178697522
0.2765372166459201,0.2765372166459201,1.0010678983032713,0.002569239571377964
0.2767170421215269,0.2767170421215269,1.000326953233171,0.001665365932540052
0.27680238444045246,0.27680238444045246,0.9996407652076209,0.0014393250104703793
0.27693594328356996,0.27693594328356996,0.9980265432981387,0.00237010572544896
0.2770833709324506,0.2770833709324506,1.0009669311472056,0.0020985619168266173
0.27719485201723726,0.27719485201723726,1.0006388807827307,0.002684413022921457
0.27730835451620806,0.27730835451620806,1.0004688800079165,0.002141761067888913
0.2774005419003515,0.2774005419003515,1.0001463287215595,0.0021883397547598905
0.2775659419301519,0.2775659419301519,0.9999954917153033,0.001588213525750409
0.27768590966734336,0.27768590966734336,0.9998170324580744,0.001527848839541057
0.27780191697947887,0.27780191697947887,1.0003378018472573,0.0015718866420773032
0.2778854670383225,0.2778854670383225,1.0007339849362595,0.0021063333149047205
0.27800747141100146,0.27800747141100146,1.0009690628369627,0.0018130435785241599
0.2781525159094599,0.2781525159094599,1.0003154218787293,0.001672535052510737
0.2783783485781896,0.2783783485781896,1.0005310239780072,0.0016117057411635413
0.27853834251618537,0.27853834251618537,0.9992114493359061,0.0026330063147138785
0.27866327347874176,0.27866327347874176,0.9975023236000821,0.001539368440077466
0.27879678477547715,0.27879678477547715,0.9997029125959728,0.0015508579195860485
0.2789479101093093,0.2789479101093093,1.003847311726084,0.002620456514208568
0.2790881628772695,0.2790881628772695,1.0027987598261014,0.0015832709641188398
0.27924251172335063,0.27924251172335063,0.9980408364833906,0.0016739086023188372
0.27935802964784673,0.27935802964784673,0.9990217245266994,0.0014152077762698075
0.27951813972067613,0.27951813972067613,1.0000666623119718,0.0018726043889740636
0.27970254983192716,0.27970254983192716,0.9999442372261779,0.0025608960867564033
0.2798099931122124,0.2798099931122124,1.0026515122534636,0.0016916134675115612
0.27995720532981067,0.27995720532981067,1.002697504553737,0.0019748689880956572
0.2801195423347963,0.2801195423347963,0.9979271515615761,0.00198475218424271
0.2802960678729505,0.2802960678729505,0.999024217985165,0.002190265795046277
0.28039247443703064,0.28039247443703064,0.9989035943671031,0.0027473101478846054
0.2805057190307707,0.2805057190307707,1.0011269472390696,0.0021504980873719437
0.28064619736287566,0.28064619736287566,0.9998934494383362,0.001599103694449274
0.2807991649126052,0.2807991649126052,0.9981855348001755,0.0016123918549340965
0.2809018254702096,0.2809018254702096,0.9990623398464524,0.0015260693759145609
0.2810110822518254,0.2810110822518254,0.9998814877893345,0.002122828560156476
0.28109850367327455,0.28109850367327455,0.9997125889329969,0.0018184954809374505
0.28122243014295234,0.28122243014295234,0.999383138269244,0.0023275222606851257
0.28131337477607304,0.28131337477607304,0.9983417378451008,0.0016549877972529443
0.28147836817934146,0.28147836817934146,1.00042298357734,0.00206836696644818
0.2815604623387117,0.2815604623387117,0.9989412593668797,0.0018387742277189833
0.2817102072001944,0.2817102072001944,1.0005692725583757,0.0020380909102911005
0.2818590124474213,0.2818590124474213,1.0004585647302284,0.002186181157765559
0.2820323197538528,0.2820323197538528,1.0002482046613248,0.002656715334768384
0.28212523319998584,0.28212523319998584,0.9994634737019881,0.0027079026940242043
0.2822359777250313,0.2822359777250313,1.0009095843434326,0.001392418906581982
0.2823283032437757,0.2823283032437757,1.0002759349350143,0.0016904577760076182
0.28244481742949573,0.28244481742949573,1.000866461302252,0.0015932007845106792
0.2825621797937856,0.2825621797937856,0.9990697573988088,0.0015304596530970158
0.2826871714625668,0.2826871714625668,0.9997639307461575,0.0016172372495939721
0.28280616516058216,0.28280616516058216,1.000222903362845,0.0022684872999226627
0.282951031018456,0.282951031018456,1.0008065389287797,0.001557229254283982
0.2830485132739341,0.2830485132739341,1.0020185661792271,0.0022774108164917975
0.28318797092615566,0.28318797092615566,0.999423155615213,0.002025317511703329
0.2833857701447414,0.2833857701447414,0.9980115042896521,0.003093751012597772
0.2835159086667772,0.2835159086667772,1.0009985476871976,0.002707499005150192
0.28365462323708923,0.28365462323708923,0.9991468061878127,0.002173151060947718
0.2838142243819675,0.2838142243819675,0.9980618125406073,0.001540207404689606
0.28393622302555743,0.28393622302555743,0.9999453621185592,0.0016004332037830031
0.2840789542908169,0.2840789542908169,0.9998064072783996,0.0016657478188250485
0.2841627771163985,0.2841627771163985,1.0007930569639616,0.002051024510415072
0.28426200358735515,0.28426200358735515,1.0007701290848772,0.0019602538794215216
0.28437528919239413,0.28437528919239413,1.0013785729984561,0.0016234039156252963
0.2844429304281221,0.2844429304281221,0.9995681209590319,0.0016545738455891208
0.28463863748838775,0.28463863748838775,0.998570071186526,0.001985154356794922
0.28481978824311227,0.28481978824311227,0.9972701496113057,0.0020376754003689603
0.28498565473510096,0.28498565473510096,0.9991777522649752,0.0021606631065021168
0.2851136177701846,0.2851136177701846,1.00069911427713,0.002624095923098024
0.2852125695117138,0.2852125695117138,0.9997095492775884,0.002733008573004656
0.28530436521432423,0.28530436521432423,0.9981035206181892,0.0015144316236511408
0.28541796645658907,0.28541796645658907,0.9991238376804488,0.0015969230131265943
0.2855269481571668,0.2855269481571668,1.0011634047825764,0.0016080973732974634
0.2856717325306818,0.2856717325306818,0.9970134361317363,0.0015104602099835448
0.2857993781244659,0.2857993781244659,0.9980726629260402,0.0016715000715251237
0.28593255071773455,0.28593255071773455,0.9984104146592646,0.0022913994792735258
0.28607444486042366,0.28607444486042366,0.995676792084466,0.001523904854878946
0.28622282694996104,0.28622282694996104,1.0011407401190293,0.00238079762780798
0.2863217513020572,0.2863217513020572,0.9981669341318661,0.001661728673046929
0.2864759639986005,0.2864759639986005,0.999294155393453,0.0022944002403017397
0.28656565910405335,0.28656565910405335,0.9991308779964214,0.003107420459217378
0.28672503174693703,0.28672503174693703,1.0006297959893138,0.0027343516334209753
0.2868056020193762,0.2868056020193762,0.9988361820128459,0.0015824234301915804
0.2869626970814352,0.2869626970814352,0.9985570959317988,0.001585648606777307
0.2871207160731501,0.2871207160731501,1.0002031197170986,0.0015673668306516006
0.2872226650841185,0.2872226650841185,0.9971565237470041,0.0018178338683689076
0.28735370931917714,0.28735370931917714,1.0020803891822854,0.002331235717021895
0.2874836717137441,0.2874836717137441,1.0007430987459116,0.0015809650787240216
0.28755715709066865,0.28755715709066865,0.9997267583788,0.0017729106672839333
0.28776118914865945,0.28776118914865945,1.0005543120611402,0.0023781578182856247
0.28791070926727114,0.28791070926727114,0.9989061433025626,0.0016301752799088953
0.2879824233352338,0.2879824233352338,0.9995940264651004,0.002206000152903888
0.2881274885883613,0.2881274885883613,1.0003937863028818,0.002176201914235767
0.2882305035365789,0.2882305035365789,0.9999865030645048,0.003072635576702288
0.288324091533832,0.288324091533832,1.001258752866387,0.0022045170102198237
0.2884415901828106,0.2884415901828106,1.0028406818572762,0.0015934482231509876
0.28855456068431523,0.28855456068431523,0.9998913390903807,0.0016017241217000638
0.2886659667961794,0.2886659667961794,0.9988243938447203,0.0016415384765325104
0.28882748540690956,0.28882748540690956,1.0005078145180268,0.0015140706276272644
0.28888961446209577,0.28888961446209577,1.0018642732486518,0.001702914577505631
0.28906654984584745,0.28906654984584745,0.9991821226434761,0.0022505256468099057
0.2891791707075754,0.2891791707075754,1.0026880217857863,0.002054729800726032
0.2892923101553606,0.2892923101553606,1.000046223847899,0.0019429809373324436
0.28941848600734377,0.28941848600734377,1.0006658727865325,0.0016369841092387417
0.28952963274005017,0.28952963274005017,1.0004776910654802,0.0022657973588763153
0.28967029027680835,0.28967029027680835,0.9998358143996213,0.0031055533750571213
0.289823028968749,0.289823028968749,0.999540343594566,0.0026665947264067793
0.28992317011234264,0.28992317011234264,1.0008722446321463,0.0015662987494551226
0.29002981571902636,0.29002981571902636,0.9978336026776354,0.0027799206651574764
0.2901892212457824,0.2901892212457824,0.9987563602118901,0.0016103720748890764
0.2903221425845913,0.2903221425845913,1.0000242496279643,0.002138478988408812
0.2904450670233928,0.2904450670233928,0.9979073535297193,0.001867052782625045
0.2905843944641674,0.2905843944641674,0.9989223388890066,0.0015463117878920306
0.2906408592263688,0.2906408592263688,0.9978885513907583,0.0028557938964507675
0.29069585784964147,0.29069585784964147,0.9988033161838661,0.0017112008610127613
0.2908036981776604,0.2908036981776604,1.0001211659706253,0.0019963503763344953
0.29090545670042045,0.29090545670042045,0.9994916285833014,0.0013909855688921126
0.29103632992228085,0.29103632992228085,0.9998745514862524,0.0027149209827543974
0.291117165716787,0.291117165716787,0.9997420277598899,0.0027131616598752633
0.2912793785830218,0.2912793785830218,1.0004249888434382,0.00219380531575773
0.29142670385990643,0.29142670385990643,1.0015250574101606,0.002202651674221924
0.29157221999030297,0.29157221999030297,0.9999300780463386,0.0016447523891978109
0.29167835907937845,0.29167835907937845,1.0002447252966322,0.0016991231277109283
0.2918065187484899,0.2918065187484899,0.9984606262288569,0.0015175859541725321
0.29193498237164023,0.29193498237164023,1.000254030271368,0.002051078223527888
0.2919839247195341,0.2919839247195341,1.001279571307503,0.0015634741335868532
0.29209148863501466,0.29209148863501466,1.0010460397700593,0.002019977633168078
0.2921681124058523,0.2921681124058523,0.9981197465500349,0.0022912585486521424
0.29227334126826465,0.29227334126826465,0.9985155099592511,0.001986506113045704
0.292370449356531,0.292370449356531,0.9992783810349504,0.001980365696491816
0.29248366934352815,0.29248366934352815,0.9985709100192246,0.0021121486640917867
0.292570822982816,0.292570822982816,0.9985197016464497,0.0015398444144095035
0.292692138545317,0.292692138545317,1.0018778271048596,0.0031136766651497553
0.2928102529796888,0.2928102529796888,0.9983875284071484,0.003117913171867504
0.2929444983645226,0.2929444983645226,0.9995732062270015,0.0015247664360333833
0.2930456337304349,0.2930456337304349,1.0004674393117066,0.001564599123199084
0.2931479242051864,0.2931479242051864,0.9994413153682065,0.0014439645067182137
0.293219760775537,0.293219760775537,0.9994363593444138,0.0019368574829536195
0.29338141315838584,0.29338141315838584,1.0000656216630228,0.001542369853078578
0.29351590092246627,0.29351590092246627,0.9979147041238814,0.0026700523254192623
0.29367860227666825,0.29367860227666825,1.0029925724124817,0.0015958062204718712
0.29375345715925505,0.29375345715925505,0.9981169087087707,0.0020453787373644057
0.293832530997679,0.293832530997679,0.9994674146400218,0.0016699009733606406
0.2939170874935371,0.2939170874935371,0.9986146254587872,0.002322280988349616
0.2940263082116871,0.2940263082116871,1.0011295999384735,0.0014346805145652288
0.29417672482140916,0.29417672482140916,0.9974179839715578,0.0031848668704725983
0.2942615890997331,0.2942615890997331,0.9980829996161094,0.0021976997225652255
0.29440691862910173,0.29440691862910173,0.9999855383439613,0.0026873488492645814
0.2945962087229418,0.2945962087229418,0.9996019783823545,0.0015811224014824477
0.29472031618661276,0.29472031618661276,1.0000293069177644,0.0016718722244467518
0.29479622182898313,0.29479622182898313,1.001267510090989,0.0017415800895287474
0.29496096110578945,0.29496096110578945,1.0008590355975304,0.0016586162244499076
0.29507572621623696,0.29507572621623696,1.000344146975603,0.0015797853810555612
0.29516066817941466,0.29516066817941466,0.9997685014951804,0.002226152176528318
0.2952468777173635,0.2952468777173635,0.9990103470221474,0.002444231498173914
0.295393448509094,0.295393448509094,1.0025416217696155,0.0023537435630618967
0.2955267910207112,0.2955267910207112,0.9993613360123106,0.001975781348667819
0.2956218568733675,0.2956218568733675,1.0025277645835846,0.0019429914852054225
0.2958729784018942,0.2958729784018942,1.0009038236552266,0.002733582861727855
0.2959973064755104,0.2959973064755104,1.000044891390715,0.002675366593130329
0.2961024451560661,0.2961024451560661,1.000756919709111,0.0014716386514248125
0.2962826984845378,0.2962826984845378,0.9996499528833265,0.0014635491182227718
0.296555443100624,0.296555443100624,0.9986080982386726,0.002358488401100241
0.2967524573499759,0.2967524573499759,1.0008703469035,0.0020533575789536468
0.29683959629637685,0.29683959629637685,0.998956589508559,0.002110167130604263
0.29692135682471416,0.29692135682471416,1.0004372654334224,0.0015592886918269829
0.29701864371527337,0.29701864371527337,1.0011167529621845,0.001967219880151707
0.297109957176508,0.297109957176508,1.000543891071353,0.0019039851002087098
0.2972647975273503,0.2972647975273503,1.0011977250381308,0.0028348179020371077
0.29742212848395866,0.29742212848395866,1.000060365389851,0.002683893965046331
0.2975751681913607,0.2975751681913607,0.9995409541839596,0.0022460872118881515
0.29773540843070806,0.29773540843070806,0.998949236438035,0.001554488566555855
0.2978835304789754,0.2978835304789754,1.0014042344188239,0.0016536288255630759
0.29799690980999005,0.29799690980999005,1.001033069463653,0.0020089629420823934
0.298164100219401,0.298164100219401,1.0016597796130124,0.0016871849128490678
0.29823707694122276,0.29823707694122276,1.001265057622883,0.0016772697351915369
0.2983902382720771,0.2983902382720771,0.9998604262227968,0.0020118557822299604
0.2985415854547682,0.2985415854547682,0.9994638372988829,0.0022823812729417
0.29861343071352164,0.29861343071352164,1.0002223367005871,0.0022538455194093788
0.2986848075197486,0.2986848075197486,1.0002124691010479,0.0020327970718126034
0.29882143484901463,0.29882143484901463,1.0005134412487302,0.002308574402442552
0.29892276706050325,0.29892276706050325,1.0004272716273181,0.002700503240212539
0.2990879219230919,0.2990879219230919,1.0004669812570093,0.0021772155430573306
0.299229339680096,0.299229339680096,1.0025449038334295,0.0015750242109172387
0.29938002454709933,0.29938002454709933,1.0000585605855317,0.00154706434049556
0.29952396715980284,0.29952396715980284,0.9995924098046673,0.001658081676206009
0.2997207642087233,0.2997207642087233,0.9988147671155971,0.0025734493455749335
0.29990053542405803,0.29990053542405803,1.0014961952980956,0.0016655486160558047
0.2999952373153064,0.2999952373153064,1.0005245193111514,0.0015006108276711266
0.30014885616292303,0.30014885616292303,0.9986866001978013,0.0023385103811648785
0.30029758250493616,0.30029758250493616,0.9992937813021691,0.002110875784921863
0.30038374568994186,0.30038374568994186,1.0006242933838594,0.0026828031233739917
0.30049165637319675,0.30049165637319675,1.0002765275970722,0.0021468476510352863
0.3005840674519277,0.3005840674519277,0.9994804727320925,0.002186237448605615
0.3007495656194806,0.3007495656194806,1.0004717443268505,0.0015931901994258944
0.30086811983601364,0.30086811983601364,0.9997558607560528,0.0014812168335523322
0.3009720068850584,0.3009720068850584,0.9989627999628767,0.0016260003882994744
0.3010660095987987,0.3010660095987987,1.0003051649228603,0.002106488275401266
0.3011909717190065,0.3011909717190065,0.998488506483068,0.0018122883290331681
0.3013692268095838,0.3013692268095838,0.99683724612477,0.0017363634878586182
0.3016045718710302,0.3016045718710302,0.9979558524237937,0.0019863817918945987
0.3017504270233985,0.3017504270233985,1.000462771221856,0.0023175258976601307
0.30184537554996493,0.30184537554996493,0.9995859377913208,0.001518763352725509
0.30198022517924983,0.30198022517924983,0.9991573716911339,0.0015517453989612163
0.3021313084042049,0.3021313084042049,0.9998156045795008,0.002618684625976854
0.3022996870835414,0.3022996870835414,0.9998916080603262,0.0016102594916798916
0.3024446026945952,0.3024446026945952,1.0005196302841692,0.0016233125914805735
0.3025413838269742,0.3025413838269742,0.9997931953494904,0.0014162171027974322
0.30274917783863203,0.30274917783863203,1.0015201744426325,0.0022076970743163506
0.3029030472283921,0.3029030472283921,0.9980104946102522,0.002249405974195023
0.30301558191440564,0.30301558191440564,0.9992425587384387,0.0016924406492182797
0.3031537383039904,0.3031537383039904,0.9985782372865888,0.0019662579789184106
0.3033031028067853,0.3033031028067853,1.0005538536487275,0.001991670490991753
0.3034795091132764,0.3034795091132764,1.0007196807587175,0.0021955093445369476
0.3035760530916377,0.3035760530916377,0.9987966606065737,0.002749487914859264
0.3036918519543178,0.3036918519543178,0.99982837976874,0.0021565327990942878
0.3038173417759026,0.3038173417759026,0.9999453229117268,0.001548610087441137
0.3039827808193877,0.3039827808193877,1.0019007090559904,0.0016118266233994482
0.3040935600311059,0.3040935600311059,1.000117612410174,0.0016476305050550043
0.3042435700595888,0.3042435700595888,1.0009373982958252,0.0021477134596223683
0.30438146388296444,0.30438146388296444,0.9978831630789669,0.0023254685593019813
0.3044797345000916,0.3044797345000916,0.9987499915555308,0.0017104835150122274
0.30462738929618355,0.30462738929618355,0.9995763504140667,0.0021041660506391944
0.30472539510592467,0.30472539510592467,0.9996451159988927,0.0018333975418969317
0.3048938319094304,0.3048938319094304,1.001227259513495,0.002036986439125612
0.3050251752014447,0.3050251752014447,0.9979464508283155,0.0021680761253141485
0.30518413674872136,0.30518413674872136,1.0010211170260939,0.002656152225665666
0.3052927037697373,0.3052927037697373,0.999124042157493,0.002701464827572348
0.30539861429915616,0.30539861429915616,0.9997570477839044,0.0014853169337419815
0.3055107171736381,0.3055107171736381,1.0003375091153681,0.0016113812060803208
0.3056282708619619,0.3056282708619619,1.0005302581111621,0.0015956552560436987
0.30574548844488164,0.30574548844488164,0.9996415793645481,0.0015314364799826584
0.30586089651878867,0.30586089651878867,1.0007679942644614,0.0016372189100475238
0.3059647056803442,0.3059647056803442,0.9987545905586167,0.0018730311815834376
0.30607803544007767,0.30607803544007767,0.9988819635124638,0.0019568469192356138
0.30617061159900916,0.30617061159900916,0.9974721184459352,0.0018927645673139464
0.3062908901247283,0.3062908901247283,0.9989762531685278,0.002359411815909692
0.30643487458055463,0.30643487458055463,0.9999860685617374,0.0022008336918829174
0.30659988655952475,0.30659988655952475,0.9998001294996974,0.0030990658874241175
0.30670446895892384,0.30670446895892384,1.0004271604883361,0.0022420774009705357
0.30683806315755646,0.30683806315755646,1.0009414302758157,0.0021787344927834485
0.30698819649169307,0.30698819649169307,0.9980914761323578,0.0015334088934408647
0.30711137595390026,0.30711137595390026,1.0002200829889296,0.0016358863804747017
0.3072348692856394,0.3072348692856394,1.000161673865943,0.0016586085245929663
0.3073276814986457,0.3073276814986457,1.0008259697620185,0.0020767684157533724
0.30743295956363,0.30743295956363,0.9990358552714305,0.001970628764439716
0.3075586416438455,0.3075586416438455,1.0026983888460816,0.0016335024575440064
0.3076263415779977,0.3076263415779977,1.0008191438687575,0.0016568732322907564
0.3078221217081591,0.3078221217081591,1.0012297361068119,0.0019849960758034943
0.308003311637367,0.308003311637367,0.9997132715937849,0.002039513897105646
0.3081691223938833,0.3081691223938833,0.9992490740379566,0.0021604684273047784
0.3082970804234719,0.3082970804234719,0.9982728065933507,0.002621395141945413
0.3083962683973368,0.3083962683973368,1.0034017877155275,0.0027317350604762493
0.30848361294483767,0.30848361294483767,0.9998131560820411,0.0015411386507175173
0.3085789632244996,0.3085789632244996,0.9992983091496234,0.0015468778933184313
0.30870635680112174,0.30870635680112174,0.9983898587860025,0.0016218578683614801
0.30888746437012743,0.30888746437012743,0.9980312108196634,0.0015315935103503671
0.3090109521288468,0.3090109521288468,1.0006167182476895,0.0017124436053910278
0.309148689365793,0.309148689365793,0.9997506946317174,0.002295481786501008
0.30927074814353545,0.30927074814353545,1.0008654989584493,0.0019228239274699612
0.3094449736225215,0.3094449736225215,0.998113988344221,0.002072592299777273
0.30952856893509306,0.30952856893509306,0.9989005017590307,0.0017034229689051686
0.3096834872256295,0.3096834872256295,0.9972306177753462,0.002726653686519945
0.30978307823625073,0.30978307823625073,0.9991244772580388,0.003111626547484721
0.3099232427623065,0.3099232427623065,0.999572313439441,0.0022418461033223897
0.31000953474522247,0.31000953474522247,0.9992198805724355,0.001634327007367013
0.3101545723635354,0.3101545723635354,1.000544088118499,0.0016008749820699178
0.31030419153448746,0.31030419153448746,0.9992777890720881,0.0015677335368508099
0.3104062991591491,0.3104062991591491,1.0019455735952152,0.0018198012209566156
0.310553553349564,0.310553553349564,0.9992456799208099,0.0023335455440263377
0.31068042948627406,0.31068042948627406,0.9976815278322233,0.001616453701461637
0.3108066152448373,0.3108066152448373,0.9989226058158411,0.0017399223125984515
0.31102021900733234,0.31102021900733234,1.0023767152188976,0.0023421488841848842
0.31112695535703094,0.31112695535703094,0.9995393167227139,0.002208324533800479
0.3112164264852254,0.3112164264852254,0.9991766283411601,0.002216776472703237
0.3113650993249394,0.3113650993249394,0.9996404390693272,0.0026632093303372933
0.3114435165258328,0.3114435165258328,1.0005458497000452,0.0026416559419131353
0.31154699867311136,0.31154699867311136,0.9984276507421928,0.0016138389896235878
0.311666033066831,0.311666033066831,0.9996143969781986,0.0015835609593524123
0.31175624222360054,0.31175624222360054,1.0011702292098599,0.0017367875404746106
0.3118893067954559,0.3118893067954559,0.9989547322208564,0.0014983419497175388
0.3120178582659719,0.3120178582659719,0.9976391314141452,0.0015350598734687367
0.31210688384271634,0.31210688384271634,1.0006973298371689,0.0016856969324576796
0.31228763601357057,0.31228763601357057,0.9990941156641447,0.0023819559411040804
0.31238123257699046,0.31238123257699046,0.9992485849264361,0.001908792593960601
0.31255113544793856,0.31255113544793856,1.0000484406080103,0.0020327136746221648
0.31261520643420226,0.31261520643420226,0.9998810009224733,0.001734370794662313
0.3127435013300783,0.3127435013300783,1.0015153578028353,0.0027073799461197383
0.3128876394022882,0.3128876394022882,0.9989886433874261,0.003104928187321701
0.3130275544761389,0.3130275544761389,1.0007630429443866,0.002205749515375086
0.3131206495254446,0.3131206495254446,0.9969816807053338,0.0015623414754971563
0.31329309204593303,0.31329309204593303,1.0011535745831863,0.0027802095239979293
0.3134676574294645,0.3134676574294645,0.9990043366697726,0.0017686140916100914
0.31357117738480156,0.31357117738480156,0.9995715839053487,0.002300256248536524
0.3137270224517124,0.3137270224517124,0.9985480131152433,0.0015620839039174577
0.313812464336479,0.313812464336479,1.0001581683066045,0.0014575468405179487
0.3138976033398649,0.3138976033398649,0.9998803199886492,0.0017150960986335659
0.31400922082539184,0.31400922082539184,1.0030708976632634,0.0019693580731134945
0.31415233866700876,0.31415233866700876,1.0006746283992813,0.0015187820333274604
0.31426861952841134,0.31426861952841134,1.0040319921051786,0.0026990564115298953
0.3143637788582055,0.3143637788582055,1.0003768518680085,0.0026843719612795933
0.31450817396416825,0.31450817396416825,0.9998465636980688,0.0026195805966596733
0.3146766081597889,0.3146766081597889,1.0004517274479647,0.0016586793024367865
0.3147895883616002,0.3147895883616002,0.9973058974294542,0.002857982680982499
0.3148799134431101,0.3148799134431101,1.00014030767172,0.001750860227143004
0.3150400994923984,0.3150400994923984,0.9990463890736858,0.0016193829378448332
0.31513609076246213,0.31513609076246213,1.001676768314382,0.0019793369568876376
0.31518437828854073,0.31518437828854073,0.9996103266108495,0.0015625594748113418
0.3152932537614106,0.3152932537614106,0.9990954746345657,0.0023639482723528367
0.3153707520892567,0.3153707520892567,1.0011108855667592,0.0018960592834763152
0.3154717867297222,0.3154717867297222,0.9989484195961935,0.002048185819554259
0.31558640045059294,0.31558640045059294,1.0002174379628748,0.002331605204641274
0.315691007647365,0.315691007647365,0.9989026204518104,0.0016524303226387346
0.3157819779580677,0.3157819779580677,0.9971687626829233,0.0022181657835804646
0.31588974187106944,0.31588974187106944,0.9975953267144453,0.00312904909691832
0.3160263931948066,0.3160263931948066,0.9993248022596208,0.0026953378729567736
0.31615175843526233,0.31615175843526233,1.000867997384225,0.0015268346179408
0.31625551965589693,0.31625551965589693,1.0012539975074979,0.0015877819213014834
0.31636574776912313,0.31636574776912313,0.9991983905966041,0.001835055974001044
0.3165040126921667,0.3165040126921667,0.9990173505344826,0.001633419265638834
0.31660912961779103,0.31660912961779103,0.9985628084163567,0.002066197556907516
0.3167782189972058,0.3167782189972058,1.0005772227625653,0.0023069237864858493
0.31689243655837346,0.31689243655837346,0.9989051098846131,0.0020490263694055454
0.31695246365125057,0.31695246365125057,0.9999848980504481,0.001620423673712677
0.31701599623193033,0.31701599623193033,0.9999160106497111,0.0016703661646393126
0.3171005984149815,0.3171005984149815,1.0003918939611194,0.0023239904770831757
0.31718884423135024,0.31718884423135024,0.9988614646160194,0.0013990460288676584
0.3173397463082438,0.3173397463082438,0.9991526540961843,0.0028056266104766973
0.31742338820749866,0.31742338820749866,1.0001348573157496,0.0026676345720952114
0.3175627203692784,0.3175627203692784,1.0024617797527635,0.00221663715140782
0.31770123208207224,0.31770123208207224,0.9975494441385265,0.0021582316204788116
0.3178349910858742,0.3178349910858742,0.9998327083435932,0.0016016744652169019
0.31793508944774657,0.31793508944774657,1.0004421625736355,0.0015852733072956586
0.31803866959180593,0.31803866959180593,1.002255090856837,0.0018170420558332775
0.318196428333431,0.318196428333431,1.0010375206225928,0.0016403232212028357
0.3182978206279586,0.3182978206279586,1.0007383063121,0.002246009431263199
0.3183876759436316,0.3183876759436316,0.9996377586619586,0.0024041752578190896
0.3185520750233991,0.3185520750233991,1.0003330412144942,0.002100512880633191
0.31868792349378056,0.31868792349378056,0.9973411095622289,0.0019726968515666188
0.31878604665107557,0.31878604665107557,1.00010847088853,0.002271896329817457
0.31900059107174455,0.31900059107174455,1.0013468453540746,0.002728082528875239
0.3191638244405112,0.3191638244405112,0.9998203927546964,0.0021917248925823014
0.319249598544593,0.319249598544593,1.0007003664134555,0.002094349766933515
0.31937691090661247,0.31937691090661247,1.0015682190253212,0.0015361249890382604
0.3194827975397857,0.3194827975397857,1.0020514656088835,0.001512158852900529
0.3197118190539186,0.3197118190539186,0.9996474943111042,0.0020314926625089784
0.3199103862627453,0.3199103862627453,0.9973589356266969,0.0023993456216721653
0.3200230983326037,0.3200230983326037,1.0007676623390636,0.0021071688550661546
0.32010472066958756,0.32010472066958756,1.0022929725345153,0.0015611346396996674
0.32020201652176183,0.32020201652176183,0.9998128026762945,0.001968355886242683
0.32026293518247256,0.32026293518247256,0.9989246132347862,0.0018990859106563234
0.32043662125124683,0.32043662125124683,1.001625764975102,0.0027029953191065265
0.32056447726990883,0.32056447726990883,0.997166826288981,0.0023803593242324424
0.3207301991606073,0.3207301991606073,1.0002521997421119,0.0027108287031734
0.32087985122816465,0.32087985122816465,1.0014548832994281,0.0016068956462060291
0.32104995455902097,0.32104995455902097,1.000233370834574,0.0015304866312523921
0.32117778106057815,0.32117778106057815,0.9996560465947756,0.0020568114706790387
0.3213474909733122,0.3213474909733122,0.9983286284542245,0.0016866295606232668
0.3214411485989331,0.3214411485989331,1.0018085187501755,0.0020965091837248763
0.32161102569443756,0.32161102569443756,1.0012795051883137,0.0020019015450100353
0.32174087698585935,0.32174087698585935,0.9992155001845333,0.0018938970864934112
0.32182155157952363,0.32182155157952363,1.0004288791557367,0.0023547809292935513
0.3219073568556269,0.3219073568556269,0.9999574671087386,0.0015818889921122709
0.3220549763309464,0.3220549763309464,1.0007932032475408,0.002287607138246275
0.32217787820554805,0.32217787820554805,0.9990634608037258,0.0031477182604791832
0.3223118993548269,0.3223118993548269,1.0003561391808797,0.0014573903031385694
0.3224853331668783,0.3224853331668783,0.9978810596113433,0.0016020932053062923
0.3226273333424615,0.3226273333424615,0.9993095340070383,0.0015664198766893625
0.32287142491932175,0.32287142491932175,0.998490892667858,0.0023394699988441184
0.32305884664292533,0.32305884664292533,1.0012238568590182,0.00204340947212422
0.3231538607971743,0.3231538607971743,1.000656799516846,0.0014874324717308984
0.3233030672692621,0.3233030672692621,0.9984966086545135,0.0023670934059588254
0.32345034992031285,0.32345034992031285,0.9991610972820537,0.0020952195125422627
0.32356197162043826,0.32356197162043826,1.0001094516756837,0.0026912234062426744
0.32366646622976986,0.32366646622976986,0.9982179139201366,0.002437679612155747
0.32373039939320736,0.32373039939320736,0.9970727126633332,0.0015642686863001423
0.3238617656652423,0.3238617656652423,1.000638586075947,0.002163674921131163
0.3239601185925494,0.3239601185925494,1.0017779040423802,0.0016713135234608194
0.32407435008481117,0.32407435008481117,0.9992114936134378,0.0015022175853915975
0.32416948764184783,0.32416948764184783,0.9972263864571367,0.001521489464673896
0.32427579020659325,0.32427579020659325,1.0003001239571123,0.0021926419692413017
0.32441232513410795,0.32441232513410795,0.9989965166015888,0.001710959072635718
0.3245528856064993,0.3245528856064993,0.9996802553569106,0.0017390956278485765
0.32478805602386274,0.32478805602386274,0.9987602517316034,0.001990203609167968
0.3249348358802308,0.3249348358802308,1.0000257650591233,0.0023588459129247653
0.3250707729373971,0.3250707729373971,1.000214337524516,0.001542976547399932
0.3252297660426848,0.3252297660426848,0.9991260002758076,0.0021900611951822515
0.3253560964069038,0.3253560964069038,1.0004284228833735,0.0021062360943042858
0.3254910294715955,0.3254910294715955,0.999928790090338,0.0015776408326360787
0.32563769120224606,0.32563769120224606,1.0011549043455323,0.0016234513605305639
0.3257416627388011,0.3257416627388011,0.9984694641185976,0.0015444176780367335
0.32597431981830594,0.32597431981830594,0.998334186306826,0.002107096429401517
0.32608650764868796,0.32608650764868796,1.000769173909831,0.002249115576030799
0.32619911933506957,0.32619911933506957,1.0009811364473216,0.001694120012917882
0.3263341304291316,0.3263341304291316,0.9991940941683314,0.0020322306759000953
0.3264866631476252,0.3264866631476252,1.0002983831935768,0.00199123982445658
0.3266629505362289,0.3266629505362289,0.997151240598299,0.0021897653690233143
0.32675963173878697,0.32675963173878697,1.0011371047015802,0.0027608970111711083
0.3268569670866782,0.3268569670866782,0.9997000314442819,0.002144857151031878
0.3269914014810638,0.3269914014810638,0.9992340365572978,0.00160765095772912
0.32716535052186374,0.32716535052186374,1.0009917101978099,0.001558587115099497
0.32725255993573227,0.32725255993573227,1.0012559275822626,0.001583720997421657
0.3273992672964596,0.3273992672964596,0.9989492478353468,0.002091856514197841
0.32755980731690215,0.32755980731690215,1.0022610322204575,0.002120948226216738
0.32766318846352077,0.32766318846352077,0.9988155872235047,0.0017103767985442685
0.32781102748431296,0.32781102748431296,0.9992203561252969,0.002104613091909516
0.32793861555255716,0.32793861555255716,1.0008867307967435,0.002259596512409569
0.3280944998577979,0.3280944998577979,1.0006215472431763,0.002219557403859192
0.3282411572228739,0.3282411572228739,0.9986910250772789,0.0015628629030572186
0.32841178097442025,0.32841178097442025,0.9999330048570213,0.002652437666732797
0.3285113740248562,0.3285113740248562,0.9972564400505993,0.0022101271797305257
0.3286284444924604,0.3286284444924604,0.9999597974265502,0.0014667483501796864
0.32875000784733854,0.32875000784733854,1.000827800420317,0.0017100985555553814
0.32885497308616324,0.32885497308616324,1.0003139322568968,0.001497874269652953
0.3289862589137556,0.3289862589137556,1.0038129802183444,0.0015047646629355832
0.32909014105971435,0.32909014105971435,0.9996488980218698,0.0019655667490796245
0.32920182921006924,0.32920182921006924,0.9986838298107706,0.0019952594360526173
0.3293346491058401,0.3293346491058401,1.0011678103365498,0.0018992344990087617
0.3294485175478258,0.3294485175478258,0.9990461952224046,0.0019887391441278904
0.3295832216586859,0.3295832216586859,0.998567951987264,0.002499689070015015
0.3297623799157009,0.3297623799157009,0.9998361833756085,0.002702402029391979
0.32985831382229663,0.32985831382229663,0.9982912660824915,0.002248432110265367
0.33000370928148187,0.33000370928148187,0.9980948633699726,0.002681505128225687
0.330137806368657,0.330137806368657,0.9992094145944488,0.0014965994571011206
0.33027873199571334,0.33027873199571334,0.9997576819582037,0.001584773206699607
0.3304276310636851,0.3304276310636851,1.0002047534266238,0.0016402745048593628
0.33052988590843596,0.33052988590843596,0.9996857026461798,0.002052334714586997
0.3306465272062269,0.3306465272062269,1.000991949172597,0.0020447205971291945
0.3307516011213011,0.3307516011213011,0.9992776020261791,0.0015379804615798407
0.3308391223743456,0.3308391223743456,0.9993018718021597,0.001772116215917184
0.3310503763002998,0.3310503763002998,0.9994436116351592,0.002297132415298649
0.3312044471682384,0.3312044471682384,1.0020193196590401,0.002215469252803931
0.33139762907903786,0.33139762907903786,1.0003763169128606,0.001526416878842927
0.3314989333466656,0.3314989333466656,1.0031655497656655,0.0030426017117161177
0.33158009036160363,0.33158009036160363,1.000477438147173,0.0021874757005661736
0.3316530023994346,0.3316530023994346,1.001328161066471,0.001570314366851512
0.33176245873819427,0.33176245873819427,1.0004598188644462,0.0015460632821675119
0.3318881062867149,0.3318881062867149,1.000666159850142,0.001642879900747809
0.33201789651120633,0.33201789651120633,1.0016020691656429,0.0013576214825224255
0.33212328417903336,0.33212328417903336,0.998962214838102,0.0016761366705586248
0.33224443266499293,0.33224443266499293,0.9986275413756089,0.0020296960572805485
0.3323979805545605,0.3323979805545605,0.9983123490685,0.001980587856022275
0.33251912640243975,0.33251912640243975,0.9974281569687113,0.0019991622495542493
0.3326495121751577,0.3326495121751577,0.9997907131102138,0.002064600358967971
0.3327482241184043,0.3327482241184043,0.9996996161081043,0.0022804384013959196
0.33289256349416974,0.33289256349416974,0.9995900173659769,0.0027122581085765427
0.33303206596647217,0.33303206596647217,1.0006699750005819,0.003121270284574357
0.33314699195616415,0.33314699195616415,0.9991487084516575,0.0016215792404752683
0.3332747928270692,0.3332747928270692,1.0007885425632832,0.0015956126660387395
0.3334129560047586,0.3334129560047586,1.0019575018579552,0.0015323947811822722
0.33353337308653863,0.33353337308653863,1.0004032215043386,0.0017408124389361533
0.3336334392070057,0.3336334392070057,0.998989394760821,0.0021425538098810543
0.33381030563614333,0.33381030563614333,0.9996078052764427,0.0018874476149484374
0.33389937089141314,0.33389937089141314,1.0016549072287373,0.0017715813547925633
0.3340408881334952,0.3340408881334952,1.0022807052076437,0.002354451791850466
0.33423267001508067,0.33423267001508067,1.0025944564307179,0.0020052313017205267
0.3343322778435322,0.3343322778435322,1.0030526096657806,0.002245365301050292
0.3344583071690067,0.3344583071690067,0.9972560962331792,0.002163922595974827
0.33458295920954695,0.33458295920954695,0.9996988880737522,0.0026642016442162985
0.33467141599194294,0.33467141599194294,0.9997750191272953,0.0026723215798851807
0.3347710597618061,0.3347710597618061,0.9996507337383976,0.0016232878368752477
0.33489158287375176,0.33489158287375176,0.9992681842512401,0.0015974850806430344
0.3349724657191473,0.3349724657191473,0.9985956691667921,0.0016462628794002235
0.3351257535667173,0.3351257535667173,0.9996544566413924,0.001507042277118251
0.3352082074012287,0.3352082074012287,1.0004652390876152,0.001671215084006901
0.33532316843193255,0.33532316843193255,0.9986059332148887,0.0020018583817652683
0.3355041385268123,0.3355041385268123,1.000180978106503,0.002039466600471252
0.33558769317569387,0.33558769317569387,0.9975456773496948,0.001953070195522782
0.3357589829049175,0.3357589829049175,0.998879015385992,0.0020780321161261747
0.33583913073343863,0.33583913073343863,0.9983591512014378,0.0017482530583900833
0.3359857233192088,0.3359857233192088,0.9985690938450021,0.0031052913160661074
0.3361332514918104,0.3361332514918104,1.001525827105385,0.003071138373305978
0.33625230333764194,0.33625230333764194,0.9992760557317011,0.001657371247915877
0.33636190660054127,0.33636190660054127,1.0016431343739138,0.002800735178131598
0.3365562032788148,0.3365562032788148,1.0011318748673268,0.0016130791814085422
0.3366851254144422,0.3366851254144422,0.9983132203180125,0.001847729337629363
0.3367789638805334,0.3367789638805334,1.0004156266665465,0.002222545219917913
0.33693382933706745,0.33693382933706745,1.000716646819816,0.0016072414864838937
0.3370110249294157,0.3370110249294157,1.0031391950195565,0.001540920257177762
0.33710348014283226,0.33710348014283226,1.0012455473243311,0.001612005052129386
0.33721755667484105,0.33721755667484105,0.998609695801455,0.001945866675802888
0.3373673277927082,0.3373673277927082,1.0013279495051106,0.0021947419441194277
0.33747398028681347,0.33747398028681347,0.998190378577881,0.002271794334061752
0.3376012428498143,0.3376012428498143,0.9989206757815655,0.002165960214024074
0.3377063160591206,0.3377063160591206,0.9998067011198385,0.0026234944819696028
0.3378327409949634,0.3378327409949634,0.9997577085041142,0.0016668510860357063
0.33795269885704327,0.33795269885704327,0.9970961201202314,0.0028735842617723475
0.3380636847417918,0.3380636847417918,1.0007818900980028,0.0017505637411694107
0.3382316091150642,0.3382316091150642,1.0012682289363655,0.0015969551047479082
0.33832442360726417,0.33832442360726417,0.9973920779679568,0.001998383540413053
0.3383855285959726,0.3383855285959726,0.9976159335060727,0.002221070190370551
0.33847683115800464,0.33847683115800464,0.9998311657583644,0.002364418292445088
0.33855407596365694,0.33855407596365694,1.0007528025519288,0.0018932420802290865
0.33865529711820275,0.33865529711820275,0.9990750528166064,0.0020509785236756217
0.33877000327629503,0.33877000327629503,0.9975368921385943,0.0023360485955650013
0.3388743719773629,0.3388743719773629,1.0008282610148869,0.0016534971038978
0.33896539980232776,0.33896539980232776,0.9989234324851702,0.002214144065863099
0.3390733190004539,0.3390733190004539,0.9992693828737729,0.0031360582000798643
0.33920993622268725,0.33920993622268725,0.998352288445588,0.0026965616748556333
0.3393351494833041,0.3393351494833041,0.9988804353152989,0.0015277637692578542
0.3394391050938793,0.3394391050938793,1.0006561678582242,0.0015885008340631168
0.33954901211145627,0.33954901211145627,0.9985858650035156,0.0018510322847826773
0.33968750925196217,0.33968750925196217,1.0008320504618637,0.0016349900452105877
0.3397926514795472,0.3397926514795472,0.9995803958093319,0.002070410625089777
0.3399617166493044,0.3399617166493044,0.9983317487353031,0.00230599398471339
0.34007593675141834,0.34007593675141834,0.9983578491995256,0.002043784041656568
0.34015514189250096,0.34015514189250096,0.9980644840005845,0.0016792015102337365
0.34026002867503846,0.34026002867503846,1.001446075736074,0.002076442338016344
0.3403596777214261,0.3403596777214261,0.9991983620579387,0.0018749301017924654
0.3404915688754045,0.3404915688754045,1.0020873592848232,0.0026731058509631197
0.3405923762036764,0.3405923762036764,0.9991699360559357,0.002764865643132492
0.34071748334154106,0.34071748334154106,0.9994397983288031,0.0016334801826864737
0.3408833279068858,0.3408833279068858,1.0018646267795102,0.0027152177059207826
0.3410386531642871,0.3410386531642871,1.0017889164003246,0.0015447319620477068
0.3411238743599824,0.3411238743599824,0.9989442981599481,0.0016555735709066397
0.3412260501861965,0.3412260501861965,0.9980491316409216,0.0017680250424172868
0.3413797900106147,0.3413797900106147,0.99950709978375,0.0016398613369546747
0.34148104523465006,0.34148104523465006,1.0022550606722878,0.00227175240001556
0.3415712658656048,0.3415712658656048,0.9989075811631742,0.0024067423776554953
0.34173562633113763,0.34173562633113763,1.0001796566625176,0.002103797107975817
0.34187138698998754,0.34187138698998754,1.0019488142229278,0.001972797761967976
0.34196677531726893,0.34196677531726893,1.0005219427589296,0.00232462314500017
0.34213252883582757,0.34213252883582757,0.9975702564125374,0.0026810898964665644
0.342327226641828,0.342327226641828,0.9986820392051532,0.002209010418520018
0.34244111302032254,0.34244111302032254,0.998432221233721,0.0021359447945431416
0.3426170694696339,0.3426170694696339,0.9970797596100045,0.0014594781754543986
0.34270493638523475,0.34270493638523475,0.9978601955839036,0.0015646619502296985
0.34296663095992697,0.34296663095992697,0.999870826748872,0.002340002221148921
0.3431516167736845,0.3431516167736845,0.9981741357615344,0.002088590639979103
0.3432406292275118,0.3432406292275118,0.9984206611717502,0.0021429627955470033
0.3433472273520238,0.3433472273520238,0.9983513645645076,0.0015917260020330416
0.3434302014678906,0.3434302014678906,0.9983003165084708,0.002234248561032352
0.34351447457793255,0.34351447457793255,0.9992243233803773,0.0015730231684703624
0.34365117352972446,0.34365117352972446,0.9994298506539312,0.0032176658745919156
0.3438236299871278,0.3438236299871278,0.9998150445352731,0.0021852748059282426
0.3439346149290941,0.3439346149290941,1.000492043031275,0.0021878709017398696
0.34406345907009384,0.34406345907009384,1.0013319892674317,0.0016094074940074597
0.3442330872576349,0.3442330872576349,1.0016910481909462,0.0018419591288057959
0.3443430742221608,0.3443430742221608,0.998662353282743,0.0020559325518511003
0.34453088172631396,0.34453088172631396,0.999251129895274,0.0016870727342420011
0.3446246829769734,0.3446246829769734,0.9989807558241639,0.0021001180329016395
0.34478872735744515,0.34478872735744515,0.9993401243379116,0.0015831161461978642
0.344908488134206,0.344908488134206,0.9981512694958437,0.0022802641112047335
0.3449864545867968,0.3449864545867968,1.0001931427436865,0.001973422857849871
0.3450700040879383,0.3450700040879383,1.0018711297093472,0.001989731097150735
0.3451971434196821,0.3451971434196821,1.0010140384657917,0.0023065454673200122
0.3452763807727024,0.3452763807727024,0.9981828654413902,0.002201362675141799
0.3454330798378578,0.3454330798378578,0.9989098185649521,0.0026892924841417825
0.3455453315711566,0.3455453315711566,0.9993978326480647,0.001419744736087497
0.34570160643561393,0.34570160643561393,0.9994811153879635,0.001548886032941964
0.3458868051127865,0.3458868051127865,0.99796348349748,0.0016664411145095423
0.3461320002286811,0.3461320002286811,1.000051709450441,0.002631490207516661
0.3462779286297518,0.3462779286297518,0.9983840250381586,0.001560148541716806
0.34639875872544507,0.34639875872544507,1.0003176236878584,0.0015438097611415605
0.34653353352568955,0.34653353352568955,0.9988324233611401,0.002315868778714888
0.34672216504786774,0.34672216504786774,1.0006929253638817,0.0022330561909329545
0.34681390173591353,0.34681390173591353,0.9999652219597488,0.002668594364627199
0.3469291757690371,0.3469291757690371,1.0004627174010725,0.0015402345837630294
0.34704523146065186,0.34704523146065186,0.9990919631972506,0.002162958925356378
0.34715604754146623,0.34715604754146623,1.0011806030815666,0.0015903496606788094
0.3472846650885913,0.3472846650885913,0.9998941607429945,0.0015356717487755706
0.34739234592107093,0.34739234592107093,0.9990275068215742,0.0021292573569147333
0.3475365419897571,0.3475365419897571,1.0008043388119812,0.0018131254904119299
0.34773618056187844,0.34773618056187844,1.0004044039277287,0.0017382347121331018
0.3479425023369913,0.3479425023369913,0.9992529229723767,0.002201893628682401
0.3480892534262239,0.3480892534262239,0.9998835199982532,0.0026357274402974817
0.34821635621647146,0.34821635621647146,1.000253583997583,0.0015719714348380281
0.34838515466763054,0.34838515466763054,1.0005230681825936,0.0021885168399733692
0.34851757801025085,0.34851757801025085,1.0010584775021034,0.002148184165738067
0.3486744496816755,0.3486744496816755,0.9995876267067162,0.0015795816765636398
0.3488211977370156,0.3488211977370156,1.000788801818509,0.0016233332401661593
0.34891981120999843,0.34891981120999843,1.000944073548995,0.0013978485975534782
0.3491565498668933,0.3491565498668933,1.0022048611911805,0.0017019346428657253
0.34925316741446294,0.34925316741446294,0.9982587603804893,0.002569163662917874
0.34935615575213885,0.34935615575213885,1.0029645950003654,0.001658361371311914
0.34944218662913046,0.34944218662913046,1.000586087540464,0.002067760585758486
0.34959778001375524,0.34959778001375524,0.9984925099368539,0.0023726840330719153
0.3497637935446619,0.3497637935446619,0.9995120485892821,0.002201809619843068
0.34987319590582044,0.34987319590582044,1.0002354796781932,0.0026654871099321678
0.3499861660102397,0.3499861660102397,0.999907776839985,0.0016420433151705216
0.35010824621931536,0.35010824621931536,0.9981439301507926,0.0022182920593520235
0.3502445450856612,0.3502445450856612,1.0008448499228195,0.001568778623627972
0.3503923359157852,0.3503923359157852,1.000409978486846,0.0015568488114773508
0.3504573140244247,0.3504573140244247,1.0001640479989546,0.0015990637649131762
0.3505712790889447,0.3505712790889447,1.000414262879617,0.002085106462296334
0.35070718486531405,0.35070718486531405,1.002169116728448,0.002123360838608428
0.35083252576805535,0.35083252576805535,1.0030907734471923,0.0016785609037366744
0.3509575006512023,0.3509575006512023,0.9992478663728577,0.0021309681525671655
0.3510905077631833,0.3510905077631833,0.9987332094647818,0.0018623750321488126
0.3512610813153515,0.3512610813153515,0.9997833574358209,0.0020395340580732914
0.3513922179541623,0.3513922179541623,1.0010158383267589,0.002174593918770195
0.3515333336115873,0.3515333336115873,0.9999596047558852,0.0024710993234736234
0.35166006378403836,0.35166006378403836,1.0014322807129985,0.002700139807565756
0.3517737475211106,0.3517737475211106,0.9985032078798308,0.0014638800567649871
0.3519053415315284,0.3519053415315284,0.9988900998003274,0.0017225740380974373
0.35201806563854915,0.35201806563854915,0.9997952505298258,0.0014801278139625993
0.35214256346716866,0.35214256346716866,0.999635086917079,0.001646385028511119
0.35225217244023954,0.35225217244023954,0.9999168506034571,0.0019691729392748375
0.352358881006694,0.352358881006694,0.9981814296979037,0.0019067906794989202
0.35250129200594527,0.35250129200594527,0.9980125362953608,0.0015580212103421778
0.352622444480221,0.352622444480221,0.9973341955050656,0.0023369210649817522
0.3527667874652252,0.3527667874652252,0.9990457033847664,0.002497654790473488
0.3529459571176631,0.3529459571176631,0.9995062702214097,0.0027048528459890746
0.35306648548012165,0.35306648548012165,1.0015364724877387,0.002720112174717313
0.35320494288607734,0.35320494288607734,1.0005429768521643,0.002181396327651315
0.353355124758491,0.353355124758491,1.0013512458576947,0.0015370402153192337
0.3534872855823778,0.3534872855823778,0.9984504897013912,0.0016028539211248496
0.3536432675113247,0.3536432675113247,0.9994825571753319,0.0017040640005196682
0.35373089383410844,0.35373089383410844,0.9993380522785127,0.0019609554988303714
0.35385605010615107,0.35385605010615107,1.0014366221395108,0.0020403068999259783
0.35396207354351644,0.35396207354351644,1.0006397331085715,0.0016078030010220731
0.35410621226728833,0.35410621226728833,0.9997720198776415,0.001681173742767036
0.3543011040257625,0.3543011040257625,1.000144520915421,0.002388665475497747
0.354423774719362,0.354423774719362,1.0012077537568573,0.0021490820163040988
0.35461781877311294,0.35461781877311294,0.9999710174134636,0.001517116315175597
0.3546947380165875,0.3546947380165875,0.9989008307033858,0.0030630630010020513
0.35476756992993613,0.35476756992993613,0.9984797876630074,0.002237912734272068
0.35484000633223334,0.35484000633223334,0.9997745142613385,0.0015826203023588288
0.3549332582450006,0.3549332582450006,1.0005736223726043,0.0015318998279523263
0.3550323965495409,0.3550323965495409,0.998432849369161,0.0017215768984060447
0.3551543205534472,0.3551543205534472,1.0016508041556504,0.0013944268927434775
0.35528590882458955,0.35528590882458955,1.000031038041351,0.0016771719655577426
0.3554068038063633,0.3554068038063633,1.0012810670609789,0.0016096577512894675
0.35552271680953706,0.35552271680953706,0.9995045910492714,0.0022923600950805686
0.35565115704248457,0.35565115704248457,1.00013810270957,0.0019038660160009136
0.35579066260743275,0.35579066260743275,0.9997491806024559,0.0020367188453802956
0.3558716397301396,0.3558716397301396,1.0004753133796123,0.0016667155212553516
0.3560392023320674,0.3560392023320674,1.0002098009328193,0.0031214649647722447
0.3561817951815101,0.3561817951815101,0.998598187317676,0.0031173602016905276
0.35631410041696654,0.35631410041696654,0.9999640467313726,0.0016274265870787903
0.3564253004238708,0.3564253004238708,0.9984658270906852,0.0016167859012583597
0.35658665853079585,0.35658665853079585,0.9999679124515909,0.0016349844429530643
0.35669784502970286,0.35669784502970286,1.0008378619262417,0.001609623521180247
0.3567881140796089,0.3567881140796089,0.9989920232183758,0.002143292479901411
0.3569646728992666,0.3569646728992666,1.0017240434940677,0.002006160628107616
0.3570656460362443,0.3570656460362443,1.0008647913441033,0.0016942141693691234
0.3572109705664843,0.3572109705664843,0.9986095862582319,0.002049252324479395
0.35741605382772834,0.35741605382772834,0.9991270617129768,0.002003116635432166
0.3575157664843573,0.3575157664843573,1.0012447452577125,0.0022447053377794195
0.35762289700942346,0.35762289700942346,0.9995770285276631,0.0021726419055887475
0.35773236660370455,0.35773236660370455,0.9991962787159938,0.0026630944171231524
0.35781042715607325,0.35781042715607325,1.0014608244850929,0.0026438700077787624
0.35791423433893216,0.35791423433893216,1.0002365197030711,0.0016152475129013986
0.3580330015334766,0.3580330015334766,0.9981523864241515,0.0015857913404636135
0.35812379070393946,0.35812379070393946,0.9987119182566341,0.0017375407850185314
0.358256181392062,0.358256181392062,1.0003539843347369,0.001498481828617618
0.35838084224105843,0.35838084224105843,1.0038816329804647,0.0015746944173191915
0.35843999031367274,0.35843999031367274,1.0020504318661767,0.0017042032239394818
0.3586017220035501,0.3586017220035501,0.9973315618818734,0.002278815656929857
0.3587296938279906,0.3587296938279906,0.9993335797335794,0.002054536587593767
0.35884255610490073,0.35884255610490073,1.0011085881538113,0.0019974224351363866
0.35896508254500076,0.35896508254500076,1.0002220734917349,0.0017129805779496463
0.3590803632037932,0.3590803632037932,1.0013500050191713,0.002272272827499499
0.359221136015185,0.359221136015185,0.9968992758257313,0.0031139135414045655
0.35937385775141595,0.35937385775141595,0.9996349008554439,0.002677504236293685
0.3594736011085843,0.3594736011085843,0.9996933559027475,0.0015674446232444845
0.3596387446325025,0.3596387446325025,1.00101273269625,0.0016484484794325699
0.35981780409601927,0.35981780409601927,0.9982400463735701,0.0017238651750234465
0.35989515213241247,0.35989515213241247,0.9989009488533427,0.0020769424001644598
0.36001124968879594,0.36001124968879594,0.9995051555824566,0.0020560246612867593
0.3601346321573146,0.3601346321573146,1.0036069790426074,0.0015509129088339016
0.36020860217904555,0.36020860217904555,0.998034593034833,0.0016259120108145127
0.3602933337566355,0.3602933337566355,0.999650863366156,0.0015622309318406506
0.36040097350633005,0.36040097350633005,0.9986553078725369,0.0019445374200681997
0.36055081845515813,0.36055081845515813,0.9993322568748966,0.002196401549104648
0.3606574116845877,0.3606574116845877,1.0001869991332604,0.002267758429672153
0.3607955600711648,0.3607955600711648,1.0019983969695683,0.002692467204835943
0.3609287262117505,0.3609287262117505,0.9981561077420557,0.002189882865330853
0.36106868468941683,0.36106868468941683,0.9984074161701996,0.0016613713417586548
0.361181144215152,0.361181144215152,1.0012656197772638,0.0028663760928091834
0.3613114893927559,0.3613114893927559,0.9988112215413076,0.0016284935142297184
0.36146365934619096,0.36146365934619096,1.0015579372231407,0.0017404088218405326
0.36151985420510757,0.36151985420510757,0.9999472901521795,0.0020199077297192096
0.3616203085959569,0.3616203085959569,0.9999153878778462,0.0020325134279833884
0.3617156962209265,0.3617156962209265,0.9980473404928066,0.002276829642519841
0.3618237167824191,0.3618237167824191,0.9999705932196392,0.001986382126129909
0.36192261920314195,0.36192261920314195,1.001818028176388,0.00202261033233933
0.36204484192167,0.36204484192167,0.998110124464182,0.002086916659053323
0.3621206829931907,0.3621206829931907,0.9986228675365044,0.001541115097349575
0.3622428513785053,0.3622428513785053,1.00137838748903,0.0031308940480749047
0.36236111896032525,0.36236111896032525,1.0006344469903363,0.003126833955888334
0.3625185403932846,0.3625185403932846,1.0015843434984497,0.0015281193385511278
0.36262269043781997,0.36262269043781997,0.9997388226049997,0.0015882778924065691
0.3627309778221388,0.3627309778221388,0.995829260785779,0.0018036930639820311
0.36283761376325857,0.36283761376325857,0.999252826312199,0.0016003108936345097
0.3629585302896885,0.3629585302896885,1.0005817289547505,0.001756867710024275
0.363104672569898,0.363104672569898,0.9997702548211622,0.002629915965025671
0.36324569787684596,0.36324569787684596,1.0024619657224387,0.0020667327615678435
0.36331748852244344,0.36331748852244344,1.0008893623189743,0.0015976642128179696
0.3634211319036694,0.3634211319036694,1.0009514992208701,0.0017216816413546266
0.3635276607330525,0.3635276607330525,0.9977233671437654,0.0022705338574002913
0.36361389919457,0.36361389919457,0.9997536613543112,0.0013941961343457193
0.3637279530194064,0.3637279530194064,0.9989680438632961,0.0031904698557381726
0.36379928891419694,0.36379928891419694,1.000787603592979,0.0022034297340663696
0.36392981594635787,0.36392981594635787,0.9990363708096182,0.0022181461384335856
0.36410805004870783,0.36410805004870783,0.9990144155838486,0.002250307378449027
0.3642594160615772,0.3642594160615772,1.00126304109915,0.0015778787811120691
0.36435604766847973,0.36435604766847973,0.9987642508761194,0.001756261213241065
0.3645110673185627,0.3645110673185627,1.002014084092683,0.0016612583746782416
0.36462568043043575,0.36462568043043575,0.9993177010595293,0.0015840531888589675
0.36472051196269606,0.36472051196269606,0.9996227908365064,0.0023603847965836503
0.36486763474040346,0.36486763474040346,1.0007497405481147,0.002687995158102401
0.36502558900137955,0.36502558900137955,0.9982262925329319,0.001958344490658131
0.3651332631618061,0.3651332631618061,0.9993624719587528,0.0023341999957199036
0.36524538913708965,0.36524538913708965,0.9992132475767252,0.002154927567020043
0.36540846185798725,0.36540846185798725,0.9987662119328196,0.002704415205152253
0.365527929502241,0.365527929502241,1.001498527216955,0.0022338806273877795
0.3656245024951204,0.3656245024951204,0.9995447444202771,0.002134180157103563
0.3658004016198902,0.3658004016198902,0.9994307109640893,0.0014606135430198994
0.36588834517297075,0.36588834517297075,1.0010526325774183,0.0015693447295226294
0.3661187869374771,0.3661187869374771,1.0000713114107325,0.0020657005268232267
0.36627766738893114,0.36627766738893114,0.9994813248252695,0.0024036302397641702
0.36639058078199016,0.36639058078199016,0.9980281398507304,0.002093237551220041
0.3664902030457597,0.3664902030457597,1.0000168086583214,0.0015801326315513827
0.3665859921446099,0.3665859921446099,0.9990425480287943,0.0019379388477833853
0.36666225041062717,0.36666225041062717,0.998779082500975,0.0019384539529283518
0.366815968850824,0.366815968850824,0.9972949914070396,0.00283834299664563
0.3669731152458553,0.3669731152458553,1.0009037100904599,0.00268793252588173
0.3671260063612863,0.3671260063612863,0.9993150245203486,0.0022486061588108688
0.36728586315130085,0.36728586315130085,0.9990601216314785,0.0015571138803511897
0.36743192453704976,0.36743192453704976,0.9969740871057786,0.0018458113225672697
0.36756135650120997,0.36756135650120997,0.999300778416987,0.0021651352014061785
0.36773770968356984,0.36773770968356984,0.9990538348960127,0.0015518468870000315
0.3678311630625103,0.3678311630625103,0.9992367082285988,0.0021411348846895467
0.36798979646409863,0.36798979646409863,1.000293258681428,0.0015039913342189473
0.36809193939025137,0.36809193939025137,1.0032741742215034,0.0022863055919705895
0.3681699188504354,0.3681699188504354,0.99991778275611,0.001969863902178141
0.36825356283770816,0.36825356283770816,0.998025370278647,0.001987994947330187
0.3683984764265915,0.3683984764265915,0.9980703573322547,0.0023081130250114886
0.3685065942056099,0.3685065942056099,1.0003299751784946,0.0027286250845812822
0.3686527057810963,0.3686527057810963,1.0015557039653484,0.0021411580920071846
0.3688241572013794,0.3688241572013794,0.9999991590561013,0.0016001664750846713
0.36894881336229446,0.36894881336229446,1.0010838032533345,0.0013917164532384542
0.3691816273671066,0.3691816273671066,1.000552545313073,0.002039008567972241
0.3693899926591257,0.3693899926591257,1.0007690943884762,0.0023430688475686067
0.36947421610657327,0.36947421610657327,0.9994600446202352,0.0016988378625629793
0.36958211304718136,0.36958211304718136,0.9999900688832286,0.001545489407082211
0.3697170522464148,0.3697170522464148,1.0012112560516067,0.0023150351123547093
0.3699057187935978,0.3699057187935978,0.9965014160899163,0.00223227421238059
0.3699973852078983,0.3699973852078983,0.9981421036641173,0.002664726763878373
0.37011355028298565,0.37011355028298565,1.0010679831624472,0.002191299244285394
0.3702390464208293,0.3702390464208293,0.99940556653183,0.0015251864085266723
0.37033962736804826,0.37033962736804826,1.000504911110344,0.0015916271575685981
0.37047790921878915,0.37047790921878915,1.0003539732018498,0.0015810609359793858
0.3705918003877741,0.3705918003877741,1.0025776226817176,0.0020705189403341694
0.37072002879813226,0.37072002879813226,1.003292336691184,0.001813835013511698
0.3709196572342989,0.3709196572342989,0.9984673110713492,0.0017385487147588894
0.3711550243393503,0.3711550243393503,0.9996918693275928,0.001993007760047627
0.37130208701928497,0.37130208701928497,0.9997318982319021,0.002358076036859078
0.3714375917954385,0.3714375917954385,0.9977635976417792,0.0015449155554713866
0.3715967133524828,0.3715967133524828,1.0011670842619826,0.0021956166101327113
0.3717238510305833,0.3717238510305833,1.000411653971416,0.002143118154618689
0.37188937077698936,0.37188937077698936,0.998419647233284,0.001616391719369266
0.3720320677739437,0.3720320677739437,0.9979722773931246,0.0015381783253387027
0.37218307215098323,0.37218307215098323,0.9986534932564008,0.001602232966716134
0.37239464819140267,0.37239464819140267,0.99953170357583,0.002363583973522968
0.37249997833496307,0.37249997833496307,0.9991652747867013,0.0020672184151098423
0.3726127789064776,0.3726127789064776,1.0006511817766142,0.001447220148034094
0.3727605875894369,0.3727605875894369,0.9990597624517493,0.0023792524601429278
0.3729408206307198,0.3729408206307198,1.0006991626263304,0.002210493770836843
0.3730726158813923,0.3730726158813923,1.0005349682402744,0.002674131492397266
0.3731936667338232,0.3731936667338232,1.0007295025557705,0.002253017662367244
0.37332213568661243,0.37332213568661243,0.9991984075102629,0.0016273231417789063
0.3734962360087593,0.3734962360087593,1.0010791367781287,0.0016135809013839097
0.3736106432375891,0.3736106432375891,0.9988437810545705,0.001528529553342024
0.373708196105872,0.373708196105872,1.0002948103211542,0.00166714474885599
0.3738256008622557,0.3738256008622557,0.9980665221883378,0.002207964419027135
0.37397707869113217,0.37397707869113217,1.0006697997869711,0.0019545477238034504
0.3740469987546021,0.3740469987546021,0.9985699942221368,0.001659109129817688
0.37421268082853204,0.37421268082853204,0.9986606650885242,0.0020731977416783946
0.3743373705179692,0.3743373705179692,1.0003996996205258,0.0022969879774256264
0.3744634876959026,0.3744634876959026,0.999482073581379,0.002603302813556416
0.3746131822766984,0.3746131822766984,1.0010141426466639,0.001973569882373009
0.37475464839135386,0.37475464839135386,0.9995086720266485,0.0021767731184871124
0.3748591795354514,0.3748591795354514,0.9993700106068634,0.002676904925724441
0.37496547469145297,0.37496547469145297,1.0020286847813142,0.0015568513325143096
0.3751152878594439,0.3751152878594439,0.9994063755983259,0.0017083121368100251
0.3752175845507736,0.3752175845507736,0.9992777000576234,0.0015517963258642005
0.3753529271660227,0.3753529271660227,0.9984503504452314,0.0015047660229886629
0.3754584703106957,0.3754584703106957,0.9981370674154084,0.0020126579240687583
0.37557044030127146,0.37557044030127146,1.0004592594215975,0.0019726123795129648
0.37570670186432836,0.37570670186432836,1.0002706497803349,0.001932888974985582
0.37584143345338816,0.37584143345338816,1.0010297852958208,0.0020211725003342774
0.3759548603566145,0.3759548603566145,0.9997989774288968,0.0024583716086608145
0.3761107153406556,0.3761107153406556,0.9986889385460685,0.0026607701006535296
0.37621619014735186,0.37621619014735186,0.9981462988954913,0.002268223127380924
0.37637088175197275,0.37637088175197275,1.0008041434684942,0.0026826583848588007
0.3765045817999635,0.3765045817999635,1.0000915727875186,0.0014975152342481487
0.37664596397444255,0.37664596397444255,0.9975974182017154,0.0015870119380838811
0.37679455771212816,0.37679455771212816,1.0010754034335245,0.0016422733311308442
0.3769141558714182,0.3769141558714182,0.9990390759048212,0.0020550953096072945
0.3770395226594701,0.3770395226594701,0.9984936310604894,0.0020463878750651065
0.37714541433524573,0.37714541433524573,0.9995355759717789,0.001607419118167418
0.3772897360962816,0.3772897360962816,0.9996968903379997,0.0016815686235011995
0.37748464538544796,0.37748464538544796,0.9984490098823328,0.0023831122328407508
0.3776333583129599,0.3776333583129599,0.999761168427878,0.002175974402364723
0.37781036885626235,0.37781036885626235,0.9998513385095574,0.0014577481542626283
0.3778783621839466,0.3778783621839466,0.9988735315094648,0.003060694722562966
0.37795106191679223,0.37795106191679223,1.0008992159711187,0.0022119607334843213
0.3780379643829292,0.3780379643829292,0.9999643477286171,0.0015633395328676913
0.3781370534088637,0.3781370534088637,1.000834566821877,0.0015853189484413184
0.37823536234482164,0.37823536234482164,1.0010814868537867,0.0017212003952522443
0.37836967280254613,0.37836967280254613,0.9987259161857251,0.001343886199138862
0.3784902339346445,0.3784902339346445,0.9988104080182427,0.0016777003548462243
0.37861138079479134,0.37861138079479134,1.0010333345280382,0.002026970870621776
0.37876480556515163,0.37876480556515163,1.0004992838050204,0.0019799053656432888
0.3788826701242215,0.3788826701242215,0.9992287181256957,0.002295890209730179
0.37902209815656535,0.37902209815656535,1.0013339167214366,0.0016588840838622511
0.3791517435023707,0.3791517435023707,0.9996795946614178,0.002314584643371027
0.37928760765389596,0.37928760765389596,0.9988051074327681,0.0027037559408505385
0.37942858630849513,0.37942858630849513,1.0011721973858123,0.0031324857678856023
0.3795226022191855,0.3795226022191855,0.9991306491961589,0.0015374475692413142
0.3796206593275201,0.3796206593275201,1.0025954546373617,0.0015634671608540259
0.3797800022584852,0.3797800022584852,0.998370294836666,0.0015349364643665118
0.3798874348143727,0.3798874348143727,0.9977293236749029,0.0016929929380259748
0.3799717741872882,0.3799717741872882,0.9986373437536699,0.0021389853391029236
0.38011837376197943,0.38011837376197943,1.0000453734404413,0.0019819280722910447
0.3802305452531073,0.3802305452531073,0.9999130019974926,0.0016182682631326437
0.38034332688712313,0.38034332688712313,0.9990057999324058,0.00175175451891406
0.3805411587589333,0.3805411587589333,0.9982752435143321,0.002297356721690554
0.38066127986385256,0.38066127986385256,0.9992477001782063,0.0022578294451576874
0.3807316635942698,0.3807316635942698,0.999636694099334,0.001614485459253005
0.380881792366381,0.380881792366381,0.9994630823679811,0.0026674493126318905
0.3809805106433487,0.3809805106433487,1.000185362392307,0.002644120343398313
0.38107907574976707,0.38107907574976707,0.9996133901750518,0.0022501163224329635
0.3812363904522499,0.3812363904522499,1.000013491683305,0.0015773652515742194
0.3813209959154847,0.3813209959154847,1.000567892460471,0.001668844382423397
0.38145923770571244,0.38145923770571244,1.0005641050109595,0.001602296247352081
0.3815678283704983,0.3815678283704983,0.9980857580230953,0.0015370633379431355
0.38165723511192484,0.38165723511192484,0.9976568371790382,0.001687674672349628
0.38183829250137935,0.38183829250137935,0.9978202654993756,0.0023833550512524547
0.38193145175137033,0.38193145175137033,1.0008862214658696,0.001913606140421077
0.3820847684848559,0.3820847684848559,0.9992984143338948,0.0020598078554188983
0.3821778106988859,0.3821778106988859,1.0000387175317589,0.0016019602876254987
0.38232110853550694,0.38232110853550694,0.9984320500690063,0.003128409798827436
0.3824699223248899,0.3824699223248899,0.9987212281797759,0.003110660622911884
0.38259619203909095,0.38259619203909095,0.9995918345233299,0.0015624507581624124
0.3826712148344086,0.3826712148344086,0.9996726195582724,0.0015653137783754277
0.38288812394694105,0.38288812394694105,0.9982625057334878,0.0016824621482500312
0.3830524608587439,0.3830524608587439,0.9991827556298883,0.0018490552825467296
0.383133271207771,0.383133271207771,0.9987414770248046,0.0023822091594661856
0.38327309365158724,0.38327309365158724,0.9997752229601504,0.002001463502973877
0.38336221349582045,0.38336221349582045,0.998241554519781,0.0014605208883175637
0.3834402159029196,0.3834402159029196,1.001192157494893,0.0016880993101279257
0.38352732101811854,0.38352732101811854,1.0007743054764564,0.0015438565964068008
0.3836194217032244,0.3836194217032244,0.9992428450075879,0.0018510187527108976
0.3837674215033985,0.3837674215033985,0.9993958029827732,0.002708339561086356
0.38385782111581646,0.38385782111581646,0.9982415532590684,0.002215562126049455
0.3840108023547145,0.3840108023547145,1.0012416403650786,0.002683206331801011
0.3841016149759525,0.3841016149759525,1.000751004809743,0.002148372131297983
0.3842278832213196,0.3842278832213196,0.9983601938400032,0.0016604197448136348
0.38433315886413766,0.38433315886413766,1.0001213792784056,0.0028494469357326093
0.38443122742191915,0.38443122742191915,0.9998158807324569,0.0017493304237099396
0.3845983799594251,0.3845983799594251,0.9984974395834605,0.001597145811933306
0.3846912838052958,0.3846912838052958,0.9997576989441125,0.001998360432962277
0.38475309611076225,0.38475309611076225,1.0023025972388144,0.001689879890079508
0.38486428047035587,0.38486428047035587,1.0023662181717246,0.0026257103271483243
0.38495412978554666,0.38495412978554666,1.0004472482013236,0.0016656385501143196
0.3850382721841015,0.3850382721841015,1.0012869238213056,0.002320407482718564
0.3851697043832246,0.3851697043832246,1.0000202885896867,0.0020161061354759947
0.38525019692333445,0.38525019692333445,0.9999860686640144,0.0016124579684111233
0.3853600501284745,0.3853600501284745,1.001618270506715,0.002250527182093333
0.38545622544443175,0.38545622544443175,0.9999497798016691,0.0031341932440690683
0.38558362256189865,0.38558362256189865,1.0016919577899481,0.0027191534767366347
0.38572356606964603,0.38572356606964603,0.9989478011915033,0.0015266676513665573
0.3858147777422346,0.3858147777422346,0.9981479252892,0.001591389269858527
0.38592487169171363,0.38592487169171363,1.0022703726795918,0.0019328437291421727
0.3860882116567154,0.3860882116567154,0.9979946029399536,0.0015792101751743975
0.38618095638084926,0.38618095638084926,1.0014091668575749,0.0024234711208064646
0.3863591998762786,0.3863591998762786,0.9992577961126555,0.0019741759908833167
0.38644293697852844,0.38644293697852844,0.9987464149288249,0.0020507655359836416
0.3865035310322128,0.3865035310322128,0.9985400307761875,0.0016323259369461266
0.38660458738795567,0.38660458738795567,0.9996226006349394,0.0017211864521966725
0.38669168766828077,0.38669168766828077,1.0017798821980008,0.0023132597648094625
0.3867801023347056,0.3867801023347056,0.9991113560217777,0.0014198367960306362
0.3869116956158905,0.3869116956158905,1.000029016440923,0.0031859133534967972
0.3870033791699825,0.3870033791699825,1.000727080454682,0.002227593457822734
0.38714125106671415,0.38714125106671415,0.9999847543831674,0.0026876162688217763
0.3873308718881162,0.3873308718881162,1.000556397116689,0.0015842477860728045
0.38746751370999843,0.38746751370999843,1.0001239596106963,0.0016527434803768437
0.38755520568702195,0.38755520568702195,0.9991778959773716,0.0016866258983169488
0.3876931591832545,0.3876931591832545,0.9989505963971753,0.0015975207129606153
0.38778884505027233,0.38778884505027233,1.0011830421902839,0.0015848199119418455
0.3878833446706267,0.3878833446706267,0.995755344954752,0.002374070109068591
0.38801353730414123,0.38801353730414123,1.000988896528127,0.00242124934284193
0.3881799003942433,0.3881799003942433,0.9979662556226371,0.0023249635686306736
0.3882989212143002,0.3882989212143002,1.0013928674768955,0.0023312909237005086
0.3884028429851242,0.3884028429851242,0.9980713923197163,0.0014820964188126929
0.3885487575387742,0.3885487575387742,0.9995235378909484,0.0031287100248547895
0.3886941127153477,0.3886941127153477,0.9998379501287762,0.002217412467416681
0.38880789200229626,0.38880789200229626,1.00094193493198,0.0021359817127051426
0.3889837337006611,0.3889837337006611,0.9997339176246716,0.0014618231968467046
0.3890717539119578,0.3890717539119578,0.9992940353744906,0.0015716180022495817
0.3893337539815548,0.3893337539815548,1.0002738081517846,0.002344619466468468
0.3895124618076807,0.3895124618076807,0.9991976252482686,0.002094682548517169
0.38959030930473093,0.38959030930473093,1.000272524955011,0.0021114825605224757
0.38970038099196247,0.38970038099196247,0.999531596241199,0.001640540126837954
0.38978414560770036,0.38978414560770036,0.9996877418095842,0.002242430261237154
0.3898797584504791,0.3898797584504791,1.0014549697166408,0.0015414208811855025
0.3900186667637172,0.3900186667637172,1.0007594220711389,0.0032207375102352464
0.39019077304019445,0.39019077304019445,0.9996557815545574,0.002187949817561682
0.39034306285375353,0.39034306285375353,1.0004625518964194,0.0022819585576370222
0.3904972533346154,0.3904972533346154,1.000025164976908,0.0015057301499461738
0.390615488705771,0.390615488705771,1.0009365947705648,0.001844285459619634
0.39074496357170574,0.39074496357170574,1.0009773962945478,0.002161862455919602
0.39092104282044604,0.39092104282044604,0.999052131792532,0.0015539428999873308
0.3910147498361766,0.3910147498361766,0.9987380273270716,0.002141771957802688
0.3911949067089154,0.3911949067089154,0.9977537895211102,0.001950135440798589
0.39129089555990504,0.39129089555990504,1.0009643236459267,0.001898769294520515
0.39137232856191984,0.39137232856191984,0.999965097929611,0.0023561847959611246
0.39145770196173546,0.39145770196173546,1.0003860681629597,0.0015857526025723954
0.39159211113819764,0.39159211113819764,0.999691682073913,0.002261692416288901
0.3916901431810402,0.3916901431810402,0.9997095633669787,0.0027222424514829657
0.391836139750194,0.391836139750194,0.9997706176882499,0.0021423378822263066
0.39200191506552073,0.39200191506552073,1.0005877204910534,0.0015508226355417955
0.39210707361999086,0.39210707361999086,0.99946995028009,0.0014773523933624285
0.39225394136046815,0.39225394136046815,0.9993651139176667,0.001669445136914631
0.39249924847117657,0.39249924847117657,1.0003188337462254,0.00263206231846087
0.3926447621815896,0.3926447621815896,1.0010897230309734,0.0015611469531961995
0.3927344650748637,0.3927344650748637,0.9999928029770194,0.0016171984887251236
0.3928827977162655,0.3928827977162655,1.0001069660529134,0.0023449238504036274
0.39305586522259545,0.39305586522259545,1.0011820068669997,0.0015999927987932067
0.3931546904566858,0.3931546904566858,1.0016417105371347,0.0030744304889361008
0.3932780152130363,0.3932780152130363,1.000718619233697,0.0015687280456032193
0.39337410405860285,0.39337410405860285,1.0013847668881206,0.0020994892950880937
0.3934846398951777,0.3934846398951777,1.000188647398981,0.0016758816668740375
0.3936031755953081,0.3936031755953081,0.9997027443924498,0.0015316547380167013
0.3937263136309411,0.3937263136309411,0.9979789894899298,0.001748689577215135
0.3938822678297583,0.3938822678297583,0.9997915763959705,0.002113019889190296
0.3940643877311231,0.3940643877311231,1.0004972922198103,0.0017883491019508827
0.3942955158478071,0.3942955158478071,0.9992142043726935,0.0016152609416738464
0.3944565271769534,0.3944565271769534,1.0018728644296004,0.002636558353739777
0.39458330187608226,0.39458330187608226,1.0007285917254904,0.0015740855551521094
0.3947801868327588,0.3947801868327588,1.0000337393544076,0.0021937715466116467
0.39489518588106876,0.39489518588106876,0.9987668247098804,0.00215339714627493
0.3950412902262542,0.3950412902262542,0.9978309623029256,0.0015811467323085936
0.39518821063156795,0.39518821063156795,0.9994511166764191,0.0016242841415085262
0.3953586400228232,0.3953586400228232,1.000974999905164,0.0015835809818015468
0.39557813320661805,0.39557813320661805,0.9986377062275175,0.0023657670249786957
0.39568354883067514,0.39568354883067514,0.9988343442841459,0.002067827893824593
0.395806777213329,0.395806777213329,0.9996826567362586,0.0015006017747434077
0.39597575218140263,0.39597575218140263,1.0008945380349314,0.0023397232180995806
0.39620263240831266,0.39620263240831266,1.000894892179405,0.002231516222142949
0.39631036778864653,0.39631036778864653,1.0021000200575958,0.0027685876516033757
0.39641382546560633,0.39641382546560633,1.0004431603708728,0.0021351688762236876
0.39655997003919763,0.39655997003919763,1.0012323512398038,0.0015882840682483815
0.39671584405932664,0.39671584405932664,0.9997796765935062,0.001560787078463651
0.3968033625291355,0.3968033625291355,0.997258368318079,0.001584699484418506
0.396926287239512,0.396926287239512,1.000317509357235,0.002143480517221275
0.3970742253213757,0.3970742253213757,0.9991814905822338,0.0021230724563194386
0.3971908029565384,0.3971908029565384,1.0006027510812276,0.00162013714188174
0.3972805539664478,0.3972805539664478,0.9978231491931904,0.001775241788885662
0.3974482868818086,0.3974482868818086,0.9980862004365714,0.0018635937478784221
0.39755887718711164,0.39755887718711164,1.0000564207092073,0.0027265779261014126
0.3976665232659798,0.3976665232659798,0.9990209463082899,0.002179958208421794
0.3978289838547425,0.3978289838547425,1.0009465977350684,0.001972484276243305
0.3979379980430167,0.3979379980430167,0.9984931454094301,0.0021831279154214014
0.3980439788992953,0.3980439788992953,1.001027513547698,0.002710493761623588
0.39818182499730026,0.39818182499730026,1.0021112203897125,0.0015647287902631733
0.39832313021051957,0.39832313021051957,0.9998954128234938,0.0016904748028989639
0.39842254761733786,0.39842254761733786,1.0014556444129437,0.0014764957889607448
0.39855639739107573,0.39855639739107573,1.0016241344307228,0.0016490112727988303
0.39866563333889643,0.39866563333889643,0.9969290928974978,0.0019266930781440344
0.398787246613756,0.398787246613756,0.998819894019717,0.0019758046214831976
0.39890927971955537,0.39890927971955537,0.9992031976688611,0.0019009152532117372
0.3990349840601993,0.3990349840601993,1.0008104113956757,0.0020380887783808493
0.39913391858171965,0.39913391858171965,1.0013733909807747,0.002502201854258931
0.39931287733325005,0.39931287733325005,0.9988111000692423,0.002226625253277243
0.39939965082794515,0.39939965082794515,0.9995233252540402,0.002727559066279624
0.3995544679431987,0.3995544679431987,0.9999475591050638,0.00269144475804949
0.3996879693831943,0.3996879693831943,0.9990124247532937,0.0014986686392865888
0.3998295799492553,0.3998295799492553,0.9992525111502536,0.0015885184820889908
0.3999780208245284,0.3999780208245284,1.0004020637783255,0.0016443377408685094
0.4000977101293756,0.4000977101293756,1.0002344335246869,0.0020577619157835154
0.4002229951294794,0.4002229951294794,1.0011094343480014,0.002061334945446867
0.40032875508095456,0.40032875508095456,0.9981893250545459,0.0016092196077413987
0.40046641789449494,0.40046641789449494,1.0027110917882285,0.001680977878054778
0.40063214731999325,0.40063214731999325,1.0008080426755392,0.0023436177364656906
0.40077047985851094,0.40077047985851094,0.9995655175273861,0.0022231970949767046
0.40094935357901706,0.40094935357901706,0.9990098401982047,0.0014860103058090904
0.4010619862410749,0.4010619862410749,0.9991293598841832,0.0030628066025988002
0.40113451735305716,0.40113451735305716,0.9988438456976597,0.0022151013347935598
0.40122553139808587,0.40122553139808587,0.9988193840298745,0.001617320162006736
0.40133264809974206,0.40133264809974206,0.9978848137271783,0.002835002136186429
0.401419141817496,0.401419141817496,0.9996433086420756,0.0017216383308919232
0.40155285359651316,0.40155285359651316,1.0014645991982554,0.001344823999105177
0.4016737087367801,0.4016737087367801,1.0010104850679726,0.0016799962110526652
0.40179485464013853,0.40179485464013853,1.0015037332830063,0.0020285751695612625
0.4019482180161503,0.4019482180161503,0.9998632805288328,0.0019875466048210897
0.4020718053672681,0.4020718053672681,1.0009254471392652,0.0022705806432414197
0.4022011565608409,0.4022011565608409,0.9995173447188949,0.0016501818437060101
0.40229861582065496,0.40229861582065496,1.0011847683578186,0.00228463302552384
0.40244972314885674,0.40244972314885674,0.9988936463241045,0.0026943931546544835
0.4025831043612925,0.4025831043612925,0.9999264008546239,0.0031154372303215856
0.40269715121467015,0.40269715121467015,1.0004987832717638,0.0016239916993419506
0.40280419935224926,0.40280419935224926,0.9983242103554717,0.0015620302387104686
0.40296895276842404,0.40296895276842404,0.9985166371932932,0.0015844309036175657
0.40308479906379946,0.40308479906379946,0.9994962581135816,0.0017766262769996397
0.4032027228960942,0.4032027228960942,1.0004561831672258,0.002157413266654828
0.40336049803736385,0.40336049803736385,0.9999457434010006,0.0018930822874685734
0.40343648454690995,0.40343648454690995,0.9989973158948706,0.0017225196988199369
0.40356289086557806,0.40356289086557806,1.0004703512883677,0.001648190470031854
0.40375423947953093,0.40375423947953093,0.9993581024327838,0.002343636660250111
0.4038609773391727,0.4038609773391727,0.9983821303459062,0.0022098557200013703
0.4039900115807541,0.4039900115807541,1.0009319277181772,0.002194565202349564
0.40411818611482886,0.40411818611482886,1.001248602293979,0.0026276093605672956
0.40419882440455696,0.40419882440455696,0.999973275626761,0.0026776540380000135
0.40432716640953004,0.40432716640953004,0.9991932645411721,0.00164343230853775
0.4044552943529197,0.4044552943529197,1.0008862911514242,0.001620128277384945
0.40455363146938905,0.40455363146938905,1.0022278360685006,0.0015757429582777913
0.404715837922231,0.404715837922231,1.000690537719258,0.001472523482029133
0.4047642459388953,0.4047642459388953,0.9996817970455822,0.0017094160835469181
0.4049073179379775,0.4049073179379775,1.0015977458988161,0.002005036653448163
0.40505454321228174,0.40505454321228174,1.000836740633948,0.002036724687176953
0.40513805930240776,0.40513805930240776,0.998951701829451,0.001956881805250256
0.4053094889894055,0.4053094889894055,0.9995302605134772,0.002082144068952396
0.4054143182876942,0.4054143182876942,1.0013819428820727,0.002244277600021338
0.40555959776411327,0.40555959776411327,1.0000926801564969,0.0026674010871171974
0.4056628594402355,0.4056628594402355,1.0017886000788694,0.003109079530524627
0.40577962528168426,0.40577962528168426,0.999833750121198,0.0015631792955258042
0.40585473649171033,0.40585473649171033,1.0012621500542782,0.0015673120364900755
0.4060410750220399,0.4060410750220399,1.0031592310407986,0.001584386897965417
0.4062210040548962,0.4062210040548962,1.0002820049682104,0.001852793742075053
0.406299467748795,0.406299467748795,1.0000173768847003,0.002305427563712918
0.4064268526753949,0.4064268526753949,1.0007734820827063,0.0021679740815413245
0.4065308991092024,0.4065308991092024,1.0000907711872453,0.0014228946951641145
0.4066058336844435,0.4066058336844435,1.0012053385034885,0.0016128216167925875
0.40669093164415243,0.40669093164415243,1.0006424563218304,0.0016172506978924018
0.406789518986443,0.406789518986443,0.99848327700044,0.0019113568481085284
0.40691779983153537,0.40691779983153537,1.0016527666058468,0.0022028948776427115
0.4070256397952107,0.4070256397952107,1.0021110928366816,0.0027135831869395826
0.4071944569228435,0.4071944569228435,1.001372687067523,0.002682092832156457
0.4073112955657052,0.4073112955657052,1.0014464975370923,0.002193796594215562
0.40745690922722133,0.40745690922722133,1.0032020555440146,0.002850286714544251
0.40756937286241735,0.40756937286241735,0.998966486542544,0.0016771142954342562
0.4076577847063163,0.4076577847063163,0.9977179672117165,0.0016264877835559515
0.4078080266466714,0.4078080266466714,1.000712659956902,0.0017153255664488789
0.4078806899138726,0.4078806899138726,0.9982041274430425,0.001997553080087181
0.4079609365009674,0.4079609365009674,0.9998019095209587,0.001636857150534282
0.4080598957654729,0.4080598957654729,1.0000438238543932,0.002585319852679706
0.4081765287459348,0.4081765287459348,1.0003184409614954,0.0015671112071037308
0.408284431098582,0.408284431098582,1.002758469501119,0.0020254371638479484
0.4084118349648634,0.4084118349648634,0.9998426087286081,0.0020882758136571413
0.4084872571664164,0.4084872571664164,1.0002300828176753,0.0015431323058472685
0.40861397078570005,0.40861397078570005,1.0028980407797148,0.00312002212262532
0.40876719677926304,0.40876719677926304,1.002689465054639,0.0027246911308996397
0.4089068928924462,0.4089068928924462,0.998116071588735,0.0015275668906431453
0.40901215900066745,0.40901215900066745,1.0001472213532967,0.001506067143435416
0.40916658362311864,0.40916658362311864,1.0007974933237977,0.0019385678024758754
0.4093076613531593,0.4093076613531593,0.9993802838250317,0.0016750087616099012
0.40943425791956545,0.40943425791956545,0.9994507483422502,0.0026764159760475966
0.40957951797736314,0.40957951797736314,1.0007275198473935,0.0016343890751942477
0.40963851856122346,0.40963851856122346,0.998758799275587,0.001970623087678587
0.40970554157120204,0.40970554157120204,0.9997334358983287,0.0016821576634922068
0.40981053198229345,0.40981053198229345,0.9997170701988317,0.002074166212524617
0.40990978951576834,0.40990978951576834,1.0002310099172482,0.0018772292208552623
0.4100144640200597,0.4100144640200597,1.0003343082236789,0.0021608107867446295
0.41013318600034837,0.41013318600034837,1.001305519712545,0.0031670834169205894
0.4102676887845519,0.4102676887845519,0.9989335717131891,0.0016365821179510306
0.4104347272181258,0.4104347272181258,1.0001066521007893,0.0027126023190993656
0.41059886494094827,0.41059886494094827,0.9995789477860854,0.0015725417398522817
0.4107083748158402,0.4107083748158402,0.9987904479027178,0.0017496375916949696
0.41081845627086294,0.41081845627086294,0.9997308072037608,0.0015251731107109624
0.4109382518850907,0.4109382518850907,1.0006817904327625,0.0016865010750262276
0.4110140676773881,0.4110140676773881,1.0016235422383348,0.001934571422343456
0.4110672565871937,0.4110672565871937,0.9976341598412624,0.002419058099734411
0.41118671573276516,0.41118671573276516,0.9997411766244835,0.002436520401036964
0.41133524900869817,0.41133524900869817,0.9998805843141912,0.002292074723934127
0.41146644944838046,0.41146644944838046,0.9994851532645879,0.0023411785630754337
0.4115517025527879,0.4115517025527879,0.9998475231007424,0.0015408476124629457
0.4116913324409325,0.4116913324409325,1.0005814352410414,0.0022358113799656643
0.4118303624787586,0.4118303624787586,0.9996666214389347,0.002698813753327898
0.4119251448692012,0.4119251448692012,0.9995276004874484,0.002723882460722557
0.4120225721901079,0.4120225721901079,0.9994360813389098,0.0014744699150134872
0.4121923291117128,0.4121923291117128,1.001273348798963,0.001475458137891073
0.41230674844828175,0.41230674844828175,1.0002480874894417,0.0016196063559186322
0.41254940321996403,0.41254940321996403,1.0001628807455922,0.00258218327755555
0.41271861231361984,0.41271861231361984,1.0008473837452443,0.0016912988045223345
0.412791155256491,0.412791155256491,0.9978976215585262,0.002138050420392616
0.41291262061404266,0.41291262061404266,1.0003344813005737,0.002024766856615597
0.41298889193840294,0.41298889193840294,1.0022620761567456,0.0018658409199634796
0.41313443885956075,0.41313443885956075,1.0013211633724235,0.0022163532847516237
0.4132572527956654,0.4132572527956654,0.9978852104482356,0.0028173564375737923
0.4134340347973193,0.4134340347973193,0.9979616201693082,0.002719503217528195
0.41357511597962004,0.41357511597962004,1.0008327526261236,0.0016148246642292015
0.41371256315869687,0.41371256315869687,1.0009577933206661,0.001496835998997236
0.4138153060835975,0.4138153060835975,1.0009587677766814,0.0018975232744619965
0.4139713902119183,0.4139713902119183,0.9991148242042032,0.0021627640940918673
0.4141225454419327,0.4141225454419327,0.9994069038383742,0.0014725560770278143
0.4142284412357185,0.4142284412357185,1.0002926113168846,0.002094582300548807
0.4144067525998253,0.4144067525998253,1.000628492136988,0.0020093839363205545
0.4144869565958288,0.4144869565958288,0.9988288821853459,0.0018664993157843912
0.4145753193370183,0.4145753193370183,1.0005202515148546,0.0023630611739863883
0.41467020338677685,0.41467020338677685,0.9988826216843375,0.0016189199268240382
0.4147949486859943,0.4147949486859943,1.0018821357417198,0.0022364753453669164
0.4149127317214152,0.4149127317214152,0.9981695454022119,0.003141671032587502
0.4150450572509726,0.4150450572509726,0.9989050412810222,0.0014585813387258696
0.4152192859988645,0.4152192859988645,0.9997985619137324,0.0016026044094217952
0.41531690342580985,0.41531690342580985,0.9997380719761292,0.0014795261908343807
0.41551937398726296,0.41551937398726296,0.9972434351091272,0.002090052239541622
0.4157504911237993,0.4157504911237993,1.0016866214645752,0.0023517468929004936
0.41584128815648,0.41584128815648,1.0003666989202125,0.0017000140696261212
0.4159488215827878,0.4159488215827878,1.0006472438626937,0.0015477107690725813
0.4160708637931748,0.4160708637931748,1.0035710910867166,0.0028276428931309555
0.4162154104691581,0.4162154104691581,1.0005695956322376,0.0015482009811526281
0.41631592368685233,0.41631592368685233,0.9975992587517603,0.0031015027968661927
0.4164386573500451,0.4164386573500451,0.9997809666216956,0.0015117959837367457
0.4165322062342966,0.4165322062342966,0.9991069487589991,0.0021632127484066625
0.41665383444233156,0.41665383444233156,0.9985666728521393,0.0015971793402533682
0.4167563003675241,0.4167563003675241,1.0008639233304595,0.001542196742588328
0.4168935409925325,0.4168935409925325,1.0007632279331644,0.0015818091956865653
0.4170306693953535,0.4170306693953535,0.9974070781190626,0.0021468776096276784
0.41721172060606476,0.41721172060606476,1.0020517343578725,0.0018464038688662948
0.41742635915925347,0.41742635915925347,1.002923338143066,0.001683820007074187
0.4175833976585636,0.4175833976585636,0.9978102733677984,0.0022941161616413545
0.41771896267637204,0.41771896267637204,0.9977763011374948,0.002027476820589522
0.41787465312572747,0.41787465312572747,0.9998591799763575,0.0015651511027594673
0.4180473750055171,0.4180473750055171,1.002136801086452,0.002130468077552546
0.4181749997933366,0.4181749997933366,0.999086361317256,0.002161640491808263
0.4183416406160177,0.4183416406160177,1.0007354161625268,0.0016287558798593858
0.4184479479066795,0.4184479479066795,0.9998745916346141,0.0014791491821074599
0.4187146840318746,0.4187146840318746,0.9982207288023875,0.0021340832594621767
0.41882034894842946,0.41882034894842946,1.0029348122274162,0.0022559781862586045
0.4189332688069044,0.4189332688069044,0.9988023524501554,0.0016997122892948458
0.4190959486717475,0.4190959486717475,1.0011187154516803,0.0020133464186990364
0.41928556812545137,0.41928556812545137,1.0001219832153498,0.0020794920827928
0.4194191752412735,0.4194191752412735,0.9986936840070054,0.0030859547493931154
0.41953601752138636,0.41953601752138636,1.0031742052297548,0.0016564050317698646
0.4196589901746847,0.4196589901746847,1.0028767653776287,0.0022200500412925873
0.4198251629495644,0.4198251629495644,0.9990646831666388,0.0016157920115442838
0.419968759708172,0.419968759708172,0.9989002202080558,0.0015522756228923895
0.42004898550294456,0.42004898550294456,0.9996405783809037,0.0016971061177332805
0.42019279982359875,0.42019279982359875,1.0004503888743466,0.0022088450558692
0.42034394177026113,0.42034394177026113,0.9975721314271858,0.0019543852754060876
0.4204214361758204,0.4204214361758204,1.0016385013696234,0.0017323115635734594
0.42061359703311607,0.42061359703311607,1.0000336742561777,0.0019648945185726002
0.4207123060778031,0.4207123060778031,0.998853634017349,0.0023213139074149546
0.42085009465936307,0.42085009465936307,0.9983093774691165,0.002181386851433472
0.42101488396037895,0.42101488396037895,0.9985832262612055,0.002013964526745091
0.42114577027587075,0.42114577027587075,1.000429921698543,0.002654995751980178
0.42124577526737994,0.42124577526737994,0.9988537404182889,0.002211927601171512
0.4214005679852562,0.4214005679852562,0.9985659107124363,0.0016188451663046773
0.421512423596505,0.421512423596505,1.0010982432327633,0.0016487429375648076
0.4216058497000631,0.4216058497000631,1.0020439972448467,0.001476589376180786
0.4217398592576501,0.4217398592576501,0.9992784929193121,0.0016481465884952474
0.42184901240580075,0.42184901240580075,1.0020960914380836,0.0019333472140860646
0.42197071594509905,0.42197071594509905,1.0009282906518753,0.0019767208867023543
0.4221136596886936,0.4221136596886936,0.9994079906835441,0.0022738931659262657
0.4222560833217358,0.4222560833217358,0.999682611655382,0.0020781692393267003
0.4224334022945186,0.4224334022945186,1.0019166213109112,0.002683035432302079
0.4225401543522821,0.4225401543522821,1.0000092796833537,0.0026512278746321297
0.42264860788473013,0.42264860788473013,0.9997141203946975,0.0027218320269630945
0.422771029730211,0.422771029730211,0.999360893402439,0.001621889439745295
0.42291097645284026,0.42291097645284026,1.0016866572374945,0.001496924050920294
0.423063155219279,0.423063155219279,1.0005823563124325,0.0016366549489636706
0.42319545170212225,0.42319545170212225,1.0021149289444995,0.0016777064831151871
0.42330101147799726,0.42330101147799726,1.0029095295271335,0.002061258213793571
0.423435008456363,0.423435008456363,0.9993410655916787,0.0019783622639757675
0.42352728946352725,0.42352728946352725,0.999862579177799,0.0016617786507896921
0.4236595817965281,0.4236595817965281,1.0013831288613844,0.0021693942437731803
0.4238517280688029,0.4238517280688029,1.0008560123902712,0.0023907589305923816
0.4240005012443362,0.4240005012443362,1.000463822677409,0.0021818410631065637
0.4241915962018538,0.4241915962018538,0.9999753181065415,0.002635337382752137
0.42427776079512114,0.42427776079512114,1.002129447135046,0.0026368029461332704
0.42434625188980135,0.42434625188980135,1.0012576295987248,0.001674999031414754
0.42445876424699236,0.42445876424699236,0.9974983251635262,0.0015173783022371444
0.4245645496963334,0.4245645496963334,1.000065093345167,0.0017342167081864975
0.4246693802404479,0.4246693802404479,0.9964868826514139,0.001476690352244306
0.4248043550240254,0.4248043550240254,0.9970754590549424,0.0015385093086253444
0.42488875827621087,0.42488875827621087,1.0007474892555646,0.0016771473603005905
0.4250264512553258,0.4250264512553258,1.001042362529575,0.0023337389857137516
0.42515698591778345,0.42515698591778345,0.9976189042864316,0.001526235658102508
0.4253246362111895,0.4253246362111895,1.000847658000173,0.002389884119417199
0.4254359642356576,0.4254359642356576,1.0021885142498381,0.00162216821927256
0.42561823234973417,0.42561823234973417,0.9978435197428318,0.0030944673622597873
0.42573263575086456,0.42573263575086456,0.9979517916924971,0.0031102887064821103
0.4258667540281749,0.4258667540281749,0.9997558729148256,0.0016319501598220727
0.4259936817472408,0.4259936817472408,1.0013757719208036,0.0015988624997073692
0.42615251199840715,0.42615251199840715,1.001626592508893,0.0015855279898614543
0.4262683667295278,0.4262683667295278,1.0016731200943498,0.001777385633935289
0.42638638616954266,0.42638638616954266,0.9996014072990482,0.002154430953717167
0.4265438953507328,0.4265438953507328,1.0000034259229467,0.001892054456569874
0.42661995742273573,0.42661995742273573,0.9995212148410694,0.0017250778773870465
0.42674633882797935,0.42674633882797935,0.9996149044511771,0.0016463120256562525
0.4269191314626369,0.4269191314626369,1.0018737982353327,0.0022975766751598308
0.4270284168762373,0.4270284168762373,0.9994454878345994,0.00226184390840009
0.4271374927940997,0.4271374927940997,1.002950899465116,0.0021968509025684048
0.42730076962088787,0.42730076962088787,1.0001210956556095,0.0026293335355511397
0.4273823880812415,0.4273823880812415,0.9997510139657552,0.00268428762941894
0.4275108087780609,0.4275108087780609,1.0012030030780208,0.001643707752063009
0.42763892483562815,0.42763892483562815,1.0004585166374838,0.0016207323659809321
0.4277137311799379,0.4277137311799379,1.0003683028598052,0.0016067131857833259
0.42785552767672924,0.42785552767672924,1.000187539398837,0.001467073107231555
0.42793447479889435,0.42793447479889435,1.0004404300632856,0.0015383059513533292
0.42800252215583895,0.42800252215583895,0.9977725029354387,0.0016903057712324779
0.42817333763359783,0.42817333763359783,1.0012428197974823,0.0023377206903415467
0.4282914157049163,0.4282914157049163,1.0009224104838363,0.001967519106861245
0.42842951155107584,0.42842951155107584,1.0017307116719878,0.0020357269869531987
0.4285527540292605,0.4285527540292605,0.9996634923694889,0.0016227150091655523
0.4287205128342976,0.4287205128342976,1.0009697504149861,0.0031044319802448718
0.4288464425231723,0.4288464425231723,0.9978938459583251,0.0031010197635926353
0.4289667591978287,0.4289667591978287,0.9989179648021855,0.001591563769028836
0.4290534994985137,0.4290534994985137,0.9998389711608638,0.0015386444965397642
0.42925534829482787,0.42925534829482787,1.000542945117783,0.001684870339675509
0.42941958968986,0.42941958968986,0.9997138045947501,0.0017806022914021312
0.42948298256160344,0.42948298256160344,0.9993741203229032,0.0023088203078694136
0.4295933326207887,0.4295933326207887,1.0006011063712674,0.002116635753350163
0.42970285631672595,0.42970285631672595,0.9964738009406215,0.001552873714010188
0.4297742829168783,0.4297742829168783,0.9994261148297225,0.0016317236805101336
0.4298576174036498,0.4298576174036498,1.001594853949919,0.0016205991965800408
0.4299530784426679,0.4299530784426679,1.0006965146611202,0.0019093419270981835
0.43005625357927785,0.43005625357927785,0.997745196814449,0.0016119628463127657
0.43017377650994604,0.43017377650994604,0.9996780725174397,0.0027395198554257985
0.4303108571510165,0.4303108571510165,0.9972340992367406,0.002193501617805107
0.4304308346574544,0.4304308346574544,1.0010388407222286,0.0030625595339845183
0.43059539956138904,0.43059539956138904,1.0008892097563034,0.0016619226024507886
0.43068700298572365,0.43068700298572365,0.9987821088984863,0.0027933368198633
0.4307889873010936,0.4307889873010936,1.0024117803866053,0.0017744621890632688
0.4308975997768357,0.4308975997768357,0.9987947764194299,0.0015214910395878948
0.43101850534785624,0.43101850534785624,1.0003177141609814,0.0016280733888770522
0.4310699284100338,0.4310699284100338,1.0014067964171878,0.002029351115615135
0.43117083538581935,0.43117083538581935,1.0002461852910465,0.002025919394470564
0.4312660112924277,0.4312660112924277,1.0000879800502154,0.002279187978240911
0.4313740919415068,0.4313740919415068,0.9989323968339934,0.0019921915559997045
0.4315008045135983,0.4315008045135983,1.0003615745009415,0.0020265738599025028
0.43161468611724557,0.43161468611724557,1.0010624045020768,0.0016384993667288299
0.43172691328236396,0.43172691328236396,0.9988488759043609,0.002252112959349525
0.43184902582452195,0.43184902582452195,0.998867843015673,0.0031234683705359226
0.4320131983571628,0.4320131983571628,0.9984867701269156,0.0021739203072149616
0.4321292161148449,0.4321292161148449,0.9990555632597491,0.0015778152781080427
0.4322479466232835,0.4322479466232835,0.9980973964202489,0.001974983053780185
0.43238448486263226,0.43238448486263226,0.9991001755743062,0.0015646543656242858
0.432504705545216,0.432504705545216,1.0023967515865508,0.0016742998495323888
0.43261792889461503,0.43261792889461503,0.9998878481296227,0.0026787112247992754
0.43276779549105415,0.43276779549105415,0.9999019085929486,0.001634642542102985
0.4328341906395508,0.4328341906395508,0.9994455349960276,0.0019317678414631496
0.4329060776039114,0.4329060776039114,0.9995367549655576,0.0018058428018839685
0.4330181524013824,0.4330181524013824,1.0011093251944863,0.002334003666957272
0.43310511967265486,0.43310511967265486,1.0004101482875478,0.0014029685701320968
0.4332276146977165,0.4332276146977165,1.0012732911903346,0.0026675255338341787
0.4333334222304984,0.4333334222304984,1.0017564632586669,0.002790139395345265
0.4334626042997115,0.4334626042997115,1.0003094374538688,0.0016187262566142893
0.433618526862665,0.433618526862665,0.998072135794048,0.002717870407777017
0.43378239991197914,0.43378239991197914,0.9997886523522844,0.0015750139552256712
0.4338920193424201,0.4338920193424201,1.0046336461801633,0.0017504454052652888
0.43400182836612655,0.43400182836612655,1.000247126070933,0.0015267345784003702
0.4341502223292991,0.4341502223292991,0.9996714841039397,0.001669891122640515
0.4342361042639823,0.4342361042639823,0.9967809071760186,0.00243635814054506
0.43431458101567844,0.43431458101567844,1.000095378505105,0.002385368314841432
0.43449473591881543,0.43449473591881543,0.9986962771851914,0.002364036103913799
0.43462572633943636,0.43462572633943636,1.0031405707718106,0.0019704278260477535
0.4347194605530603,0.4347194605530603,1.0006092981457497,0.0019500462589451182
0.43484795879903687,0.43484795879903687,1.0009344163010199,0.0022361844470246356
0.4350138444426193,0.4350138444426193,1.0022925458979268,0.002701289455869
0.4351188639349857,0.4351188639349857,0.9998360449969234,0.00271946446856385
0.4352402323142087,0.4352402323142087,0.9991530686286513,0.0015020007359493773
0.43537573894263915,0.43537573894263915,1.0000235588640594,0.0014747245169952612
0.4354901846096254,0.4354901846096254,1.0003668906452456,0.0016214914697736816
0.4357267537781809,0.4357267537781809,0.999273833024524,0.0022526836197460593
0.43587961090361205,0.43587961090361205,1.0008030727722985,0.002093275218283914
0.43595739109496207,0.43595739109496207,1.0004872828654412,0.002112594139342147
0.4360579914990012,0.4360579914990012,1.0010239245842036,0.0020015860674538035
0.43615072226293705,0.43615072226293705,1.0004747254216917,0.002277111036885419
0.4362465419641012,0.4362465419641012,0.9994602114082836,0.0015413640101555478
0.43638615980307804,0.43638615980307804,1.000522974105061,0.0032143097502949436
0.4365579161405549,0.4365579161405549,1.0017103801985798,0.002191334052579686
0.4367347334713486,0.4367347334713486,1.0012939769526195,0.0022248078182950794
0.4368639253500078,0.4368639253500078,1.0003081978520516,0.0015063985920530814
0.4369681748794392,0.4369681748794392,1.0009693758783402,0.0016150837404204754
0.4370772971133192,0.4370772971133192,1.0008771781901389,0.0022902164352221624
0.43726444454223384,0.43726444454223384,0.9990324757361044,0.001685756619029376
0.43734532104408574,0.43734532104408574,1.0019784277127521,0.0016968806861335298
0.4374903996629655,0.4374903996629655,0.9995416837960454,0.002007971912541201
0.43762535237601696,0.43762535237601696,0.99861452847698,0.0022963076435512063
0.4377001339906201,0.4377001339906201,1.000047584536079,0.0019490313911256247
0.4377863835923563,0.4377863835923563,1.001042772635422,0.002038435239255696
0.43791799554437605,0.43791799554437605,1.0002661669209871,0.002245603392963106
0.4379998767904908,0.4379998767904908,0.9997593419056449,0.002237664491741222
0.4381672822170003,0.4381672822170003,0.9990882636739766,0.002686917058075293
0.43828611149492647,0.43828611149492647,0.9989706202435759,0.0014918950455995602
0.438426699248339,0.438426699248339,0.9990200409463939,0.0016501877971378334
0.4385218417217402,0.4385218417217402,0.9984293714204113,0.0014738641998973969
0.43877342048235735,0.43877342048235735,1.0018147148726084,0.0023612431047722302
0.4389766264252103,0.4389766264252103,0.9988484543185322,0.002048392793099948
0.43906192041340547,0.43906192041340547,0.9989038926268374,0.0015496347059221311
0.43918896310478883,0.43918896310478883,0.9994229617934127,0.0020720859254086087
0.4393440192392518,0.4393440192392518,1.0019947103354054,0.002000069907515019
0.43946431433578254,0.43946431433578254,1.0008768664382053,0.002232516254625603
0.43957438729630666,0.43957438729630666,0.9983559736773749,0.0026377289458128653
0.43968522080776895,0.43968522080776895,1.0025969300126363,0.0022007720267685346
0.43981419178944636,0.43981419178944636,1.0004907870530393,0.0015762016408902963
0.43991544260316007,0.43991544260316007,1.0000067937860557,0.0015391003182397948
0.44005345640489396,0.44005345640489396,1.0008819510746223,0.0016370105195098622
0.4401862248345424,0.4401862248345424,1.0013209339533256,0.0021418140482497103
0.44039520987116704,0.44039520987116704,1.0010027925344045,0.001845291145099898
0.44059879824308157,0.44059879824308157,1.002596571292249,0.0017033211884447629
0.4407366680323321,0.4407366680323321,1.000930851971497,0.001899587924798253
0.4408656347071883,0.4408656347071883,0.998770556433983,0.00282516628347392
0.4409886146688223,0.4409886146688223,1.0010562876010107,0.0015758689181655592
0.44113954524946164,0.44113954524946164,1.0019071514079279,0.0026891601265211897
0.44124665314884626,0.44124665314884626,1.0001043466843456,0.001444091370230756
0.4413476950103359,0.4413476950103359,1.0007521226542777,0.002153506419860407
0.4414772962409188,0.4414772962409188,1.0018844203986825,0.0016724469193603645
0.4416115000429272,0.4416115000429272,0.9997326682170685,0.0014786602661991193
0.44183620850490113,0.44183620850490113,0.9986124067024429,0.0017751410441137112
0.44198732355398535,0.44198732355398535,1.0009101565548546,0.0025700880836927423
0.4420946653062856,0.4420946653062856,0.999467056307263,0.001698364835753998
0.4422414474332982,0.4422414474332982,1.0009778158172888,0.0019804711406543134
0.442444629640886,0.442444629640886,1.0026924491539582,0.002003185964353094
0.4426018568146901,0.4426018568146901,0.9978779941260776,0.002697599235642384
0.4427005870536959,0.4427005870536959,1.0019234456429291,0.0022828942446806904
0.4428029497245006,0.4428029497245006,0.9994456568976713,0.0021869750292643395
0.4429782720913863,0.4429782720913863,0.9985535366945044,0.0016123707433429765
0.44313502880740996,0.44313502880740996,0.9985400575724672,0.0015562486459788057
0.4432175611447747,0.4432175611447747,1.0022567822776833,0.0016851818309857902
0.4433763992650711,0.4433763992650711,1.00170974093832,0.0022186441269614705
0.44353412732234576,0.44353412732234576,1.0001319457161464,0.0019718084229283254
0.4436391075758365,0.4436391075758365,1.0025122270782396,0.0018421860779962184
0.443814994704735,0.443814994704735,1.0014590468788023,0.0018621538122159421
0.4439285804050087,0.4439285804050087,1.00050115167256,0.0023590008039881564
0.44405979254079286,0.44405979254079286,1.0001703345301736,0.0021676376030399552
0.4442257231481562,0.4442257231481562,1.002058809366402,0.002023240445892531
0.4443599425756474,0.4443599425756474,1.002060811622124,0.0030717213600490513
0.4444682072033174,0.4444682072033174,1.0004500829731147,0.0015443255967555914
0.4446120317366876,0.4446120317366876,0.99966425621467,0.0016157328230267149
0.4447345262404269,0.4447345262404269,1.0001073959911646,0.0015734528398402936
0.4448763584703556,0.4448763584703556,0.9989161243312147,0.0016504526261778899
0.44498607769019144,0.44498607769019144,1.000628472085944,0.0019697800486258516
0.44508310098299264,0.44508310098299264,1.0032371152843411,0.001958137054501488
0.44521951791375614,0.44521951791375614,1.0013663002603614,0.0015969467574985879
0.44535652908361956,0.44535652908361956,0.9994077380714806,0.0023462919928406334
0.4455010490684799,0.4455010490684799,1.0004081447652786,0.0025022144713403157
0.4456948860535704,0.4456948860535704,0.9988538748230227,0.0026845679448829463
0.4458005865400992,0.4458005865400992,0.9987179144447527,0.002733417374460515
0.44593870189091833,0.44593870189091833,0.9995294501034492,0.0021868232048899336
0.4460937426991222,0.4460937426991222,1.0004912732924502,0.0016627787832400056
0.44622203541330235,0.44622203541330235,1.0024713916549834,0.001604237150111424
0.44635175042840275,0.44635175042840275,0.9983667809413438,0.0015924703598063823
0.44647293172965874,0.44647293172965874,0.9990888787246428,0.0021467049332462556
0.44661835577680903,0.44661835577680903,0.9979269487042771,0.001984140320226056
0.44671069862288276,0.44671069862288276,1.0001391869950256,0.0016631760140508104
0.44687909166987083,0.44687909166987083,0.9991126839709485,0.002047820447984784
0.4470709550063475,0.4470709550063475,0.9998968141594566,0.0020748167777724573
0.4471937256190358,0.4471937256190358,1.0045310557050184,0.0021399043629926483
0.44737510112518064,0.44737510112518064,0.9984348302328575,0.0026324745259425062
0.44746281073330463,0.44746281073330463,0.9989600732785939,0.0026400618146233293
0.4475297971310283,0.4475297971310283,1.0002969136873738,0.0016747741552620952
0.4476421745686821,0.4476421745686821,1.0020027174009831,0.001517487803850001
0.4477340717556217,0.4477340717556217,0.9999520909804142,0.001661835619334163
0.4478528311155969,0.4478528311155969,0.999928235199816,0.0014783419374204136
0.4479876883158795,0.4479876883158795,0.999580653193,0.0015404267287210073
0.4480811170040397,0.4480811170040397,1.0007094613956125,0.001747248314279068
0.4482167239497358,0.4482167239497358,1.0028066985192456,0.0023103328291906597
0.44836239376527376,0.44836239376527376,0.9993441963381426,0.0019644719719176403
0.4485144586164097,0.4485144586164097,0.9982402971014046,0.002075549686531091
0.4486043566477747,0.4486043566477747,1.0006130380206324,0.002091710050055153
0.4487742561337654,0.4487742561337654,1.001781780255389,0.0031288368556861464
0.4489162490601302,0.4489162490601302,0.9995205913338726,0.0031154043641928573
0.44905013366151253,0.44905013366151253,1.0012397760043608,0.0016329229384132015
0.4492012305454409,0.4492012305454409,0.9993007426562335,0.001616641940184239
0.44935997584998405,0.44935997584998405,0.999521380015306,0.0015955057061771097
0.4494740647989602,0.4494740647989602,1.0022306993753987,0.0018507578330974948
0.4495879465552207,0.4495879465552207,1.0028914538640228,0.002126054619113174
0.4497272926128062,0.4497272926128062,1.0011744285879467,0.00189296236631274
0.44980343028892095,0.44980343028892095,0.9998940272883962,0.001724706204912285
0.4499297867587302,0.4499297867587302,1.0003428890643637,0.001647418944516461
0.4501212504073919,0.4501212504073919,1.0005941318594274,0.002347935174407784
0.45022798847858214,0.45022798847858214,1.0004474898359799,0.002213545915775549
0.4503569677543055,0.4503569677543055,0.9998512593105167,0.0021974531899855458
0.4505004032380384,0.4505004032380384,1.0001415894409966,0.0026611809947233267
0.4505897533064854,0.4505897533064854,1.000505322362161,0.0026843200972104637
0.4507260578828209,0.4507260578828209,0.9985176514461775,0.0016616175870710688
0.45085272124651965,0.45085272124651965,0.999208587998139,0.0016469977292618294
0.4510098591850692,0.4510098591850692,0.9979275501633295,0.0015970399565111964
0.45111070372331596,0.45111070372331596,0.9979147523189804,0.0015189380992002757
0.45114936863938054,0.45114936863938054,1.0000969772936574,0.0015384990125832192
0.4512812022543585,0.4512812022543585,1.0023466086277886,0.0023597998283921198
0.451448073350366,0.451448073350366,1.0004913872711645,0.00164985183606301
0.4515394144875245,0.4515394144875245,0.9987134304876311,0.002275751374097673
0.4516859785397173,0.4516859785397173,1.0006830922666532,0.001678128802574923
0.4518452478816471,0.4518452478816471,1.0000653296874789,0.0027153551118276244
0.4519743624749026,0.4519743624749026,0.9991438638194051,0.0027138940646039816
0.45210829482675763,0.45210829482675763,1.0012880318574717,0.002683957805440086
0.45220172349181664,0.45220172349181664,1.0003449799669832,0.0014946638875361702
0.4522940657581785,0.4522940657581785,1.0021652163324717,0.0015911477372311511
0.45251191448078315,0.45251191448078315,0.9999630677705127,0.0016313026006736376
0.4526034636679469,0.4526034636679469,1.000645984640884,0.001852200035618735
0.4526837937271921,0.4526837937271921,1.0011113172230763,0.0023773663766891813
0.4527716134083676,0.4527716134083676,0.9986355905460487,0.0018937961145867363
0.45288623914693743,0.45288623914693743,0.9992197112710539,0.0015538503738026694
0.4529576881663161,0.4529576881663161,1.0013842842018126,0.0016337505502038775
0.45304099908535134,0.45304099908535134,0.9988111180504602,0.0016185317821324906
0.45315626471601717,0.45315626471601717,1.0000811530743383,0.0019127331857574166
0.45326682453105605,0.45326682453105605,0.9970934812145373,0.0016838988671952593
0.45337680046450257,0.45337680046450257,0.9982918268014661,0.002710906024812791
0.4535275930695207,0.4535275930695207,0.9986171648380407,0.002690993421633346
0.45364030035325414,0.45364030035325414,0.9990089739943369,0.002662763727905167
0.45377099394772813,0.45377099394772813,1.0000547682317962,0.0016122559513799689
0.45387021607584754,0.45387021607584754,0.9996131512312771,0.002827539277835302
0.45397264422244915,0.45397264422244915,0.9991775438783984,0.0017741519945656075
0.4540810500981024,0.4540810500981024,0.9997890705388878,0.001523210786996745
0.45420188450607385,0.45420188450607385,0.99943047682111,0.0016279576423151696
0.4542532864741588,0.4542532864741588,1.0004998032027699,0.002033754581755621
0.4543610333286779,0.4543610333286779,0.9998416827544021,0.0019609910778996984
0.4544688998912534,0.4544688998912534,0.9999619076728197,0.0022727289470132472
0.45456012136328355,0.45456012136328355,1.0030510883177752,0.0020157776984297965
0.4546925225922678,0.4546925225922678,1.0008180524167603,0.0020155679130373456
0.45480709286657656,0.45480709286657656,1.0014171918046633,0.0016342357160527565
0.4549160445718371,0.4549160445718371,1.0002234735596807,0.0023034710791197755
0.4550327147679127,0.4550327147679127,0.9986468475676273,0.003124441210888225
0.455196612850159,0.455196612850159,0.9985809074641502,0.002175473951322992
0.4553126927359699,0.4553126927359699,0.99928912712318,0.0015813495749482237
0.4554220729583903,0.4554220729583903,1.0011163877119778,0.0019565885684764616
0.455567922893897,0.455567922893897,0.9998139793418419,0.0015644093366538052
0.4556927158304461,0.4556927158304461,1.0015687531658828,0.001759595245092948
0.45583902849903096,0.45583902849903096,1.0012342286427458,0.0026277203589624523
0.4559645007002473,0.4559645007002473,0.9988530616991304,0.001606014604055104
0.45603015429514926,0.45603015429514926,1.0030168748217219,0.0020187338559823557
0.4561110679544072,0.4561110679544072,1.001815485420886,0.0017402036167500946
0.456222991330651,0.456222991330651,0.9993223098130765,0.0019487383008951985
0.4563277671504693,0.4563277671504693,0.9989838161370084,0.0014513097506350966
0.4564181205110799,0.4564181205110799,1.0002592322106818,0.002266896727013785
0.456494247525734,0.456494247525734,1.0004016549896506,0.003169813229002379
0.45663199922473724,0.45663199922473724,0.9999019087505973,0.0015840618836151447
0.4567852595486329,0.4567852595486329,1.0000414990105129,0.002634259450699293
0.45690771831468735,0.45690771831468735,0.9987462874106596,0.0015893931759887766
0.45704106524281085,0.45704106524281085,1.0024593197733473,0.0016549742097276897
0.4571583643708436,0.4571583643708436,1.0019845984222333,0.0018202743453496894
0.45731080367131655,0.45731080367131655,0.9999134897179471,0.001607486816005628
0.45741348791179914,0.45741348791179914,1.0013233985189138,0.002496968264902442
0.4575240826156005,0.4575240826156005,1.0009232441606462,0.002339400706168424
0.4576782836023995,0.4576782836023995,1.000326745298663,0.002367769634640152
0.4578336473885429,0.4578336473885429,0.9987439368883699,0.0023399679509423393
0.4579184305475792,0.4579184305475792,1.0003473398819345,0.0015418423815815893
0.4580674769655161,0.4580674769655161,0.9995902305907295,0.002715682454586273
0.45822723904839224,0.45822723904839224,0.9992421768803361,0.0022232459198341845
0.45831282047020067,0.45831282047020067,1.0016146320264392,0.0026770763993237603
0.4584235373833508,0.4584235373833508,1.0004731919387204,0.0015032646030340617
0.4585615227006201,0.4585615227006201,1.0016545402302701,0.0014373316064887208
0.45872281995925734,0.45872281995925734,1.0010403197813456,0.0016157573606069766
0.4589339326474146,0.4589339326474146,0.9986950710188438,0.002231745413262123
0.4590631853823652,0.4590631853823652,1.0017302173882867,0.0020927931469075017
0.4591324963219449,0.4591324963219449,1.0016132516545893,0.002050806118324853
0.4592220283564529,0.4592220283564529,1.0019900607110164,0.002015188593607911
0.45931947121807754,0.45931947121807754,0.9998966123864742,0.0019430500855195157
0.45939587500088236,0.45939587500088236,1.0014179078539176,0.0019397616734548307
0.4595508633763529,0.4595508633763529,1.0017002489510323,0.00284460130591845
0.4597074117358716,0.4597074117358716,1.0007576707243764,0.002194574837181774
0.45988503440075873,0.45988503440075873,0.9990222305431139,0.0026872795381477203
0.4600137654819264,0.4600137654819264,0.9985131685245555,0.0015601053933888935
0.4601364786816703,0.4601364786816703,0.9995289204745926,0.0016082136856415108
0.46024634651621454,0.46024634651621454,0.9965330544514664,0.0022504152568351317
0.46041621730837506,0.46041621730837506,1.0012621206215093,0.001787521039846699
0.4605197730477812,0.4605197730477812,0.9985680295431145,0.0016930102178810136
0.46067388794726866,0.46067388794726866,0.9996303879685019,0.0020066253400249957
0.4608008391322073,0.4608008391322073,1.0021602564155625,0.002273932326652797
0.4608811276155393,0.4608811276155393,0.9971628553323495,0.0019025184891986106
0.46096997952190577,0.46096997952190577,0.9993576652477557,0.0020374373874867376
0.4610962086031577,0.4610962086031577,1.0011239196752433,0.0015449682208027316
0.4611707532480068,0.4611707532480068,0.9981104922038178,0.0022404715167838513
0.4613160211731156,0.4613160211731156,1.0006638487122559,0.0031512545398113857
0.4614322329456627,0.4614322329456627,0.9986819790102295,0.0014279486867081496
0.46160596794052255,0.46160596794052255,0.9984712392324265,0.0028817770206722377
0.4616834674407073,0.4616834674407073,1.0006434557558843,0.0014810957735113292
0.4619221335438851,0.4619221335438851,0.9992696256381188,0.0023892998159710313
0.46213192838076794,0.46213192838076794,0.9984359720052376,0.001955594968867298
0.4622248575633421,0.4622248575633421,1.0005922384961479,0.0016718312520022601
0.4623162697611406,0.4623162697611406,0.9989281454866197,0.0016084828173297647
0.46243325355917475,0.46243325355917475,1.0020691441043905,0.0023443707933500603
0.4626062893396011,0.4626062893396011,0.998740114115944,0.0016004360920514188
0.4626952640286618,0.4626952640286618,1.0009228865044615,0.0031035356275572828
0.46282300975508406,0.46282300975508406,0.9998077606489485,0.0015432080466658844
0.4629441830466021,0.4629441830466021,0.9997338201126358,0.0021546053266002833
0.4630566557731072,0.4630566557731072,0.9973056715313616,0.0016460039956781177
0.46318123367600494,0.46318123367600494,0.9999580317969115,0.0015289323393069408
0.46331074563622676,0.46331074563622676,0.9995444061829639,0.002119874944326366
0.4635351113245633,0.4635351113245633,1.0017271644693129,0.0018447756479996764
0.463744364784543,0.463744364784543,1.0016358958475944,0.0018133497554124224
0.46394923100215235,0.46394923100215235,1.0006203699234653,0.002280589428443857
0.46406817966362723,0.46406817966362723,1.0003141878189479,0.0020448848568036713
0.46420653542518264,0.46420653542518264,0.9986698609614466,0.0022334896132150117
0.46431700331158937,0.46431700331158937,1.0006496961108822,0.002206120944511451
0.46442724705830185,0.46442724705830185,0.9997030217530123,0.0015175995088702345
0.46451119562862003,0.46451119562862003,1.0013611206079982,0.002226507256983034
0.4646496452382053,0.4646496452382053,1.0000714981385928,0.0015960972260786754
0.4647949052068725,0.4647949052068725,0.9985922039374685,0.0014791040976938872
0.4650197631732226,0.4650197631732226,1.0009801799409714,0.0017757019131446066
0.4651708624765888,0.4651708624765888,1.0001845731399959,0.002569169650066219
0.4652781898385001,0.4652781898385001,0.9990727291999617,0.0016991752135660121
0.46542321824417743,0.46542321824417743,1.0003591711885318,0.0019168638482128571
0.4655816131571555,0.4655816131571555,0.9992187858566626,0.0020263671712688145
0.46577027984676533,0.46577027984676533,0.9987839727028742,0.002701555732662901
0.4658645408679149,0.4658645408679149,0.9995650152882141,0.0022822020018562054
0.4659640238571228,0.4659640238571228,1.0007086958065052,0.0021947334701097705
0.4661618851956518,0.4661618851956518,0.9996564859645529,0.0016142592938744725
0.4663262560583462,0.4663262560583462,1.0014996397891684,0.001611082351725086
0.46644028781884117,0.46644028781884117,1.000561014569803,0.002061715971371511
0.4665690536281545,0.4665690536281545,1.0006905409012838,0.0018507491276978914
0.4667175765334832,0.4667175765334832,0.9986362496069253,0.0019718553892936804
0.46682270900837464,0.46682270900837464,1.0025664639395226,0.0018444354025698626
0.4669983486457568,0.4669983486457568,1.0028703090669244,0.0018638536867184624
0.46711221948171444,0.46711221948171444,1.0000443793841485,0.002357828778593363
0.4672432939240025,0.4672432939240025,0.9987538934645658,0.002160884957398098
0.4674091436991148,0.4674091436991148,0.9987160385897189,0.0020303640417419977
0.46751155233378083,0.46751155233378083,1.000537076221425,0.00264718424789574
0.4676395332206084,0.4676395332206084,0.9992718752832864,0.0016257836891466226
0.4677750027714865,0.4677750027714865,0.9989405908392829,0.0015426257455053727
0.4678966480447343,0.4678966480447343,0.9997223811894864,0.0016222045670545907
0.4680190407783812,0.4680190407783812,0.9983445375555856,0.001540634349452642
0.4681282046925844,0.4681282046925844,1.0000437993118083,0.0016437722597308837
0.4682449781499599,0.4682449781499599,0.9999791127569809,0.0022459205405407686
0.4684029510273831,0.4684029510273831,1.0015016673987138,0.0015956970947394397
0.46854005000259347,0.46854005000259347,1.0013157447860457,0.0023445922983107415
0.4686846140435591,0.4686846140435591,1.002091161825875,0.0025060959007617823
0.468885747366221,0.468885747366221,1.0016675515763966,0.0031082859041622612
0.4690156601593117,0.4690156601593117,0.9999518648635526,0.002728542741167342
0.46915200723506134,0.46915200723506134,0.9991023128948255,0.0015794701449306238
0.4692789984830597,0.4692789984830597,0.9997792819029664,0.0019096469731701006
0.469430569956603,0.469430569956603,0.9991783377887729,0.0016358647696482805
0.4695623052875817,0.4695623052875817,0.9987608359108044,0.0016773213002278919
0.46967724389360227,0.46967724389360227,0.9991709298663632,0.002407500623033579
0.4698299176992805,0.4698299176992805,1.000877424332978,0.001676083422847307
0.46991021760404694,0.46991021760404694,0.999151357695401,0.0016620459923364348
0.4700799571335665,0.4700799571335665,0.999176881830412,0.001961739963629471
0.4702544854530061,0.4702544854530061,0.999526404265807,0.002074281601923056
0.47040897680326454,0.47040897680326454,0.9980934688728821,0.0021490814475795773
0.47058025408896353,0.47058025408896353,1.0014087229656217,0.0026485734175350543
0.47066978941002163,0.47066978941002163,0.9981829396568708,0.002706232427384895
0.4707540265901116,0.4707540265901116,0.998118354067322,0.001574538391531613
0.4708620986630194,0.4708620986630194,0.9999387785957843,0.001534532216965557
0.47095377340574485,0.47095377340574485,1.0013247140361288,0.0016425935626909257
0.47105506052284907,0.47105506052284907,1.002206011346141,0.001493275575482736
0.47117102153570156,0.47117102153570156,1.0020415012636374,0.0015389585155181071
0.4712675472435876,0.4712675472435876,0.9988075384386118,0.0016668880720456841
0.47138467148088237,0.47138467148088237,0.9989416792696023,0.0018956188560982543
0.4715458230561126,0.4715458230561126,0.9994828727038272,0.0019629824634832403
0.47172991622537663,0.47172991622537663,0.9997205693388821,0.002076446496136671
0.4718302304177996,0.4718302304177996,1.000659387333663,0.002626857232336509
0.47200890666536,0.47200890666536,1.0011726147662459,0.00272107418694433
0.47216330279752583,0.47216330279752583,1.0022780229528343,0.003131675857196946
0.4722897350855419,0.4722897350855419,1.0010488061807588,0.001584490445096157
0.47245020065056453,0.47245020065056453,1.0019040225082865,0.001568154636761463
0.4725923943586167,0.4725923943586167,0.9987386380071641,0.0016650756018572513
0.47269627890400445,0.47269627890400445,0.9979507166350763,0.002214273069877434
0.4728523094223419,0.4728523094223419,0.9995673799734238,0.001982807178178334
0.4729574922910615,0.4729574922910615,1.0013196697660696,0.0015877627386602442
0.4730491892743885,0.4730491892743885,1.0032740722044742,0.0017758093517621161
0.47323518552566385,0.47323518552566385,0.9977300049696,0.00230684065645921
0.4733783503970699,0.4733783503970699,1.0000674450078166,0.0016348583873352668
0.4734514914205647,0.4734514914205647,1.0006209354918045,0.00222743408787235
0.47355301765674085,0.47355301765674085,1.0009900689247568,0.002160551516817464
0.473683891624205,0.473683891624205,1.0001532320153559,0.002660839170779869
0.47377342046966076,0.47377342046966076,0.9995681363490991,0.0026825306119843263
0.47390967467272277,0.47390967467272277,0.9997944398951061,0.0016612563224332462
0.47403638906143897,0.47403638906143897,0.9986490675303884,0.0016450206009792161
0.47420740556844976,0.47420740556844976,1.000478707527726,0.0015215775697632362
0.474303563214562,0.474303563214562,1.0018604481747728,0.0016599611799479972
0.4744007377532398,0.4744007377532398,1.0012083293624723,0.0015545305091959703
0.47457250073221074,0.47457250073221074,1.0008887456978128,0.002386543049792528
0.4746650764827791,0.4746650764827791,1.0004354766064156,0.0019126861450881202
0.4748366377552884,0.4748366377552884,0.9993225360086656,0.0020924035891986136
0.4749279943971487,0.4749279943971487,0.9978129690684412,0.0017293862398766765
0.4750879074166733,0.4750879074166733,1.0002432600678959,0.0031063944915492555
0.4752238473645775,0.4752238473645775,1.001191860292257,0.003087080464206527
0.47533373830247,0.47533373830247,1.0001703004881854,0.0015942183050851864
0.4754093836987522,0.4754093836987522,0.9993630216528431,0.0015161692318176794
0.4756157938420074,0.4756157938420074,0.9993196275907339,0.00157583021318013
0.4757719893988906,0.4757719893988906,1.0012452350463328,0.0018558637778619106
0.4758500119778546,0.4758500119778546,0.999934399964871,0.00230612866927274
0.47595594165049987,0.47595594165049987,1.0014765703658424,0.00207058460899902
0.4760561384164248,0.4760561384164248,1.0027073950356509,0.0016252526604180078
0.4761110999628727,0.4761110999628727,0.9984606274003995,0.0016074670322622716
0.4761908380949535,0.4761908380949535,0.9994366432390593,0.0016218764187446808
0.476302097586813,0.476302097586813,1.0016830290990868,0.0019558116615525332
0.47642287413746087,0.47642287413746087,1.0020296172097676,0.0016135173966518213
0.47652899594268094,0.47652899594268094,0.9990600312145904,0.0022606904705251285
0.47666017209903655,0.47666017209903655,1.001195844557682,0.0022064043045476145
0.476776755220817,0.476776755220817,0.9997929202852823,0.0026264091349289366
0.47691265706453123,0.47691265706453123,0.9980906425318956,0.002257794863885051
0.47701147648094777,0.47701147648094777,1.00291013221693,0.0027952260958907455
0.47712001179570507,0.47712001179570507,1.0007296006455018,0.0016772989667489641
0.47721629972675145,0.47721629972675145,1.001339084499211,0.0016935846776877934
0.4773428264852555,0.4773428264852555,0.9997034428901065,0.0016000057834254645
0.47742500341191774,0.47742500341191774,1.001414953541153,0.0020003550085283613
0.4774686016573469,0.4774686016573469,0.9996252963538002,0.0016580294032828256
0.47759019456843815,0.47759019456843815,0.999368337040376,0.0023235306597337918
0.4776906318851616,0.4776906318851616,0.9994931647307153,0.002001137550746395
0.47778191961533595,0.47778191961533595,0.9979913631996956,0.001968540874958452
0.4779279149537615,0.4779279149537615,1.0013905395652312,0.0021162716241281067
0.47801460976843374,0.47801460976843374,0.998555100867321,0.0015956690628620572
0.47813270209244363,0.47813270209244363,0.9998150656271468,0.002162112012368306
0.47824369510362885,0.47824369510362885,0.9996048794917604,0.0031286005885195847
0.47841098761291506,0.47841098761291506,1.0011956601790442,0.0021699504467471726
0.4785138262941473,0.4785138262941473,1.0019412020155127,0.0015670797608851102
0.47863097587269293,0.47863097587269293,1.0018912630329748,0.0019664474404865514
0.4787350981971031,0.4787350981971031,0.9985562234846957,0.0015563906844491696
0.4788580290627579,0.4788580290627579,1.0010142835897409,0.0016758590925935557
0.4789852705069279,0.4789852705069279,1.0017071696610853,0.002678156334818127
0.47913462637097837,0.47913462637097837,0.9989848820939585,0.0016024929971965214
0.4792171049319222,0.4792171049319222,1.001379425969883,0.001577488125710392
0.47931707622174147,0.47931707622174147,1.000594886224509,0.001706424921299426
0.47943022940307856,0.47943022940307856,1.0001720215555685,0.001958323341357109
0.4795319536340685,0.4795319536340685,1.0008741622175872,0.0014861368401644132
0.47964496391741707,0.47964496391741707,1.000461215054204,0.002777107038370541
0.47975212660512623,0.47975212660512623,0.9992812335236605,0.002696954444645311
0.479886345759769,0.479886345759769,0.9997251309013538,0.0026563689668769154
0.4800473923842219,0.4800473923842219,0.9995153524558212,0.0016082354761134256
0.4801770644078715,0.4801770644078715,1.0010340611801307,0.0015811925862042856
0.4802924717208953,0.4802924717208953,1.0013722120034358,0.0017507700744913018
0.48046815408597465,0.48046815408597465,0.9991659902444138,0.0017145183557966427
0.4805671590505881,0.4805671590505881,0.9998393160483188,0.0014718341965052103
0.48065081504337287,0.48065081504337287,0.9968112159918878,0.0028197462040543634
0.48076496572284666,0.48076496572284666,0.9998249793192808,0.002108085499375285
0.48090887730541,0.48090887730541,0.9994472952487771,0.002303599667084401
0.48103341338428435,0.48103341338428435,1.0018122937552176,0.0023314729913065735
0.4811358256678432,0.4811358256678432,0.9990818270348795,0.001483754032786045
0.4812799960140183,0.4812799960140183,1.0013560076224788,0.003148372563070071
0.4814278832505806,0.4814278832505806,0.999021385398903,0.002218331533081082
0.4815231108010266,0.4815231108010266,1.0005840237049672,0.002159371400651683
0.481680062626765,0.481680062626765,1.0008058092994854,0.001557740257934362
0.48176513715407054,0.48176513715407054,1.0015113511252864,0.0014538748133938579
0.48196089883258536,0.48196089883258536,1.0008119791406205,0.001989760864620189
0.48209377240109463,0.48209377240109463,1.00050202011797,0.0023132420390090383
0.48223117385350633,0.48223117385350633,1.0024390164590211,0.0021130551607215836
0.4823023603583351,0.4823023603583351,0.9980106065591852,0.0020769902253883524
0.48238679207952373,0.48238679207952373,1.0012190843501838,0.0020043591386473664
0.48248562880162355,0.48248562880162355,1.0017645385680538,0.00197536730342304
0.48254505689092186,0.48254505689092186,0.9970325661182337,0.0018745070411671414
0.48272231672854105,0.48272231672854105,0.9995236198196824,0.0027116798469495754
0.4828497939999579,0.4828497939999579,0.9973972710669046,0.0023865896907138227
0.4830390874711156,0.4830390874711156,1.0013710407202119,0.002699054073937008
0.48316572016683496,0.48316572016683496,0.9996936760756295,0.0015642350946763633
0.48329894197377143,0.48329894197377143,0.9993280422463376,0.0015792922504550403
0.48337749999718654,0.48337749999718654,0.9995108329524858,0.0019021465346658756
0.4835653710859333,0.4835653710859333,1.003870262716319,0.00215268778419061
0.48368660682317566,0.48368660682317566,1.0015883274470476,0.0016185762972099342
0.4838161225574368,0.4838161225574368,1.0008142566219274,0.0020977048840536963
0.48399223263477326,0.48399223263477326,0.9991426054705064,0.0022962685447629537
0.48410450473566013,0.48410450473566013,0.9993619571230855,0.0023353008370946304
0.4841914952274237,0.4841914952274237,0.9998248792664279,0.001586980131808214
0.48433308747371484,0.48433308747371484,1.0000179977359924,0.002255991856427075
0.48446387156618587,0.48446387156618587,1.001217114481832,0.003147067087502955
0.4845854504055751,0.4845854504055751,1.0009385513568376,0.001463611637861955
0.48474924318252305,0.48474924318252305,1.000032988028659,0.0028834745749828266
0.4848403692189095,0.4848403692189095,1.0007551139881916,0.0014818889874272565
0.4849454285655156,0.4849454285655156,0.9998917770108623,0.0016393586363595025
0.4851734275420313,0.4851734275420313,1.0020700759650927,0.002297100410152687
0.4853437382163975,0.4853437382163975,0.9988502225751287,0.0020514396916097083
0.48542872527923464,0.48542872527923464,1.0011129530142064,0.0015505224986403887
0.48554666664276735,0.48554666664276735,1.0015117695056073,0.0016640369201801268
0.4856782436518188,0.4856782436518188,1.0012803137599193,0.002297817821044112
0.4858312401274816,0.4858312401274816,0.9991657458454319,0.0022344483965524324
0.4859260802715653,0.4859260802715653,1.0047778545481156,0.0026547908232522773
0.4860522719538494,0.4860522719538494,0.9988519577545858,0.00220546363706222
0.4861811521130221,0.4861811521130221,0.9998589823385986,0.001578401646710401
0.48628235237974876,0.48628235237974876,1.0009597136487272,0.001539835389928496
0.48640724575307104,0.48640724575307104,1.0003601278347065,0.001658812568970379
0.4865258855814318,0.4865258855814318,1.0005073200848802,0.0021715688425730096
0.4867445690670138,0.4867445690670138,1.0016921762590534,0.0017375871304316827
0.4869280013284879,0.4869280013284879,0.9974094058813743,0.001812088787383827
0.48713268646697544,0.48713268646697544,1.0007963612589468,0.0022801372545734598
0.4872698933697393,0.4872698933697393,1.0013256757062015,0.0020326669185111645
0.48741936146725495,0.48741936146725495,0.9986519240046194,0.0022615510216778606
0.4875426571134085,0.4875426571134085,1.0005021406415007,0.0021465542057124013
0.48763662975215993,0.48763662975215993,1.0000767936720156,0.0022184440304687677
0.4878006935956364,0.4878006935956364,0.9998611175187605,0.0015605746282419163
0.4879490909201195,0.4879490909201195,0.9998996983505783,0.0015404440659733108
0.4880434603885078,0.4880434603885078,1.0007813322294346,0.001489514224588298
0.48824495894677966,0.48824495894677966,0.9987842941833023,0.001735108348056449
0.4883544013635401,0.4883544013635401,0.999354909335352,0.002567246216969194
0.4884838806323387,0.4884838806323387,0.9993997882482197,0.0016999174480744022
0.4886398521512092,0.4886398521512092,1.00107368139223,0.0019112882574531137
0.4887651320075747,0.4887651320075747,0.9985344283777351,0.0020258424660183822
0.4889538383560648,0.4889538383560648,0.9991329383182757,0.0027006876153221763
0.48902712453782443,0.48902712453782443,1.0006947030341318,0.0023270388605696165
0.48912875243622694,0.48912875243622694,0.9978990819936031,0.0021873935800338492
0.4892982385714276,0.4892982385714276,0.9992898339724079,0.001605026927141092
0.4894517063859894,0.4894517063859894,1.0017489862862192,0.0016150765971860714
0.4895561657196595,0.4895561657196595,1.000896621958596,0.0015108154809165158
0.48971066470694496,0.48971066470694496,1.0006073853219424,0.002212434094789131
0.4898743069770717,0.4898743069770717,1.0044562711360874,0.002069154345291255
0.48997193968752983,0.48997193968752983,1.000700779738398,0.0017324661757691176
0.4901644648445654,0.4901644648445654,0.999048683248469,0.0019799822871823824
0.49029585848493296,0.49029585848493296,0.9996610081431607,0.0023558582905806847
0.49042679517260696,0.49042679517260696,1.0018946022944752,0.002162169209473536
0.49059663007028576,0.49059663007028576,0.9989392650170682,0.0016082825478204907
0.4907220761941062,0.4907220761941062,1.0002717449611906,0.0026509810955722833
0.49085074461618206,0.49085074461618206,0.9993725874244388,0.002022121901606269
0.490979136180249,0.490979136180249,1.000917809936116,0.0016178854954530491
0.4911015298866914,0.4911015298866914,0.9982151825968224,0.0015720661423697096
0.4912485901906621,0.4912485901906621,0.9998604826070986,0.0016296727923590312
0.4913776014907853,0.4913776014907853,1.0006140349584405,0.0019950531365395966
0.49152112375741125,0.49152112375741125,0.9990637934351569,0.0019814744216486357
0.4916641113894002,0.4916641113894002,1.0012633313145456,0.002270223005016626
0.49180670768582785,0.49180670768582785,0.9985489359713172,0.0020804172441069445
0.4919976066103118,0.4919976066103118,1.0007706740365168,0.0026568752214899466
0.4921111073097563,0.4921111073097563,1.0011623044221265,0.002704762073405579
0.4922610375793738,0.4922610375793738,0.9992860875726983,0.0027139281605581033
0.49237163689449515,0.49237163689449515,0.998842344793546,0.0016569663264975523
0.4924792152207374,0.4924792152207374,0.9987140817984844,0.0019410051203781315
0.4926142772919775,0.4926142772919775,1.0001753253321872,0.0016369319907411077
0.49274573189759396,0.49274573189759396,0.9984655911799883,0.0016772514886312958
0.4928608898859238,0.4928608898859238,1.0028003385663558,0.0024117696801854048
0.4929996272814606,0.4929996272814606,1.0013919363457908,0.0015468660718461523
0.49306225204818477,0.49306225204818477,0.9992591200988041,0.0016092728327775567
0.4931583756184409,0.4931583756184409,1.0013473901121115,0.0017059825073060923
0.49333483642749343,0.49333483642749343,0.9992939338560177,0.0023054042126696905
0.49348902719830223,0.49348902719830223,0.9981539247784685,0.002219229764702436
0.4936411767055688,0.4936411767055688,0.9975918785477752,0.002140609632140891
0.4937828766544044,0.4937828766544044,1.000752494094027,0.0030785446236014564
0.49386833968401334,0.49386833968401334,0.998650346341134,0.0022130870120912493
0.4939597986391163,0.4939597986391163,0.9999647977637602,0.0016186312700315296
0.49404720892398474,0.49404720892398474,1.0005656554740796,0.0014818970187162755
0.4941374610174535,0.4941374610174535,0.9999390339695575,0.0016430639672617296
0.49427143115644867,0.49427143115644867,0.9996062518156628,0.0013952815416817834
0.49438667556605653,0.49438667556605653,1.0015628621809267,0.00168064616319177
0.49452228749287314,0.49452228749287314,0.9992885570223805,0.001579272729573479
0.49467270675122565,0.49467270675122565,1.0020487076787457,0.0019677701944460515
0.49483641380138577,0.49483641380138577,0.9992785093652816,0.0023566122996297612
0.4949513781924907,0.4949513781924907,0.998591808630273,0.0021141109650450623
0.49514178285844535,0.49514178285844535,1.0003047243912502,0.0031224271396055924
0.4952834753521529,0.4952834753521529,1.0027515253835142,0.0031211434766975827
0.49541689280813445,0.49541689280813445,0.9984571126127937,0.001633835879987093
0.4955684890899647,0.4955684890899647,0.9997096255798927,0.0016170608788304436
0.49570451746130856,0.49570451746130856,0.9992547241919413,0.0015381956514314852
0.4958394497123663,0.4958394497123663,1.001374334358125,0.00188430065343395
0.4959792938172541,0.4959792938172541,1.0005879607766324,0.002414285522204384
0.4961342923395932,0.4961342923395932,0.9996738495802285,0.0015871758886730832
0.4962032184099371,0.4962032184099371,1.0006144232388023,0.0016732877828105805
0.49637426465396856,0.49637426465396856,0.9987487540488165,0.0019634453459188347
0.4965486840112135,0.4965486840112135,1.001914659900321,0.0020652859762120453
0.49662591057513056,0.49662591057513056,0.9989954408639639,0.0022463386700023336
0.49673414720382425,0.49673414720382425,0.9996016932377918,0.0021606764951961803
0.49685129965964736,0.49685129965964736,1.0003573102126446,0.0026376500781164916
0.49693307863017255,0.49693307863017255,1.0002173068039089,0.002679747057280614
0.49706173495142136,0.49706173495142136,0.9987358161697715,0.0016442685591552253
0.4971988824147047,0.4971988824147047,0.99968232332326,0.0015456787715108318
0.4973162668049554,0.4973162668049554,1.001355745537,0.0017098519783294182
0.4974709719268503,0.4974709719268503,0.9996878763084215,0.0015402035067793632
0.49755287736716125,0.49755287736716125,1.0012922104478232,0.0016921296652421727
0.49772391225797036,0.49772391225797036,0.9997190354576126,0.0023424218206798673
0.4978369872413168,0.4978369872413168,0.9986253069839076,0.0019683106721312964
0.4979291142133661,0.4979291142133661,0.9993305830418322,0.0019607038142718672
0.49805278618950977,0.49805278618950977,0.9992833567784725,0.0016784287604208951
0.4981771065899011,0.4981771065899011,1.0018278228960027,0.0023303124349541085
0.49832282486840995,0.49832282486840995,0.9993050851379326,0.0031110198090300517
0.4984694241402394,0.4984694241402394,0.9994266120464357,0.0026814947434693503
0.49855650366389453,0.49855650366389453,1.0025150377991685,0.0015809108343716638
0.4986502793082764,0.4986502793082764,0.99979659299477,0.0015702714804301735
0.4988964656749886,0.4988964656749886,1.0003925239914837,0.0017962796233527152
0.4989966159890173,0.4989966159890173,0.9974858113785006,0.0020770322979242807
0.4991412808836685,0.4991412808836685,0.9999323473530678,0.0023987292129692256
0.4992572666174965,0.4992572666174965,0.9997014054405163,0.0015904003479339617
0.4993159804136667,0.4993159804136667,1.0006304834313275,0.0015998197561235162
0.49939340263772464,0.49939340263772464,0.9997225860277847,0.0015658108391755237
0.4995101630071076,0.4995101630071076,1.000094848513833,0.0019272758238792116
0.49963037904053637,0.49963037904053637,1.0015990140256457,0.001656102829999205
0.4997350609697605,0.4997350609697605,0.9996235534163839,0.0022487389552172496
0.4998713630628117,0.4998713630628117,0.9985728879407999,0.00220964924162134
0.4999744274335171,0.4999744274335171,0.9990572243544686,0.0026115506844499475
