time,time,flux,flux_err
-0.4988809057455607,-0.4988809057455607,0.9999596530627514,2.2618459755040197e-05
-0.49718514132897934,-0.49718514132897934,1.000021613322965,2.262163328622178e-05
-0.49587544519514876,-0.49587544519514876,0.9999620001436865,2.2621058005945332e-05
-0.4941544053028338,-0.4941544053028338,1.0000877010581433,2.0621966122971387e-05
-0.4919287588854786,-0.4919287588854786,0.999987488093109,2.0630382541318176e-05
-0.49041059013834454,-0.49041059013834454,0.9999934013218951,2.062830375035158e-05
-0.4897856332390802,-0.4897856332390802,1.000009460560423,2.0639910484726353e-05
-0.48870860129391075,-0.48870860129391075,0.9999962305836064,2.06414952907828e-05
-0.48715037603033123,-0.48715037603033123,0.9999526879644804,2.0638996496853063e-05
-0.48574236831991585,-0.48574236831991585,0.9999713325156507,2.0629209821784708e-05
-0.48369082302815514,-0.48369082302815514,1.000065921205938,2.0634877768626846e-05
-0.48184214511784373,-0.48184214511784373,0.9999606560076403,2.0662016048373818e-05
-0.48069835366186453,-0.48069835366186453,0.9999521888764834,2.063072580500234e-05
-0.4794556968212419,-0.4794556968212419,0.9999715593950906,2.0619220155043603e-05
-0.4777844151802128,-0.4777844151802128,1.0000183267713942,2.0666038574512886e-05
-0.4762026436153974,-0.4762026436153974,1.0000016224448784,2.0651568173971785e-05
-0.4743969327530067,-0.4743969327530067,0.9999658980554026,2.0643093104749627e-05
-0.47331190069453444,-0.47331190069453444,0.9999833149855313,2.063130904127695e-05
-0.47206047987929195,-0.47206047987929195,1.0000083974423855,2.0635788262090104e-05
-0.4698173183707695,-0.4698173183707695,1.0000231610392096,2.0647774126009647e-05
-0.46917180619348076,-0.46917180619348076,1.0000404560005678,2.064226291855645e-05
-0.4685778252503951,-0.4685778252503951,1.0000166425985744,2.0656921190341798e-05
-0.4672637719377235,-0.4672637719377235,0.9999825425326611,2.0647169373271675e-05
-0.46583154488616857,-0.46583154488616857,1.0000093741032523,2.063065614095547e-05
-0.4645462935892283,-0.4645462935892283,0.9999970118558478,2.065560916857659e-05
-0.46296541362753485,-0.46296541362753485,1.000000960574367,2.0627658967084947e-05
-0.46144676856856676,-0.46144676856856676,0.999966137454282,2.0671580342517195e-05
-0.4602467626580619,-0.4602467626580619,1.0000535339834378,2.062267680849354e-05
-0.4589458836795529,-0.4589458836795529,0.9999985474857269,2.063140544277173e-05
-0.4570633491974149,-0.4570633491974149,1.0000450886267078,2.064952566162718e-05
-0.4557346270572452,-0.4557346270572452,0.9999714890398803,2.064351113586622e-05
-0.4539912077736517,-0.4539912077736517,1.0000155966902209,2.0665587293104637e-05
-0.4526313904745621,-0.4526313904745621,1.0000395876474355,2.063485038927702e-05
-0.4518212444119854,-0.4518212444119854,0.9999863876227864,2.0621543281394882e-05
-0.4504806639830349,-0.4504806639830349,0.9999770147014295,2.062869019159787e-05
-0.4486732694400416,-0.4486732694400416,1.0000062209427818,2.0653811167113826e-05
-0.44802162591950034,-0.44802162591950034,0.9999830003364348,2.0654634746659153e-05
-0.4467676693988324,-0.4467676693988324,0.9999806801549834,2.065444275321355e-05
-0.4454879945849825,-0.4454879945849825,0.9999599800382566,2.0633505643847428e-05
-0.4432117816628306,-0.4432117816628306,0.999998665146396,2.061766836932891e-05
-0.44121060666657286,-0.44121060666657286,0.9999916793087822,2.0641075738757264e-05
-0.44025903716610626,-0.44025903716610626,0.9999701089061703,2.0636591094348886e-05
-0.439123078162811,-0.439123078162811,1.0000294147992872,2.0623012939715436e-05
-0.43841651420516425,-0.43841651420516425,0.9999818119440874,2.064468270380549e-05
-0.4368423390747921,-0.4368423390747921,0.9999834042505787,2.062903143616267e-05
-0.43500856609025507,-0.43500856609025507,1.0000298911385523,2.0646312253867557e-05
-0.4337100760967587,-0.4337100760967587,1.0000356458990565,2.0651714931128122e-05
-0.43201600938700724,-0.43201600938700724,1.000013639356069,2.062818740002712e-05
-0.4310373251719284,-0.4310373251719284,0.9999890714321935,2.061257746748648e-05
-0.42985699826167545,-0.42985699826167545,0.9999580353460672,2.0635600237890402e-05
-0.4280749711615499,-0.4280749711615499,0.9999920952090926,2.0664496017977587e-05
-0.4267593558462977,-0.4267593558462977,1.0000012930592956,2.064839071901231e-05
-0.4254449540792848,-0.4254449540792848,0.99998023450179,2.063109639987783e-05
-0.42434286057250575,-0.42434286057250575,0.9999694974193293,2.0631229089882114e-05
-0.42290548611345,-0.42290548611345,1.0000006694090309,2.063050343797561e-05
-0.42061986409680685,-0.42061986409680685,0.9999957076014697,2.0632656800791683e-05
-0.42020588408922777,-0.42020588408922777,0.999970422798825,2.0644848507577765e-05
-0.41934559459405135,-0.41934559459405135,0.9999701306300292,2.065365914489065e-05
-0.4177307508427475,-0.4177307508427475,0.9999842427486975,2.065202418496162e-05
-0.4163451832566352,-0.4163451832566352,0.9999992262240515,2.063351892224272e-05
-0.4149812566167384,-0.4149812566167384,1.0000086825517653,2.0648209157196746e-05
-0.4132571348614874,-0.4132571348614874,1.0000167977449808,2.0646194123998233e-05
-0.41193260183208624,-0.41193260183208624,1.0000434781526284,2.0653081679700706e-05
-0.4108247555217531,-0.4108247555217531,1.0000030816642294,2.0627568056227475e-05
-0.4096392156701768,-0.4096392156701768,1.0000290905163811,2.0621702364878746e-05
-0.40834798339492406,-0.40834798339492406,1.0000496253503353,2.0651722361542465e-05
-0.4068413907698414,-0.4068413907698414,0.9999879621569775,2.0651881950228075e-05
-0.40540754426983766,-0.40540754426983766,1.000003464974349,2.065542039099665e-05
-0.40408868423401145,-0.40408868423401145,1.000005722813031,2.0638386084659544e-05
-0.40320282773391225,-0.40320282773391225,0.9999501622103466,2.062223436926877e-05
-0.4016005277451768,-0.4016005277451768,0.9999593898780278,2.06300128924391e-05
-0.39972454145390657,-0.39972454145390657,0.9999663951331685,2.0649947498236427e-05
-0.399206997663714,-0.399206997663714,1.000030190944686,2.063774874464777e-05
-0.3984684424576699,-0.3984684424576699,0.9999740895489939,2.0660134651918537e-05
-0.3972984880951117,-0.3972984880951117,0.9999981002348901,2.0632336703241123e-05
-0.39575771025774886,-0.39575771025774886,0.9999865673446348,2.0637288335852508e-05
-0.39394573911486075,-0.39394573911486075,1.0000036990581862,2.064947725534071e-05
-0.39211543655910647,-0.39211543655910647,0.9999969991273099,2.0646240170100457e-05
-0.39063515230664053,-0.39063515230664053,0.9999836455068809,2.0621421353429125e-05
-0.38966045315683007,-0.38966045315683007,1.0001051743920248,2.0639923818981766e-05
-0.38870240550822927,-0.38870240550822927,0.9999623556610547,2.0623691881247392e-05
-0.387557928411843,-0.387557928411843,1.0000338316421902,2.065678829072712e-05
-0.38607967402713256,-0.38607967402713256,1.0000746977720538,2.063240270585011e-05
-0.3844719535198237,-0.3844719535198237,0.9999518327821064,2.0650197717199753e-05
-0.3833031157402729,-0.3833031157402729,0.9999243150513599,2.063470130117522e-05
-0.3820969405642245,-0.3820969405642245,0.999978420442545,2.0613668701640024e-05
-0.38085404035955434,-0.38085404035955434,0.9999606265441491,2.0614118386891036e-05
-0.37919252593783315,-0.37919252593783315,0.999954259267583,2.0661270799933764e-05
-0.37820654078532245,-0.37820654078532245,1.0000141012743502,2.0643580714943823e-05
-0.3772288569169177,-0.3772288569169177,1.0000259567705174,2.0660216145720858e-05
-0.37563326240924655,-0.37563326240924655,1.000056204951107,2.0640623137239337e-05
-0.37424491788624437,-0.37424491788624437,0.9999672885246644,2.062009308250052e-05
-0.3721602306541172,-0.3721602306541172,0.9999844498412143,2.0635938757253995e-05
-0.3712637809607259,-0.3712637809607259,1.000019068149701,2.0627511111925997e-05
-0.37049934202150325,-0.37049934202150325,1.0000147872126393,2.064626477083745e-05
-0.36908249721018366,-0.36908249721018366,0.9999716162895016,2.0645209633309135e-05
-0.36738716716135966,-0.36738716716135966,0.9999876696129728,2.0636860343162862e-05
-0.3654024054536421,-0.3654024054536421,1.0000010075810117,2.063116871349629e-05
-0.3631898358406033,-0.3631898358406033,1.0000452350185705,2.0675331535813706e-05
-0.3620786339408369,-0.3620786339408369,1.0000786186216555,2.0625511191248802e-05
-0.36085984178062064,-0.36085984178062064,0.9999405774445096,2.061703432002717e-05
-0.35918487916278535,-0.35918487916278535,0.9999865682053365,2.0659991787847595e-05
-0.35784546461945865,-0.35784546461945865,0.9999395880620346,2.063700220929822e-05
-0.3564349255284469,-0.3564349255284469,0.99995968727204,2.065501622774276e-05
-0.35484621427967794,-0.35484621427967794,0.9999868709270568,2.0641638058895956e-05
-0.35377566206880146,-0.35377566206880146,1.0000173976584725,2.0621466811747604e-05
-0.35143020511241047,-0.35143020511241047,1.0000095517897207,2.0650025502377737e-05
-0.35031488942258876,-0.35031488942258876,0.9999503373773336,2.062554092974745e-05
-0.35005840100711794,-0.35005840100711794,1.0000139774116867,2.0639154279326737e-05
-0.3488133272367122,-0.3488133272367122,1.0000174590104447,2.0647516171691734e-05
-0.34722520681025343,-0.34722520681025343,0.9999512056096014,2.0647469853517642e-05
-0.3459248341896455,-0.3459248341896455,1.0000411622154575,2.0642698189164757e-05
-0.34413678746132065,-0.34413678746132065,0.9999536674435492,2.0635033595423862e-05
-0.34256693441275277,-0.34256693441275277,0.9999946608221301,2.0671295819439717e-05
-0.34136846064575366,-0.34136846064575366,0.9999540949967465,2.0622249515940092e-05
-0.3403547211404657,-0.3403547211404657,0.9999930364097704,2.0646817969308076e-05
-0.3387600084410224,-0.3387600084410224,0.9999455368218566,2.062708805915138e-05
-0.33750909317968764,-0.33750909317968764,0.999980274392876,2.0664873819709984e-05
-0.33611354112581465,-0.33611354112581465,0.9999992169116296,2.0642760629624972e-05
-0.3343829083867604,-0.3343829083867604,0.999943136396084,2.0646365861527663e-05
-0.3333610992289323,-0.3333610992289323,0.9999831256146839,2.061442499501819e-05
-0.33227385522550323,-0.33227385522550323,0.9999641165035316,2.0635435311979485e-05
-0.33040075519893436,-0.33040075519893436,1.0000453535007636,2.0653122409330004e-05
-0.3292519388625806,-0.3292519388625806,0.999979509204614,2.064553481755534e-05
-0.32825125984163606,-0.32825125984163606,1.0000036891806718,2.065685676454686e-05
-0.32671749426735913,-0.32671749426735913,0.9999875798537843,2.0633793757202843e-05
-0.3253249591361964,-0.3253249591361964,1.0000154513084285,2.0631275344436595e-05
-0.3227689006300352,-0.3227689006300352,1.0000117957035004,2.0619776484920836e-05
-0.3218199846356583,-0.3218199846356583,1.0000121237305768,2.0648364931881293e-05
-0.32070334086602087,-0.32070334086602087,1.0000385230909627,2.0624395210907916e-05
-0.319741195813549,-0.319741195813549,0.9998744095826876,2.064137944017648e-05
-0.31870888728954017,-0.31870888728954017,1.0000295410366884,2.063436340596298e-05
-0.31688103736305495,-0.31688103736305495,0.999990095251696,2.0640818082647034e-05
-0.31521020763248087,-0.31521020763248087,1.0000050569625252,2.0643731221478873e-05
-0.31338712516517264,-0.31338712516517264,0.99998293995274,2.063549651127978e-05
-0.31238972762366757,-0.31238972762366757,1.000025886127379,2.0630263701663574e-05
-0.3112366100162035,-0.3112366100162035,0.9999727630117942,2.062907010004575e-05
-0.3096961746727175,-0.3096961746727175,0.9999254427862349,2.0658088271107364e-05
-0.3084334665953065,-0.3084334665953065,1.0000228730416505,2.0656230716500622e-05
-0.3072248233707796,-0.3072248233707796,0.9999906452951357,2.0661346420464896e-05
-0.30581965424426016,-0.30581965424426016,1.0000207667810794,2.0621652797732257e-05
-0.3048140077793505,-0.3048140077793505,0.9999987278813831,2.0623413974422598e-05
-0.301896225521341,-0.301896225521341,1.0000452690483068,2.0650127166540638e-05
-0.30135318755710616,-0.30135318755710616,0.9999865483071975,2.0632428296004583e-05
-0.3007347351842327,-0.3007347351842327,1.0000103296782408,2.06580889121914e-05
-0.2991644694120623,-0.2991644694120623,0.999947596938276,2.0645191516789596e-05
-0.29772162499284605,-0.29772162499284605,1.0000000250189383,2.0636770618093904e-05
-0.2967943441304669,-0.2967943441304669,1.0000368503871642,2.0638942303367518e-05
-0.2948273661240819,-0.2948273661240819,0.9999939315307511,2.0639099800490107e-05
-0.2933112052618526,-0.2933112052618526,1.0000712075851304,2.0657447213504302e-05
-0.29217122696645675,-0.29217122696645675,1.0000619722312822,2.063290013602109e-05
-0.29101251639876863,-0.29101251639876863,0.9999883107258679,2.0631962771569868e-05
-0.28975821470521623,-0.28975821470521623,0.9999620959247574,2.0630996431338798e-05
-0.28824782186638914,-0.28824782186638914,0.9999830503419437,2.0668967418648e-05
-0.28680783145682653,-0.28680783145682653,1.000010414720688,2.0642978154990785e-05
-0.28520924547774484,-0.28520924547774484,0.9999968748127668,2.0638237737342715e-05
-0.2841457347756659,-0.2841457347756659,1.0000076665445912,2.061910788291817e-05
-0.28261622398349573,-0.28261622398349573,0.9999775727051098,2.061356282725684e-05
-0.28084490116816596,-0.28084490116816596,1.000018536313615,2.0649973654877482e-05
-0.280326612193312,-0.280326612193312,1.0000145512472998,2.063756636485404e-05
-0.27958958530871314,-0.27958958530871314,1.0000014593557474,2.0659925386197927e-05
-0.2784188270859886,-0.2784188270859886,0.9999469648534889,2.0632552278422472e-05
-0.2768577086637379,-0.2768577086637379,1.0000022034920808,2.0617556625033452e-05
-0.27547552675823683,-0.27547552675823683,1.0000682374642829,2.0651107378923078e-05
-0.27353157359393665,-0.27353157359393665,1.000017432163876,2.0645095872456963e-05
-0.2720618947641924,-0.2720618947641924,0.9999617459033873,2.063889849844318e-05
-0.27089578560335215,-0.27089578560335215,1.0000684785948253,2.063155396039803e-05
-0.27021855934217454,-0.27021855934217454,0.9999858830759454,2.0632178436986237e-05
-0.2692247524500999,-0.2692247524500999,1.0000142681923074,2.064924507878395e-05
-0.26777919017549723,-0.26777919017549723,0.9999938809679831,2.0643505804590295e-05
-0.26617814180935967,-0.26617814180935967,1.0000088498902375,2.0641979671378334e-05
-0.2646968578963424,-0.2646968578963424,1.0000276668823642,2.062798230157635e-05
-0.2634724716059281,-0.2634724716059281,0.9999644807872696,2.0613367234358466e-05
-0.2623744993565197,-0.2623744993565197,0.9999376282727381,2.0627665410296427e-05
-0.26111526978565963,-0.26111526978565963,1.0000103816053472,2.0650103491227964e-05
-0.25967859656666403,-0.25967859656666403,0.9999619067650372,2.0649583848737235e-05
-0.2585943735182809,-0.2585943735182809,0.9999917634023934,2.065590016966448e-05
-0.2570345026317227,-0.2570345026317227,0.9999359727490796,2.0647743113843024e-05
-0.25584419550868914,-0.25584419550868914,1.0000239317561064,2.0619324429230273e-05
-0.25346547311200995,-0.25346547311200995,1.00006010947197,2.064002641253793e-05
-0.2525828019402979,-0.2525828019402979,0.9999530923361947,2.0633362997411816e-05
-0.2519726780243218,-0.2519726780243218,0.9999521545963198,2.0657594593460286e-05
-0.2505541256723518,-0.2505541256723518,0.9999968941432842,2.064937216325668e-05
-0.24878987930205768,-0.24878987930205768,0.9999965633515966,2.0635632272604205e-05
-0.24709109908144455,-0.24709109908144455,0.9999097472580448,2.0646403491096707e-05
-0.24496142666757806,-0.24496142666757806,0.9999936185841681,2.06471895205521e-05
-0.24370330945021124,-0.24370330945021124,0.9999684187912333,2.0640581171955896e-05
-0.24253926599703846,-0.24253926599703846,1.0000719514640852,2.062737672172299e-05
-0.2412517803168157,-0.2412517803168157,1.0000164243921295,2.062467990327722e-05
-0.23957067693554562,-0.23957067693554562,1.00003714654005,2.0667345567253317e-05
-0.23796996873425086,-0.23796996873425086,1.0000383387977747,2.0644181545639386e-05
-0.2367153100160067,-0.2367153100160067,1.000016490724902,2.064394719456448e-05
-0.2355541688564699,-0.2355541688564699,1.0000209733705347,2.063078959348889e-05
-0.234336261099088,-0.234336261099088,0.9999657418312212,2.0624455075551557e-05
-0.23188203969839377,-0.23188203969839377,0.999988536500023,2.0650875742491864e-05
-0.2313318698274088,-0.2313318698274088,0.9999906283870603,2.0641807790683727e-05
-0.230320519873203,-0.230320519873203,1.0000124556662089,2.0658505439300627e-05
-0.22863621108190274,-0.22863621108190274,0.9999979878719237,2.064347427104727e-05
-0.22727856845667702,-0.22727856845667702,0.9999885252278775,2.0636026595398874e-05
-0.22595664008840685,-0.22595664008840685,0.9999729086250329,2.063897387704048e-05
-0.22427071709171287,-0.22427071709171287,1.000040589075766,2.06468118149158e-05
-0.22295240337625727,-0.22295240337625727,0.99997673743835,2.0651743240142828e-05
-0.2218388364337443,-0.2218388364337443,0.9999577689770431,2.062656112893501e-05
-0.22061253110005055,-0.22061253110005055,0.9999898470953029,2.0635532074881077e-05
-0.21882667280806345,-0.21882667280806345,0.9999770599128854,2.0657034065620878e-05
-0.21735446083184798,-0.21735446083184798,0.9999569641225415,2.0638706262549218e-05
-0.2158520696160849,-0.2158520696160849,1.0000452301886367,2.0650423691721434e-05
-0.21464250079807243,-0.21464250079807243,0.999983812432294,2.0628740673262834e-05
-0.213787516154116,-0.213787516154116,1.0000526374475482,2.061877329427962e-05
-0.2123262346496631,-0.2123262346496631,0.9999801738649108,2.0645731424071093e-05
-0.21072028752605548,-0.21072028752605548,0.9999940615263643,2.0652143404992543e-05
-0.20986655808010254,-0.20986655808010254,1.0000116860587913,2.0654813585248304e-05
-0.2083915565177449,-0.2083915565177449,1.000079067514871,2.063037081255648e-05
-0.2071434377139667,-0.2071434377139667,1.0000416530964091,2.0632814984633987e-05
-0.20481341891136254,-0.20481341891136254,1.0001106199565744,2.0624094113320765e-05
-0.20345051044278079,-0.20345051044278079,1.0000051018839833,2.064054171703535e-05
-0.20250199535075808,-0.20250199535075808,0.9999576267530307,2.063707670119431e-05
-0.20121874608521467,-0.20121874608521467,1.0000312732620578,2.063750971892228e-05
-0.20037808152846992,-0.20037808152846992,0.9999964764089129,2.063980418267975e-05
-0.19875151129017468,-0.19875151129017468,1.000022120187999,2.063501212412076e-05
-0.19653357147835776,-0.19653357147835776,1.0000143977580778,2.063854381704662e-05
-0.19450757767481264,-0.19450757767481264,0.999972189011802,2.063430222844129e-05
-0.1935110680424259,-0.1935110680424259,0.9999639413382265,2.0630392728102145e-05
-0.1921968025941169,-0.1921968025941169,1.0000272072124274,2.0632195561356373e-05
-0.19052825967301032,-0.19052825967301032,0.9999978724067707,2.066461617800851e-05
-0.1893532492504164,-0.1893532492504164,1.00004431594211,2.064939545217092e-05
-0.18847340150532546,-0.18847340150532546,1.0000432252766775,2.065093426617238e-05
-0.18712846903654282,-0.18712846903654282,1.0000008332675336,2.0643389399384603e-05
-0.18622215659706853,-0.18622215659706853,1.0000145247213195,2.061847351080902e-05
-0.18370679664512862,-0.18370679664512862,0.9999861671031136,2.0666465104445122e-05
-0.18262708744659903,-0.18262708744659903,0.9999838007419364,2.0610066368365025e-05
-0.1824128804721113,-0.1824128804721113,1.0000199946336323,2.064012911844324e-05
-0.18158765039333957,-0.18158765039333957,1.0000666352801815,2.065456104185779e-05
-0.17997134719844327,-0.17997134719844327,1.0000618167040394,2.065177322811571e-05
-0.17858456632311573,-0.17858456632311573,1.0000189285356835,2.0633941903418018e-05
-0.17676606759050628,-0.17676606759050628,0.9999918999305812,2.0647293379494086e-05
-0.1750315060642606,-0.1750315060642606,1.0000206433266445,2.065049597619072e-05
-0.1737741638033185,-0.1737741638033185,0.9999181790061307,2.0649616448830494e-05
-0.1728193593015021,-0.1728193593015021,1.0000029939187598,2.0627773303760264e-05
-0.17161141249234788,-0.17161141249234788,1.00009379528461,2.0618804117092995e-05
-0.16993156837197604,-0.16993156837197604,0.9999873047678312,2.0658330834896016e-05
-0.1684786502031784,-0.1684786502031784,1.000023265543613,2.0650143286199095e-05
-0.16643635189611813,-0.16643635189611813,1.0000188023852818,2.0642136760505742e-05
-0.16526583398444927,-0.16526583398444927,1.0000354345230371,2.061926678616669e-05
-0.1636646452374407,-0.1636646452374407,1.0000168283747575,2.062935255805909e-05
-0.16196526280182297,-0.16196526280182297,1.0000245513629509,2.0649690726371185e-05
-0.1614059383246058,-0.1614059383246058,1.0000090968319881,2.064109141999254e-05
-0.16049405233206926,-0.16049405233206926,1.000056488973296,2.0651815101495352e-05
-0.15936262639806956,-0.15936262639806956,1.0000280171753015,2.063041039675871e-05
-0.15782207767260842,-0.15782207767260842,1.0000098642363646,2.063158345414239e-05
-0.15597753620313598,-0.15597753620313598,1.0000048531121422,2.065649496155054e-05
-0.15407577789665083,-0.15407577789665083,1.0000200891409499,2.0648995444063455e-05
-0.1528551958341268,-0.1528551958341268,0.9999720229275761,2.062449499440538e-05
-0.15190061075263656,-0.15190061075263656,1.0000401117905366,2.0641507775797894e-05
-0.15094489495895685,-0.15094489495895685,1.0000117650930043,2.0624300591001327e-05
-0.14994427535275462,-0.14994427535275462,1.0000254767791807,2.0637610238000518e-05
-0.1484283522411715,-0.1484283522411715,0.9999911173066568,2.064710244002041e-05
-0.1469334292160056,-0.1469334292160056,1.0000096712758748,2.0636795746339278e-05
-0.14554399747648858,-0.14554399747648858,0.9999784816058315,2.063526343783816e-05
-0.14433795144359465,-0.14433795144359465,1.0000572439923183,2.061440387204159e-05
-0.1430925596265297,-0.1430925596265297,1.0000275382908754,2.0615253535141098e-05
-0.1415220790913736,-0.1415220790913736,0.9999644765303737,2.0664930103724664e-05
-0.14035625128090032,-0.14035625128090032,0.9999805000011893,2.06485314214958e-05
-0.13931984107839526,-0.13931984107839526,1.0000197087541052,2.0635190332652405e-05
-0.1382021750410786,-0.1382021750410786,1.0000363887899397,2.0652990630116557e-05
-0.1372719821993087,-0.1372719821993087,1.0000151404608884,2.0614646521336612e-05
-0.13458660958713153,-0.13458660958713153,0.9999994329103687,2.0640398594338886e-05
-0.13370256410344156,-0.13370256410344156,0.9999935434587772,2.0633912217930747e-05
-0.13309281198817188,-0.13309281198817188,1.0000237773687541,2.065897623815786e-05
-0.1316745855117915,-0.1316745855117915,0.9999766418764249,2.064899281377703e-05
-0.1301388905296335,-0.1301388905296335,1.0000017280134101,2.062924129667608e-05
-0.12893168680748204,-0.12893168680748204,1.000079979651791,2.0657115496088058e-05
-0.12686523722659332,-0.12686523722659332,1.000006763912578,2.0635021627585686e-05
-0.125202266080305,-0.125202266080305,1.0000086567819864,2.0662483244178864e-05
-0.12421251225168817,-0.12421251225168817,1.0000073232269344,2.0631743351057354e-05
-0.12310731017932994,-0.12310731017932994,1.0000336583261669,2.0616319195938534e-05
-0.12128870130763972,-0.12128870130763972,1.0000612259880652,2.0665672577397503e-05
-0.11970802895593806,-0.11970802895593806,0.9999687459343928,2.0650363392562234e-05
-0.11804514871473656,-0.11804514871473656,0.9999603335300371,2.0645631129881222e-05
-0.11667530469203484,-0.11667530469203484,0.9999884472222507,2.063113990987334e-05
-0.11489388002664783,-0.11489388002664783,1.0000216275680613,2.062461052475467e-05
-0.11282770827237983,-0.11282770827237983,1.0000041351264415,2.064112749039379e-05
-0.11242899255739758,-0.11242899255739758,1.0001028440369104,2.0649649560938706e-05
-0.11144118187730782,-0.11144118187730782,0.9999333896991563,2.065751064503038e-05
-0.10975717218243516,-0.10975717218243516,1.0000647341934457,2.0643639981931848e-05
-0.10854018148747854,-0.10854018148747854,0.9999677538353542,2.061837525013412e-05
-0.10746966603328474,-0.10746966603328474,0.9999721047259813,2.0638259446219647e-05
-0.10568725812481716,-0.10568725812481716,0.9999507615284496,2.064546262213262e-05
-0.10414323645163677,-0.10414323645163677,0.9999724226423531,2.0640146923084676e-05
-0.1028264581487747,-0.1028264581487747,0.9999653543884384,2.064067642799385e-05
-0.10123880446626572,-0.10123880446626572,1.0000019427641214,2.0627810096076792e-05
-0.09989332429686329,-0.09989332429686329,1.00000688171401,2.0662517508749026e-05
-0.09892256160965189,-0.09892256160965189,1.000044983178814,2.0637484902384453e-05
-0.09747353328129975,-0.09747353328129975,1.0000019077213889,2.0664463696446323e-05
-0.09589939667930594,-0.09589939667930594,0.9999996077059352,2.0627185930351462e-05
-0.09480744008906186,-0.09480744008906186,0.9999936477708851,2.0605835683947322e-05
-0.09308124501621932,-0.09308124501621932,1.000086545478132,2.0648069486903515e-05
-0.09164552378060761,-0.09164552378060761,1.0000172006545687,2.064827541310646e-05
-0.0909909626323497,-0.0909909626323497,1.0000517545124845,2.065846434564592e-05
-0.08983652577298926,-0.08983652577298926,1.0000364361387464,2.06470196344368e-05
-0.08843919737628311,-0.08843919737628311,1.0000133465635637,2.0627158264253354e-05
-0.08595720970042749,-0.08595720970042749,0.9999803205406126,2.063386092935075e-05
-0.0843610589443415,-0.0843610589443415,1.000012107419071,2.064396417168272e-05
-0.08320920637852396,-0.08320920637852396,1.0000555595073284,2.0658350304028133e-05
-0.08210086007602513,-0.08210086007602513,1.0000754838598584,2.0633168656041607e-05
-0.08121892532290076,-0.08121892532290076,1.0000117320966282,2.0623238038530173e-05
-0.07979320465674392,-0.07979320465674392,1.0000788678212673,2.064939428647557e-05
-0.07765412985027069,-0.07765412985027069,1.0000166866402163,2.0638552032623394e-05
-0.07572056762583088,-0.07572056762583088,1.0000433549928562,2.0635176005807732e-05
-0.07478541532182134,-0.07478541532182134,1.0000055864141213,2.0630683469958435e-05
-0.07390761707065394,-0.07390761707065394,0.9999387664018485,2.0617747509272318e-05
-0.07239099811849883,-0.07239099811849883,1.0000414799096822,2.0655489310146225e-05
-0.0712675981070788,-0.0712675981070788,1.0000516957208787,2.0663071313238533e-05
-0.07012085430469597,-0.07012085430469597,1.0000632845576205,2.0648271948619503e-05
-0.06870299223446637,-0.06870299223446637,1.000036562645605,2.063520705072405e-05
-0.06755984105111565,-0.06755984105111565,0.9999726590463835,2.0618811090140192e-05
-0.06517792417071178,-0.06517792417071178,1.0000187971618817,2.0663282855993627e-05
-0.06368550513070659,-0.06368550513070659,1.0000095730156913,2.062950305986677e-05
-0.06336145986206247,-0.06336145986206247,0.9999537894645603,2.0654711927369886e-05
-0.06234238110191655,-0.06234238110191655,0.9999642347531493,2.064344852595707e-05
-0.06059536480752285,-0.06059536480752285,0.9999901238958337,2.063889005919764e-05
-0.05931713660393143,-0.05931713660393143,0.9999778604033466,2.062646232568983e-05
-0.05781412793076015,-0.05781412793076015,0.9999627342584428,2.063020098657688e-05
-0.056151750665594594,-0.056151750665594594,0.9999959005710078,2.065043544232217e-05
-0.05506386694323737,-0.05506386694323737,0.9999460523250725,2.0654268206628767e-05
-0.05403146331518656,-0.05403146331518656,0.9999852129784623,2.0629144925988252e-05
-0.05300005343960947,-0.05300005343960947,0.9999454241294009,2.0619267372373936e-05
-0.05131982838356634,-0.05131982838356634,1.0000511554676983,2.065335598158433e-05
-0.04984474240191048,-0.04984474240191048,1.0000240350171419,2.0648713816152128e-05
-0.04755751228658482,-0.04755751228658482,1.0000581603293548,2.0642878487648365e-05
-0.04613091700521181,-0.04613091700521181,1.000025603815254,2.0604653408556192e-05
-0.04411979993747082,-0.04411979993747082,1.0000303392292116,2.0650066617840104e-05
-0.04269905374312657,-0.04269905374312657,1.000027360146392,2.0650323548357967e-05
-0.042023282118316276,-0.042023282118316276,0.9999122098294041,2.065498870827379e-05
-0.04133570065459935,-0.04133570065459935,1.0000906548139041,2.0655681166966024e-05
-0.03993317219646997,-0.03993317219646997,0.9999827869535963,2.0613474972187995e-05
-0.03765892613664619,-0.03765892613664619,0.9999844475454477,2.0656860131144772e-05
-0.035477476131927685,-0.035477476131927685,1.0000024539422996,2.064603634477597e-05
-0.034211435817996974,-0.034211435817996974,1.0000153356841437,2.0640687218061996e-05
-0.033292716694268164,-0.033292716694268164,0.9999456311983177,2.0616454268881155e-05
-0.032767590793810086,-0.032767590793810086,1.0000782748031525,2.0628964448835898e-05
-0.03161620874598157,-0.03161620874598157,1.0000001835454015,2.0646448760964195e-05
-0.03025907197225024,-0.03025907197225024,1.0000026684569494,2.062601307301033e-05
-0.028228124076122185,-0.028228124076122185,0.9999966113697241,2.0644510612618933e-05
-0.026939038369164336,-0.026939038369164336,1.0000489890400481,2.062902650663087e-05
-0.025794248389138373,-0.025794248389138373,0.999986039773539,2.0630579024440015e-05
-0.024738639401039108,-0.024738639401039108,0.9999168507689605,2.0603286725123298e-05
-0.023294306137540844,-0.023294306137540844,1.0000282662918574,2.0644130344683795e-05
-0.022117419279675234,-0.022117419279675234,1.0000037455267936,2.06497977477225e-05
-0.02109140819084132,-0.02109140819084132,0.9999614666553562,2.0661105947869568e-05
-0.01978413736942457,-0.01978413736942457,1.0000159686631191,2.0632619849901206e-05
-0.018605248670792208,-0.018605248670792208,1.0000171653720171,2.0616898104646306e-05
-0.01593429187341826,-0.01593429187341826,0.9999963965698411,2.0662071528158762e-05
-0.014715574419096811,-0.014715574419096811,1.0000175555000814,2.0628573022445113e-05
-0.014190784584206995,-0.014190784584206995,1.0000297051647613,2.0655274715642746e-05
-0.012795049179112538,-0.012795049179112538,1.0000053125935051,2.064893478297041e-05
-0.011511053230060497,-0.011511053230060497,0.9999733833010623,2.0635866494187628e-05
-0.010126576819311594,-0.010126576819311594,1.0000546275597766,2.064073484645569e-05
-0.00805561175220646,-0.00805561175220646,1.000046774800504,2.0636836941321006e-05
-0.006549463514238596,-0.006549463514238596,0.9999967784326718,2.067508511226799e-05
-0.005664770369185135,-0.005664770369185135,0.9999990026874812,2.062384494806419e-05
-0.004730702396773268,-0.004730702396773268,0.9999148169488506,2.0630256647915997e-05
-0.0030819205931038596,-0.0030819205931038596,1.0000790152233041,2.06325694249876e-05
-0.0019260505316196941,-0.0019260505316196941,1.0000440098404055,2.06593948396598e-05
-0.0007260041144036222,-0.0007260041144036222,0.9999878850998991,2.0647310155024277e-05
0.00045254620854393577,0.00045254620854393577,1.0000365812418426,2.0660789503488944e-05
0.00211982890687068,0.00211982890687068,0.9999718586533877,2.0619609850442807e-05
0.0035660892426676583,0.0035660892426676583,1.00001591604573,2.060865344638499e-05
0.0058772501135536,0.0058772501135536,1.0000125735048284,2.065113437308516e-05
0.006391061594331404,0.006391061594331404,0.9999550068980282,2.0637930495482934e-05
0.007201987722510239,0.007201987722510239,0.9999607744410592,2.0653405540445762e-05
0.008825596101814881,0.008825596101814881,1.0000259840954053,2.065100388573674e-05
0.010078236458502943,0.010078236458502943,0.9999969625708213,2.062218271910943e-05
0.011138269262301038,0.011138269262301038,1.0000030062951475,2.063708335926305e-05
0.012843174139561597,0.012843174139561597,1.0000271289935465,2.063999766891181e-05
0.014361440977518214,0.014361440977518214,1.000066645419981,2.065903378992419e-05
0.015920372073014732,0.015920372073014732,1.0000294400614034,2.0626534552206026e-05
0.017146995310758938,0.017146995310758938,0.9999624212614279,2.063466569596153e-05
0.018955381787964142,0.018955381787964142,0.9999835753390685,2.0649936916721118e-05
0.020425615645217478,0.020425615645217478,1.0000278579896802,2.0636210651828544e-05
0.021484558990050574,0.021484558990050574,1.0001022250612128,2.066186767435343e-05
0.02303618757869117,0.02303618757869117,1.0000876617067542,2.061778103571592e-05
0.02432116333511658,0.02432116333511658,1.000059434428214,2.0619662357445144e-05
0.02617895850489731,0.02617895850489731,1.0001179469966677,2.0642286447884896e-05
0.02723538813297637,0.02723538813297637,1.0000576460344563,2.0648451316616704e-05
0.028061403893661917,0.028061403893661917,0.9999989011934728,2.065700917940894e-05
0.02936709333007457,0.02936709333007457,1.0000079998472162,2.0630703297926425e-05
0.03098593406029977,0.03098593406029977,1.0000248883641842,2.063639311956796e-05
0.03362806584555074,0.03362806584555074,0.9999664592982155,2.062638887402094e-05
0.03474088923176168,0.03474088923176168,0.9999773598165757,2.066128983732775e-05
0.036031780728080776,0.036031780728080776,1.0000295491070426,2.0642255685911493e-05
0.03700737368199043,0.03700737368199043,1.000054766205238,2.0637473492122158e-05
0.038211160582432055,0.038211160582432055,1.0000167027033293,2.0635885261063404e-05
0.03942508076361264,0.03942508076361264,0.9999805621578982,2.0640866142204927e-05
0.041652005002833906,0.041652005002833906,1.0000140606501706,2.0642025570941147e-05
0.043158194504940184,0.043158194504940184,0.9999791496788504,2.0635038157990847e-05
0.044100874533614845,0.044100874533614845,1.0000293130244289,2.064636701540995e-05
0.04523341791864368,0.04523341791864368,1.0000047139304111,2.0615259102452962e-05
0.04677099286855082,0.04677099286855082,1.000028201963854,2.0663222175231394e-05
0.047804535541217774,0.047804535541217774,0.9999608141039952,2.065132330671719e-05
0.04902017989588785,0.04902017989588785,1.0000763055425537,2.0654963044690424e-05
0.05075961571346852,0.05075961571346852,1.0000245026695196,2.064204842330292e-05
0.0518244883074658,0.0518244883074658,1.0000575781261443,2.062144309630024e-05
0.05461975833168253,0.05461975833168253,0.9999474441135332,2.0659928656344965e-05
0.05521244060364552,0.05521244060364552,0.9999918602962387,2.063000393432586e-05
0.05569920600464684,0.05569920600464684,0.999946435683879,2.0657943094212678e-05
0.05712074114853749,0.05712074114853749,0.9999915717589252,2.0648482633416928e-05
0.05869873482661205,0.05869873482661205,0.9999387451105328,2.061528663786074e-05
0.06009017480901093,0.06009017480901093,1.0000204292898551,2.064821771922693e-05
0.062035542470403014,0.062035542470403014,1.0000435940117032,2.0644602714706327e-05
0.06332680107880151,0.06332680107880151,1.0000214490257548,2.0658088914565036e-05
0.06443035728298127,0.06443035728298127,1.000052204825736,2.0633216723071296e-05
0.06515833078301511,0.06515833078301511,1.0000923278910048,2.0630990677312317e-05
0.0661919773039699,0.0661919773039699,0.999995824604949,2.063697770992607e-05
0.0678955848539772,0.0678955848539772,1.0000287566141746,2.0654779414521394e-05
0.0694206768355798,0.0694206768355798,1.0000403749823816,2.0651559171047948e-05
0.07171296605883981,0.07171296605883981,0.9999904659854029,2.0637000504766834e-05
0.07293829894479131,0.07293829894479131,1.0000248193808685,2.061291545083598e-05
0.07425561306445161,0.07425561306445161,0.9999864796942696,2.0631617776764826e-05
0.07580808875500225,0.07580808875500225,0.999980701663571,2.0655623412925132e-05
0.0764672091929242,0.0764672091929242,1.0000103781308,2.0651325083211333e-05
0.07744819516592542,0.07744819516592542,1.000013197331515,2.0656008639217448e-05
0.0787122229077795,0.0787122229077795,1.0000248827190699,2.063459810124606e-05
0.08109414895443479,0.08109414895443479,0.9999869701413795,2.0636914027152753e-05
0.08340184209810104,0.08340184209810104,1.0000172742604412,2.064550605126097e-05
0.08465670856676297,0.08465670856676297,1.0000121773135457,2.064275760225245e-05
0.0855820016549842,0.0855820016549842,0.9999931441624674,2.061538132999965e-05
0.08643713311539614,0.08643713311539614,0.999966019410216,2.0651192177194388e-05
0.08792676858865889,0.08792676858865889,1.0000039826481029,2.0637698188234433e-05
0.0896352627161832,0.0896352627161832,1.0000475201253152,2.0630940928507978e-05
0.09124822967569343,0.09124822967569343,1.000073896948716,2.0658591418468663e-05
0.09249321703609895,0.09249321703609895,1.0000862307273333,2.0626469771772855e-05
0.09391874650682439,0.09391874650682439,0.9999530069126408,2.0621084566597307e-05
0.0952420887973858,0.0952420887973858,1.0000318646665507,2.0626312458159168e-05
0.0965237311043893,0.0965237311043893,1.0000892641382007,2.0630928165183194e-05
0.09745325548574328,0.09745325548574328,1.0000114660005277,2.0642135294720695e-05
0.09834818740637274,0.09834818740637274,1.0000117587525499,2.063754736191236e-05
0.09952318396681221,0.09952318396681221,0.9999760775201665,2.0641233786733514e-05
0.10027306130359648,0.10027306130359648,1.0000529754706147,2.061656538864186e-05
0.10227293150383047,0.10227293150383047,1.0000132127128658,2.0642435932286556e-05
0.10388857246289263,0.10388857246289263,0.999947278165244,2.064911082366791e-05
0.10429050469538197,0.10429050469538197,1.0000229896962631,2.0643113185865847e-05
0.10513061631572782,0.10513061631572782,1.0000870667116284,2.0663972612700728e-05
0.10643664043018361,0.10643664043018361,0.9999914744287561,2.0645062581506203e-05
0.10763760312256636,0.10763760312256636,0.9999981998610596,2.062369393874525e-05
0.10907392527224147,0.10907392527224147,1.0000354967498852,2.0651714513542384e-05
0.11117296659431304,0.11117296659431304,1.0000104638626617,2.0643397583560657e-05
0.11240061685530237,0.11240061685530237,0.9999454077530313,2.0649069172737367e-05
0.11343359318270814,0.11343359318270814,1.00007841772111,2.063328945331954e-05
0.11436985622422072,0.11436985622422072,1.0000059841585003,2.0631793822250886e-05
0.11612815111657256,0.11612815111657256,0.9999957314112133,2.0636579779238125e-05
0.11764047155011212,0.11764047155011212,1.0000226695233763,2.065292251887403e-05
0.11880837357384735,0.11880837357384735,1.0000076566390668,2.065332162284656e-05
0.12038368475841707,0.12038368475841707,1.0000392453581752,2.0641148357106444e-05
0.12174420098453993,0.12174420098453993,0.9999994325937436,2.0621622235646585e-05
0.12444593929321854,0.12444593929321854,0.9999292054106175,2.0634491644386104e-05
0.12524930677755036,0.12524930677755036,0.9999741034263797,2.064160740717396e-05
0.12582467238753453,0.12582467238753453,1.0000396248735384,2.065936784229373e-05
0.12692535291498644,0.12692535291498644,0.999990306874099,2.062642004332246e-05
0.12821480651473394,0.12821480651473394,0.9999426450433473,2.0636270914343263e-05
0.1295509542658692,0.1295509542658692,1.0000106517195646,2.063323979312773e-05
0.1309619926236337,0.1309619926236337,0.9999824453081041,2.06593744100104e-05
0.13236726597460802,0.13236726597460802,1.000078318557311,2.064645774894158e-05
0.13364201684162252,0.13364201684162252,1.0001072860287499,2.0637403076806852e-05
0.134932877580286,0.134932877580286,1.0000446761316508,2.0640886905887283e-05
0.1368052197874931,0.1368052197874931,1.000014503213214,2.0630727871165064e-05
0.13841378598517623,0.13841378598517623,0.9999993481306966,2.0638947523713355e-05
0.139897511331219,0.139897511331219,1.0000162658460605,2.0656346224323788e-05
0.14121748482866678,0.14121748482866678,1.0000221291515288,2.0644242597457718e-05
0.14238506939436774,0.14238506939436774,0.9999979002871908,2.0614360959868653e-05
0.14392440514275223,0.14392440514275223,1.0000044131676609,2.0629072752694326e-05
0.14572501583752456,0.14572501583752456,1.0000343020032247,2.065207211657599e-05
0.14656481771016844,0.14656481771016844,1.0000039971788854,2.0653924353185933e-05
0.14735555071310955,0.14735555071310955,1.0000282782617174,2.1061454934520808e-05
0.14878288802428868,0.14878288802428868,0.9999956810575472,2.062883139924515e-05
0.15052242733800086,0.15052242733800086,1.000017259888212,2.061681816493517e-05
0.15291375203887583,0.15291375203887583,1.0000111351964587,2.061590466435806e-05
0.1536207922596077,0.1536207922596077,1.0000121407531402,2.0661261853371445e-05
0.1549548240567674,0.1549548240567674,1.0000330324316216,2.063227319426238e-05
0.15621310728311072,0.15621310728311072,1.0000154997309747,2.064723971901573e-05
0.15747571619358497,0.15747571619358497,1.000006498636756,2.0641288420150133e-05
0.15904665197522264,0.15904665197522264,1.0000592464498443,2.0639545677012202e-05
0.16098511346717714,0.16098511346717714,0.9999835989170668,2.065539806162802e-05
0.1624033081025118,0.1624033081025118,1.0000365660373451,2.0625532824084448e-05
0.1636203771136934,0.1636203771136934,0.999922862722545,2.0616257234018212e-05
0.16515560009574984,0.16515560009574984,1.00010761023317,2.066240871908644e-05
0.1661108830528974,0.1661108830528974,1.0000042181576392,2.0653953158937104e-05
0.16744919074335485,0.16744919074335485,1.000061259070699,2.0653621894799804e-05
0.16932774771557887,0.16932774771557887,1.000012739694803,2.063745232559587e-05
0.17024830079390085,0.17024830079390085,1.000026949257091,2.0613647601822903e-05
0.17240585152540006,0.17240585152540006,0.9999471145997972,2.065650797867909e-05
0.17391908926074393,0.17391908926074393,1.0000359189871795,2.0644514536988287e-05
0.17426479503774317,0.17426479503774317,1.000013096244544,2.0643398352859832e-05
0.17528277067758607,0.17528277067758607,1.000007063320691,2.0659084942220317e-05
0.17701537441753318,0.17701537441753318,1.0000294212164256,2.0628304983383298e-05
0.17831649761646987,0.17831649761646987,1.0000563833779796,2.063570931765573e-05
0.18061374822209472,0.18061374822209472,1.0000697241025174,2.0656664332766393e-05
0.1813427507164306,0.1813427507164306,1.000032200216691,2.064694857831141e-05
0.18246288412992726,0.18246288412992726,1.0000103428380895,2.0653795481150925e-05
0.18341999216208932,0.18341999216208932,0.9999624856984444,2.062830374173294e-05
0.1846578481614415,0.1846578481614415,1.0001575509039378,2.0631973155862486e-05
0.1864410793481511,0.1864410793481511,0.9999665178186021,2.0653567038682705e-05
0.18780633527348983,0.18780633527348983,0.9999936047141922,2.0646315857826678e-05
0.18898724340833722,0.18898724340833722,1.0000185927212104,2.064874035187215e-05
0.19091036461322802,0.19091036461322802,1.0000068527290074,2.06184503382936e-05
0.19206162624468562,0.19206162624468562,0.9999861455250413,2.0620541343870978e-05
0.19363984349329258,0.19363984349329258,0.9999806749290899,2.064931876453593e-05
0.19506284629678702,0.19506284629678702,0.9999888546731842,2.0649977603549265e-05
0.19573578895360697,0.19573578895360697,0.9999751892936708,2.0655443064096867e-05
0.1970354631957889,0.1970354631957889,1.0000639976811103,2.0632570951080924e-05
0.19879288490774344,0.19879288490774344,1.0001769802740774,2.0639621109593235e-05
0.20146798652640427,0.20146798652640427,1.0000305898633157,2.062365219757481e-05
0.2026627698687662,0.2026627698687662,0.9999726846526835,2.064736526087623e-05
0.20378131885954645,0.20378131885954645,0.9999555145895626,2.0624114185887455e-05
0.2047391458414495,0.2047391458414495,0.9999416354515483,2.064268019481626e-05
0.2059319053973013,0.2059319053973013,1.000017035481886,2.0640860673660134e-05
0.20798540404503002,0.20798540404503002,1.0000435710724385,2.063709380497079e-05
0.20953034561607636,0.20953034561607636,1.0000740918910507,2.0643681963174427e-05
0.21060074726847233,0.21060074726847233,1.0000325359609528,2.064514219764972e-05
0.211651891443762,0.211651891443762,0.9999800635292239,2.063617462611533e-05
0.2130205981186009,0.2130205981186009,1.0000521811136989,2.0605258213499526e-05
0.21463976012164493,0.21463976012164493,1.0000553348411805,2.065363549798407e-05
0.21607649260913603,0.21607649260913603,1.00011820147366,2.0652109556349983e-05
0.21706809170427732,0.21706809170427732,1.0000246714755427,2.065723230493694e-05
0.21826864830145495,0.21826864830145495,0.9999804507633767,2.061176410676292e-05
0.2193848103939672,0.2193848103939672,1.0000269935082706,2.06200371394545e-05
0.22218906028429047,0.22218906028429047,0.9999719811919606,2.066467481110448e-05
0.22299347576481524,0.22299347576481524,1.000071801410714,2.0619149185420192e-05
0.22323642663395732,0.22323642663395732,1.0000037512608357,2.065367356025045e-05
0.22407962704237433,0.22407962704237433,1.0000331924329071,2.06530728196906e-05
0.22563013444232638,0.22563013444232638,1.0000283048901843,2.0652101345445892e-05
0.22677860906915157,0.22677860906915157,1.0000292163316542,2.0637703854780814e-05
0.2284304721331864,0.2284304721331864,1.000061091779901,2.06470484208082e-05
0.23024372007348576,0.23024372007348576,1.0000011170746188,2.0627518788987024e-05
0.23150721425190568,0.23150721425190568,1.000026256946708,2.0657703688884048e-05
0.23253646680386736,0.23253646680386736,0.999973636856067,2.0629081510266244e-05
0.23365831479677582,0.23365831479677582,1.0000596404605067,2.0609172887149724e-05
0.23532752513492597,0.23532752513492597,1.0000266540455889,2.065749002193301e-05
0.23678910991875454,0.23678910991875454,1.000035890457855,2.0645396699561878e-05
0.23795719480986008,0.23795719480986008,0.9999940829266636,2.0655782065415308e-05
0.23931039919189062,0.23931039919189062,1.0000608224732033,2.064284974746009e-05
0.24051230608092738,0.24051230608092738,0.9999973774270297,2.062174210530905e-05
0.24260124265347258,0.24260124265347258,1.0000077377182244,2.0650080397383965e-05
0.24385514689201954,0.24385514689201954,0.9999938313983122,2.0621477962508027e-05
0.2442112085336703,0.2442112085336703,1.0000355774972678,2.0648685403614875e-05
0.24518223745108117,0.24518223745108117,1.0000730250772283,2.0648008489996977e-05
0.24635084866094986,0.24635084866094986,1.000032267955999,2.0636331142140107e-05
0.24788217391833314,0.24788217391833314,0.9999765416244353,2.0636979844522513e-05
0.24989097439392935,0.24989097439392935,1.00002523070359,2.064611300128449e-05
0.25145576310387696,0.25145576310387696,0.9999167278161348,2.0646964260431144e-05
0.25286864498775685,0.25286864498775685,0.9999932984368941,2.0631828426531553e-05
0.2539959069603356,0.2539959069603356,1.0000249169068567,2.063819742978342e-05
0.2550485132189351,0.2550485132189351,1.0000210583257758,2.0642913794750483e-05
0.25661070470378033,0.25661070470378033,0.9999457545006646,2.064229750897964e-05
0.2579180407221429,0.2579180407221429,1.0000464982993587,2.0639897088245485e-05
0.2593937650890439,0.2593937650890439,1.0000302021743726,2.065104035068187e-05
0.26079594165785236,0.26079594165785236,1.0000055912698407,2.0617020637481486e-05
0.2620818587063695,0.2620818587063695,1.000041978031731,2.061994665657868e-05
0.2637539713206934,0.2637539713206934,0.9999840952261392,2.0628811056452115e-05
0.2649972103710752,0.2649972103710752,1.0000471386425471,2.0648020373147494e-05
0.265889522840007,0.265889522840007,1.0000224653438596,2.0654882039487553e-05
0.26741643701243445,0.26741643701243445,1.0000413967705597,2.064030015552804e-05
0.26875995360751403,0.26875995360751403,0.999992730343853,2.0628499846506e-05
0.27162147647904933,0.27162147647904933,1.0000277132901974,2.061445350448056e-05
0.27230562354889115,0.27230562354889115,0.9999446831621892,2.0654323888238362e-05
0.27341333035365095,0.27341333035365095,0.9999409159061191,2.0656441869180646e-05
0.27464590496092567,0.27464590496092567,1.000059976731168,2.0630759929495894e-05
0.27585969948777345,0.27585969948777345,1.0000201095935886,2.0642330905986047e-05
0.2771519156936847,0.2771519156936847,1.0000120331105833,2.0641194734712636e-05
0.2792199694958981,0.2792199694958981,1.0000148734958514,2.0642060865860705e-05
0.2807525643031113,0.2807525643031113,1.0000205744417723,2.0639781137202485e-05
0.2818466332711978,0.2818466332711978,1.0000006137646644,2.064435318156698e-05
0.28319389070675244,0.28319389070675244,0.9999731701181549,2.0618470295441677e-05
0.2846382065021317,0.2846382065021317,1.0000013103396999,2.0662417634387203e-05
0.28563854422609436,0.28563854422609436,1.0000383595148878,2.0646800022077192e-05
0.2871796835854184,0.2871796835854184,1.000020058166317,2.0659959704328733e-05
0.28879249558303854,0.28879249558303854,0.9999555987306158,2.0630896582345148e-05
0.2902412149109296,0.2902412149109296,0.9999922209566833,2.062546185770202e-05
0.29277140578487887,0.29277140578487887,1.000002841689536,2.0641425781652744e-05
0.2932612237163994,0.2932612237163994,1.00006839805022,2.065299463752201e-05
0.29454904204103516,0.29454904204103516,1.0000139580719352,2.0647803241865776e-05
0.2960714132314024,0.2960714132314024,1.0000105777501942,2.0634418137983774e-05
0.29734885877551276,0.29734885877551276,1.0000183280153498,2.104694467433055e-05
0.2989121787737531,0.2989121787737531,1.0000501096178858,2.064532933479404e-05
0.30023006048140816,0.30023006048140816,1.0000203799671272,2.064960016676821e-05
0.3013876064673241,0.3013876064673241,1.000022997524028,2.0635626570721524e-05
0.3024527609341021,0.3024527609341021,1.0000463257895098,2.0627651205043724e-05
0.3038304195601086,0.3038304195601086,1.000018003596993,2.0635996133127e-05
0.3054568919382291,0.3054568919382291,1.0000011978223307,2.06568412731122e-05
0.30663584821813855,0.30663584821813855,1.0000201577311194,2.0653859379056226e-05
0.3076026373419154,0.3076026373419154,0.9999987287574802,2.064953024850728e-05
0.3096566188032739,0.3096566188032739,0.9999541727376524,2.0634659543544453e-05
0.31067102048691597,0.31067102048691597,0.9999803541357041,2.060858538285176e-05
0.3121517088220571,0.3121517088220571,1.0000953278915128,2.0644752988531222e-05
0.31375884626759215,0.31375884626759215,1.0000134736372914,2.0653745719309444e-05
0.3146153224173759,0.3146153224173759,1.0000004088993577,2.0655327472046426e-05
0.3159153808941483,0.3159153808941483,0.9999809948359728,2.0631478889014977e-05
0.3176726820696786,0.3176726820696786,1.0000095827953939,2.0639513047051725e-05
0.320455753691931,0.320455753691931,1.0000124279971143,2.0640817962379614e-05
0.32157380885546444,0.32157380885546444,1.0000055879936007,2.064435716658659e-05
0.3226601546462916,0.3226601546462916,1.0000277336220793,2.0624507784557733e-05
0.3236190609859477,0.3236190609859477,1.0000088943809096,2.0641427843311995e-05
0.3249187201363384,0.3249187201363384,0.9999555356166233,2.064429180815013e-05
0.3268452467156749,0.3268452467156749,0.9999621016388488,2.062379077206421e-05
0.32838437164973583,0.32838437164973583,0.999973442336246,2.0643058749915606e-05
0.3294358019120409,0.3294358019120409,0.9999081797374144,2.0651831015586933e-05
0.3308537910299492,0.3308537910299492,1.000006149983852,2.061868630863523e-05
0.332078094346798,0.332078094346798,0.9999795498217731,2.0619767626976063e-05
0.3342276405164739,0.3342276405164739,1.0000170812717273,2.0652160910065652e-05
0.33553256835512,0.33553256835512,0.9999737603008777,2.066131824626943e-05
0.33679552589019296,0.33679552589019296,1.0000163020497108,2.0631771751511865e-05
0.33789939164707905,0.33789939164707905,0.9999681712045472,2.063168126508123e-05
0.33963347062745014,0.33963347062745014,0.9999654364161705,2.0633807100458397e-05
0.3416212341464416,0.3416212341464416,1.0000085297791395,2.0631490868160144e-05
0.3420317627649638,0.3420317627649638,1.0000300022280366,2.064566770517034e-05
0.3426291093492182,0.3426291093492182,0.9999934668980748,2.066260201818043e-05
0.34413609157054453,0.34413609157054453,0.9999760811259021,2.0646240542714665e-05
0.34522784916771343,0.34522784916771343,0.9999639547114981,2.064563337657269e-05
0.34624345780539445,0.34624345780539445,0.9999259922817789,2.0638629583552892e-05
0.3481660044133605,0.3481660044133605,1.0000575566229037,2.06470813408005e-05
0.34919616194383707,0.34919616194383707,0.9999951109832234,2.0651678372238767e-05
0.35053070417125126,0.35053070417125126,1.0000563726298966,2.065246047343e-05
0.35166128527780527,0.35166128527780527,1.0000064167260707,2.0627888626513554e-05
0.3526228916089167,0.3526228916089167,0.999975658451655,2.0621359677311627e-05
0.3541938417169149,0.3541938417169149,1.000009307103952,2.0652028862841623e-05
0.3552755741395231,0.3552755741395231,0.9999901456778215,2.0648200141085348e-05
0.3563101640822424,0.3563101640822424,1.0000101850678305,2.0644922350370902e-05
0.3576108275832667,0.3576108275832667,1.0000378528287375,2.0645928680547126e-05
0.35896965873107545,0.35896965873107545,0.9999667755129247,2.0614190185542827e-05
0.36103620553913063,0.36103620553913063,0.9999575304350262,2.0646200029521716e-05
0.3626929860642122,0.3626929860642122,1.0000245174600706,2.064063697292725e-05
0.3630912735425227,0.3630912735425227,1.000024896706399,2.064976442537562e-05
0.36407615896023343,0.36407615896023343,1.0000321671434511,2.0658174552029444e-05
0.36567126149020623,0.36567126149020623,1.0000393221460775,2.0614766520266425e-05
0.3675530683496618,0.3675530683496618,1.0000303032100464,2.06563204398379e-05
0.3694774287214386,0.3694774287214386,1.00000597400003,2.0633417806071164e-05
0.3708168596815085,0.3708168596815085,0.9999256551974929,2.0663188273044492e-05
0.37213829794927733,0.37213829794927733,1.0000353581404915,2.0605815494175033e-05
0.373013771045953,0.373013771045953,1.00001653984866,2.0631926390131584e-05
0.3740783097033272,0.3740783097033272,1.0000307937487034,2.0645166110668914e-05
0.3755814307674882,0.3755814307674882,0.9999961323300655,2.064423335277637e-05
0.37718339682542135,0.37718339682542135,0.9999775277738434,2.0641914878897464e-05
0.37866640579959493,0.37866640579959493,1.0000316436593883,2.062799262865483e-05
0.3798517223876843,0.3798517223876843,0.9999818804584404,2.062980537440157e-05
0.38090788730696656,0.38090788730696656,0.9999971285703321,2.0605446763130827e-05
0.38243800964337427,0.38243800964337427,1.0000238687353893,2.0648705455676385e-05
0.38387811909706215,0.38387811909706215,0.9999879390195039,2.0647690150404654e-05
0.3847685496293707,0.3847685496293707,1.0000026769285373,2.065564621616368e-05
0.3863692457038269,0.3863692457038269,0.9999740349842486,2.0636087996333626e-05
0.3882797006503097,0.3882797006503097,0.9999997786977415,2.0617168044902405e-05
0.39070960855606246,0.39070960855606246,0.9999884150854687,2.0627642263654123e-05
0.3913348361646058,0.3913348361646058,1.0000546936769832,2.064092102884564e-05
0.3923637025662174,0.3923637025662174,0.9999358937805412,2.0654057623894513e-05
0.39361679906432984,0.39361679906432984,1.0000396813249555,2.0629172267587556e-05
0.39514062556118007,0.39514062556118007,0.9999519776611615,2.063659990746007e-05
0.3970874934508174,0.3970874934508174,0.9999338528386469,2.0644342603329215e-05
0.39851683545712147,0.39851683545712147,0.9999613080081036,2.0649166893087002e-05
0.3996586558270792,0.3996586558270792,1.00004594830109,2.0640435118316404e-05
0.4008764698919549,0.4008764698919549,1.0000129219053342,2.0628036866596262e-05
0.40243663159999415,0.40243663159999415,0.9999857206698772,2.0640885318823215e-05
0.4037021385884145,0.4037021385884145,0.9999918521353119,2.0661026226725477e-05
0.40462440307383074,0.40462440307383074,0.9999594074107548,2.064928100565341e-05
0.4064400763527374,0.4064400763527374,1.0000094531848511,2.0646536689762176e-05
0.40780923163183613,0.40780923163183613,0.9999727915414065,2.063063291706628e-05
0.40897544282488524,0.40897544282488524,0.9999802407093352,2.0636760849969996e-05
0.4114790219166025,0.4114790219166025,1.000018653196382,2.0651496093699238e-05
0.41202613259956705,0.41202613259956705,1.0000346859241502,2.064254850575685e-05
0.4130414584746177,0.4130414584746177,0.9999702976744688,2.0657684666988905e-05
0.41472666582485546,0.41472666582485546,0.999977162457253,2.064309504409703e-05
0.4160784738669463,0.4160784738669463,0.9999915019220147,2.0635364233194917e-05
0.41742424871772527,0.41742424871772527,1.000027248690602,2.0648291677656772e-05
0.4188981166589656,0.4188981166589656,1.0000401859712387,2.064487097142909e-05
0.4202210719435243,0.4202210719435243,1.0000339386814527,2.0654898522495115e-05
0.4213323438205407,0.4213323438205407,0.9999911267854203,2.0627992373879114e-05
0.4229267963055463,0.4229267963055463,1.0000101734797007,2.0634724031886382e-05
0.42453145187027985,0.42453145187027985,1.0000137246401184,2.065065003909576e-05
0.42565479164259157,0.42565479164259157,0.9999649012359928,2.0634955428183627e-05
0.4274338463175809,0.4274338463175809,1.0000462649069235,2.0656879850771417e-05
0.42871831209995437,0.42871831209995437,1.0001124595923616,2.062908613793606e-05
0.4297950531145034,0.4297950531145034,1.0000033351861575,2.061687258602398e-05
0.4313994843774708,0.4313994843774708,1.0000195948955024,2.0648173066167177e-05
0.4328308167576324,0.4328308167576324,1.000016080951039,2.0649570985505224e-05
0.4335842423053691,0.4335842423053691,1.000032164007319,2.065786834933182e-05
0.43493072687706447,0.43493072687706447,1.0000028229056204,2.064265734120193e-05
0.4360574205871671,0.4360574205871671,0.9999334324809974,2.0623086817629544e-05
0.43912682808804676,0.43912682808804676,1.0000040491719893,2.0621300831695083e-05
0.4404213938898465,0.4404213938898465,0.9999962457314375,2.0648318849258607e-05
0.4415389901121671,0.4415389901121671,0.9999635745104204,2.0623508736729734e-05
0.442498976769275,0.442498976769275,1.0000074579107956,2.064212277766566e-05
0.44406004904958535,0.44406004904958535,1.0000333971656308,2.063374949552897e-05
0.4459844404475007,0.4459844404475007,1.0000138999990476,2.0632065406447404e-05
0.44738772979544594,0.44738772979544594,0.9999718614573109,2.0647766686685473e-05
0.4491321461762709,0.4491321461762709,1.0000092266168497,2.0625434869687684e-05
0.4505566830157477,0.4505566830157477,1.0000342962387994,2.0622059871091087e-05
0.4519424012163654,0.4519424012163654,0.9999690022178246,2.0642618655474363e-05
0.45305660462981906,0.45305660462981906,1.0000044187701973,2.064619235080521e-05
0.45408792541129517,0.45408792541129517,0.9999853273935726,2.0650559139881687e-05
0.45532503228023413,0.45532503228023413,0.9999575489069847,2.0649661133012016e-05
0.45669774739799324,0.45669774739799324,0.9999842974876225,2.062825822772741e-05
0.4584687790076714,0.4584687790076714,0.9999999957680202,2.0624871168541756e-05
0.460656603355892,0.460656603355892,1.000044628855892,2.063355927637164e-05
0.46098075588597565,0.46098075588597565,0.9999981321197875,2.064427259790915e-05
0.4620066782728827,0.4620066782728827,1.000008025586933,2.065889402368461e-05
0.4636445857329818,0.4636445857329818,1.0000198130992768,2.0647081135176893e-05
0.46452261053200344,0.46452261053200344,1.000057524639598,2.0637048467719888e-05
0.46573589055042247,0.46573589055042247,0.9999617934548157,2.0643049385718593e-05
0.46764001187402754,0.46764001187402754,0.9999942515144994,2.0644958018770343e-05
0.46893011905776805,0.46893011905776805,1.0000083706154252,2.0657485292821616e-05
0.4700707047908509,0.4700707047908509,0.9999940456506551,2.063256108743355e-05
0.47129180860574704,0.47129180860574704,0.9999628656816852,2.0615460323068497e-05
0.47252539755863837,0.47252539755863837,1.000050568148141,2.0646590905138336e-05
0.47380200335828704,0.47380200335828704,0.9999978505225233,2.067015981880264e-05
0.47517280974425374,0.47517280974425374,0.9999456180726709,2.0648217478486926e-05
0.47645305859987275,0.47645305859987275,1.0001346843732892,2.0641650475466044e-05
0.4777255427485215,0.4777255427485215,1.0000205984692665,2.0631136055342105e-05
0.4787725588575995,0.4787725588575995,1.0000509424037407,2.0621116197958256e-05
0.4808027207989653,0.4808027207989653,1.0000034229413033,2.0654905637314133e-05
0.4818622187842266,0.4818622187842266,1.000031254804632,2.062945783146187e-05
0.4822703969788563,0.4822703969788563,1.0000113320706288,2.0656472862560574e-05
0.4832177997828694,0.4832177997828694,1.0000381313476856,2.063859533801373e-05
0.48477414750595926,0.48477414750595926,1.000007677289757,2.0630768305190543e-05
0.48619494258018675,0.48619494258018675,1.000021913491103,2.0658183964049876e-05
0.4880124872586748,0.4880124872586748,0.9999836810595013,2.062762631855183e-05
0.4895918775466271,0.4895918775466271,1.0000342125222839,2.0671250278702754e-05
0.49092232985349255,0.49092232985349255,0.999966113373962,2.060612239184417e-05
0.49171400400227866,0.49171400400227866,0.9999912259363833,2.0629497106866428e-05
0.49280463007089564,0.49280463007089564,1.0000095046072832,2.0647751258195797e-05
0.4941339262579277,0.4941339262579277,1.000030455345572,2.064322847667919e-05
0.4956770933014923,0.4956770933014923,0.9999677715366792,2.0639172501309966e-05
0.4972468097344972,0.4972468097344972,1.000004188332922,2.064394026680234e-05
0.49855568999846583,0.49855568999846583,0.9999945039687376,2.061673971651017e-05
0.49967385490817834,0.49967385490817834,1.000075771344651,2.060963626258068e-05
