time,time,flux,flux_err
-0.49900244744033745,-0.49900244744033745,0.999991285147623,0.00018950946565571473
-0.4973349706724548,-0.4973349706724548,1.0003130452026767,0.00018880982978343395
-0.49510221004735894,-0.49510221004735894,0.9998742356204536,0.00018817391942631154
-0.49315449604109746,-0.49315449604109746,0.9997896267536788,0.00017608542112111975
-0.49157930973451586,-0.49157930973451586,1.0000546321226307,0.00017401290504620936
-0.4905493457663397,-0.4905493457663397,1.0005661367571363,0.00017182446415262858
-0.48918991492537317,-0.48918991492537317,0.9998640743102808,0.00017342497069931806
-0.4877240893642011,-0.4877240893642011,1.0001268755429873,0.00017208038530370804
-0.48618754008493853,-0.48618754008493853,1.0002595914844288,0.00017202329594945523
-0.4838781460086466,-0.4838781460086466,0.9989966820034321,0.000176511146964434
-0.4826112801056297,-0.4826112801056297,1.000451833935342,0.00017146721025215503
-0.4810067284292018,-0.4810067284292018,1.0000114866170535,0.00017351889145663513
-0.4795927007231512,-0.4795927007231512,0.999826899542844,0.00017239810443355096
-0.4770556064133416,-0.4770556064133416,1.0003195847269253,0.00017306460754986042
-0.476003863158985,-0.476003863158985,0.9995600197267034,0.00017089489004782997
-0.4738103836069058,-0.4738103836069058,1.0000412749391203,0.00017528385311048306
-0.47265935915784213,-0.47265935915784213,1.0000448171797192,0.0001730993497140166
-0.4716110228873731,-0.4716110228873731,0.9994529819687921,0.00017241554511056339
-0.4691801063498133,-0.4691801063498133,0.9997517766354717,0.00017243814729525544
-0.4675191500580695,-0.4675191500580695,1.0001201138475548,0.0001758232574225489
-0.4655734998930711,-0.4655734998930711,0.9997104166826796,0.00017457490130561278
-0.4644785440141277,-0.4644785440141277,1.0001807610214297,0.00017201741636352843
-0.4632200200292573,-0.4632200200292573,1.0001499929941549,0.00017844316690430927
-0.46160845360791425,-0.46160845360791425,1.0000452032144718,0.0001718652977007445
-0.4603200844321691,-0.4603200844321691,0.9993418802476915,0.00017231421925109443
-0.45813802010015936,-0.45813802010015936,1.00038104612478,0.0001722583274902753
-0.45707227895836694,-0.45707227895836694,1.0001008391889104,0.00017184094025305514
-0.45554355066051355,-0.45554355066051355,0.9994245594597494,0.0001746434139454249
-0.4539488887457992,-0.4539488887457992,0.9999540726982842,0.00017250834908247862
-0.4522950631857384,-0.4522950631857384,0.9995840982749817,0.0001718775742606243
-0.45056129494987546,-0.45056129494987546,0.9999164223975789,0.00017278810007828564
-0.4490148684955784,-0.4490148684955784,1.0000403825254518,0.00017136603398919408
-0.4474480168617447,-0.4474480168617447,0.9999149003890594,0.00017531622047907376
-0.44624300760187907,-0.44624300760187907,0.9998196107499945,0.00017384332234660933
-0.4451750327527407,-0.4451750327527407,1.0005725432653225,0.0001728435095627388
-0.4430468748512794,-0.4430468748512794,1.000302648685918,0.0001721954411338065
-0.44174406833553803,-0.44174406833553803,0.9998709735427015,0.00017225491162368555
-0.4392742922536854,-0.4392742922536854,0.9995488101736806,0.00017579362265178434
-0.4381797577923862,-0.4381797577923862,0.9999343074298979,0.0001717973944399594
-0.4365810341354518,-0.4365810341354518,1.0002034536891888,0.00017336382417403173
-0.4349553889282106,-0.4349553889282106,0.9998024901143463,0.00017224230184220373
-0.4326589870164753,-0.4326589870164753,1.000160540007583,0.0001726646776192591
-0.4313095617682848,-0.4313095617682848,0.9998442061865209,0.0001714885332725956
-0.43005865433806323,-0.43005865433806323,0.9992455549847159,0.0001744365712235389
-0.4282427838159492,-0.4282427838159492,0.9997657223605098,0.00017180246383410094
-0.42747257061055277,-0.42747257061055277,1.0002353524117924,0.0001725925454171563
-0.4253665218275273,-0.4253665218275273,0.9998763976711416,0.00017249727020660546
-0.42372221008190536,-0.42372221008190536,0.9997075117431219,0.00018147741777806435
-0.4219478024097043,-0.4219478024097043,0.9996041865942462,0.00017618019685260186
-0.420378806606459,-0.420378806606459,0.9993953670448048,0.00017424314272932107
-0.41935013061447535,-0.41935013061447535,0.999670018144157,0.00017179014721664266
-0.41759846621644103,-0.41759846621644103,1.0001273964251445,0.00017335439334717628
-0.41633705342246685,-0.41633705342246685,1.0001201537753608,0.00017158392320749415
-0.4144188678103092,-0.4144188678103092,0.9999336032509779,0.00017289329847584335
-0.41246424734927134,-0.41246424734927134,0.9998752718433981,0.00017132951243323255
-0.41117290284018965,-0.41117290284018965,0.9999838702924307,0.00017374632827382152
-0.40946237439638933,-0.40946237439638933,1.000196152983987,0.000172842317751131
-0.4078352228199947,-0.4078352228199947,1.0000034912268834,0.00017180071309291588
-0.40566413630876924,-0.40566413630876924,0.9991008860851188,0.00017270678967522263
-0.40411307992981166,-0.40411307992981166,0.9998961084514733,0.00017134129452658992
-0.4022032820765162,-0.4022032820765162,0.9994625231776831,0.00017487552586919878
-0.4011823187298432,-0.4011823187298432,1.0003971236340423,0.00017292867946020027
-0.3994408412545454,-0.3994408412545454,0.9993977143727438,0.00017333660158241868
-0.39774213011623943,-0.39774213011623943,1.0000007010667178,0.00017182882952070908
-0.39590389559816686,-0.39590389559816686,1.0001054286143016,0.0001768336531582789
-0.39407818143736223,-0.39407818143736223,0.9996480392839876,0.0001750533953400365
-0.3930521206348203,-0.3930521206348203,1.0004496266929674,0.00017194247879044353
-0.3916948491911171,-0.3916948491911171,0.9997112692347387,0.000179159340155733
-0.3904108315538906,-0.3904108315538906,0.999828609687737,0.00017227415632557218
-0.3887410589552019,-0.3887410589552019,1.0001028608539573,0.00017252295203579881
-0.38669464770136985,-0.38669464770136985,1.000163805177562,0.0001716431266362297
-0.38576937348989304,-0.38576937348989304,1.000202724361097,0.0001718319969551643
-0.38393415808604914,-0.38393415808604914,0.9997516353731222,0.00017505535059983987
-0.3827407804950781,-0.3827407804950781,0.9999168507494627,0.0001724970502884689
-0.381015422258497,-0.381015422258497,1.0003080435715124,0.0001727694350438362
-0.379137087957497,-0.379137087957497,1.0001002805559769,0.00017171586515725472
-0.37739355649682693,-0.37739355649682693,0.9997079585716182,0.00017594028617845417
-0.3757748905591143,-0.3757748905591143,1.0001966247098166,0.000171965022748331
-0.3746819986292394,-0.3746819986292394,1.000078483713673,0.00017397705761740143
-0.37348700069560437,-0.37348700069560437,1.0002474978502929,0.00017344300247184945
-0.371800326747325,-0.371800326747325,1.0001686222215693,0.00017182561900717518
-0.37053652940667237,-0.37053652940667237,0.9990931873511724,0.00017226917313315504
-0.36807485631070447,-0.36807485631070447,0.9997654375963924,0.00017654163249706902
-0.3667645966692362,-0.3667645966692362,0.9996490775584936,0.00017171383310902105
-0.3652859100729984,-0.3652859100729984,1.000014767578933,0.00017336682942735375
-0.3637577834444528,-0.3637577834444528,0.9999868907230312,0.0001723550955705567
-0.3614566787953663,-0.3614566787953663,0.999941146797436,0.00017271956337150965
-0.3601090071118961,-0.3601090071118961,0.9997331948325175,0.00017155604235881387
-0.35823137311817843,-0.35823137311817843,1.0002306661246938,0.00017473581140338483
-0.3566156061307993,-0.3566156061307993,0.9995858655787897,0.0001720407960272001
-0.35581452962578625,-0.35581452962578625,0.9992911496153025,0.0001725954238730333
-0.35355821909106455,-0.35355821909106455,1.00026007578935,0.0001729276456994656
-0.3518609324775753,-0.3518609324775753,0.999953358744642,0.0001717717071675806
-0.3497729799077206,-0.3497729799077206,1.0000695988172166,0.00017615925588862014
-0.3486122993512254,-0.3486122993512254,0.9996271912004351,0.00017448577031513752
-0.3475041559635429,-0.3475041559635429,0.9995004881334284,0.00017842827275165178
-0.34565342383284586,-0.34565342383284586,0.9995231994585765,0.00017227024117578407
-0.344679031441774,-0.344679031441774,1.0004929365628512,0.00017191752395867907
-0.3420782282446453,-0.3420782282446453,0.9994776439129804,0.000171952513980173
-0.34097240514529403,-0.34097240514529403,0.9996190287139319,0.00017189275087786167
-0.3394445835518127,-0.3394445835518127,0.9999069293229969,0.00017458999707146072
-0.33784844631009037,-0.33784844631009037,1.0003817348597075,0.0001725198615581962
-0.3361954129584774,-0.3361954129584774,1.0006364268104773,0.0001718504072126299
-0.3344616044945724,-0.3344616044945724,1.0000794157103985,0.00017279385192917849
-0.3331468347772898,-0.3331468347772898,1.0003863550942627,0.0001716931221773609
-0.33170582950260724,-0.33170582950260724,0.9996919364726649,0.00017600977294264422
-0.33025944308319594,-0.33025944308319594,1.0001483253307704,0.00017368326007329317
-0.32929419839856566,-0.32929419839856566,0.9999049909487681,0.0001714892665247197
-0.32739158879994645,-0.32739158879994645,1.0000123825803366,0.00017352724253886172
-0.3260889010198298,-0.3260889010198298,0.9997076697283234,0.0001718447995712375
-0.3234956268199312,-0.3234956268199312,0.9999124097288956,0.0001720693040796292
-0.32232234331168,-0.32232234331168,1.0003933637977926,0.0001760105743939886
-0.3208934395770484,-0.3208934395770484,0.9996318947446309,0.0001736647495508436
-0.31903636282513614,-0.31903636282513614,0.999827844238761,0.00017148952261173653
-0.3170921499731776,-0.3170921499731776,0.9998948500439226,0.00017312336299459886
-0.31520964317023753,-0.31520964317023753,1.0003141823499933,0.00017154550513629686
-0.3139590747523471,-0.3139590747523471,1.0000558462259823,0.00017449681086607356
-0.3121432443964295,-0.3121432443964295,0.9999504035780833,0.0001718363853377688
-0.3113720060951891,-0.3113720060951891,0.9993149977281928,0.00017256243418638492
-0.30926708766492084,-0.30926708766492084,0.9997458665725392,0.00017243170812119952
-0.3074258425636799,-0.3074258425636799,0.9994578569412003,0.00017173481910735577
-0.3058486344387347,-0.3058486344387347,0.999774858515061,0.0001761589810032683
-0.30427886241377566,-0.30427886241377566,1.000155280678035,0.00017433542736391405
-0.3032500260458619,-0.3032500260458619,1.0001448022580333,0.00017190971045260263
-0.30149927770107754,-0.30149927770107754,1.000366825021567,0.00017330163789404347
-0.3002363469575357,-0.3002363469575357,1.0000101150030383,0.000171620744250088
-0.2983204132760875,-0.2983204132760875,0.9997108543173043,0.00017283601568832395
-0.29646798139438035,-0.29646798139438035,0.9999734197351119,0.00017698185508725615
-0.2953139072160411,-0.2953139072160411,0.9993366483102852,0.00017145529084144337
-0.293702931763255,-0.293702931763255,0.999948334868512,0.00017381476436563163
-0.29229612877607,-0.29229612877607,0.9997339942702335,0.000172478925278029
-0.2897520058075315,-0.2897520058075315,1.000144766329194,0.00017253428027730038
-0.28840012530927195,-0.28840012530927195,1.0004594910036482,0.00017184968281366101
-0.28647668430276096,-0.28647668430276096,1.0002960781575605,0.0001748043111759811
-0.28524363393880775,-0.28524363393880775,1.0001598125715097,0.0001733946616451996
-0.28399369365070015,-0.28399369365070015,1.000135086809787,0.00017260979999152815
-0.28204849644462227,-0.28204849644462227,1.0001947705012966,0.0001721879553774377
-0.2806584279263916,-0.2806584279263916,1.0002580418237248,0.00017173754212501747
-0.27856905517110137,-0.27856905517110137,1.0005474042591185,0.00017653749098060155
-0.2774169908028853,-0.2774169908028853,1.0000281747249151,0.00017506122386574317
-0.276299942539481,-0.276299942539481,0.9999440182101772,0.00017913955583113397
-0.2744516119317268,-0.2744516119317268,0.9996055588430484,0.00017272171782908751
-0.2731422982091317,-0.2731422982091317,0.9999988392636748,0.00017178235679478408
-0.27083714894979494,-0.27083714894979494,0.999621393357064,0.00017257280645086086
-0.26993766924351803,-0.26993766924351803,0.9998772207777324,0.00017150612176616338
-0.26823636620101754,-0.26823636620101754,0.9995841512372301,0.00017474449361189117
-0.2667596286970365,-0.2667596286970365,1.0003314287612597,0.0001729456293149654
-0.2654317019318114,-0.2654317019318114,0.9996491193104065,0.00017162736820814723
-0.26325917763097095,-0.26325917763097095,0.9995901685840713,0.0001728429766615699
-0.2617163838818669,-0.2617163838818669,0.9999843801991399,0.0001713438574975076
-0.260308477468061,-0.260308477468061,0.999534761110969,0.00017634755037286809
-0.2589724882796872,-0.2589724882796872,0.999807846210293,0.00017367615321936064
-0.25794232336702405,-0.25794232336702405,0.9999486164307717,0.0001719801186942916
-0.25622239280928627,-0.25622239280928627,0.9999782970799533,0.00017298634697152492
-0.25510828948827113,-0.25510828948827113,1.0002507695245886,0.00017213900738510243
-0.2528875060401333,-0.2528875060401333,0.9999423007517747,0.00017240336433884805
-0.2511821117674117,-0.2511821117674117,0.9993548872914083,0.00017569135176075622
-0.24997716218567803,-0.24997716218567803,1.0000076718826538,0.0001737780586130952
-0.24804068036537502,-0.24804068036537502,1.00023393148679,0.00017225718379194183
-0.24633112304582028,-0.24633112304582028,0.999939446940038,0.00017269381097970689
-0.24443306571556606,-0.24443306571556606,1.0000819740865095,0.00017148809389222204
-0.2430418731251848,-0.2430418731251848,0.9998974249222531,0.0001747072714772328
-0.24093960085883737,-0.24093960085883737,1.0000212842673215,0.00017187151941849078
-0.24017654682611464,-0.24017654682611464,0.9998898616220385,0.0001726652001615621
-0.23844414280029014,-0.23844414280029014,0.9995549112516844,0.00017327798686707336
-0.2364631898031803,-0.2364631898031803,0.9994302206634604,0.0001718174610621541
-0.23444844206023846,-0.23444844206023846,0.999839905905025,0.00017657021004690828
-0.2328892308709328,-0.2328892308709328,0.9995976375857699,0.00017442019306024225
-0.23180162677454064,-0.23180162677454064,0.9999221810901984,0.0001714764003326766
-0.23024687067663763,-0.23024687067663763,1.0000128423895673,0.00017841440603463254
-0.22904204255755758,-0.22904204255755758,0.9996303899770537,0.00017163783957378678
-0.22710812209334108,-0.22710812209334108,1.0002674710440862,0.00017288807241816392
-0.22524381977054872,-0.22524381977054872,1.0001651978726565,0.00017175391288588084
-0.2240548062189191,-0.2240548062189191,0.9999034690157472,0.00017378110468783828
-0.2222394984055427,-0.2222394984055427,1.0000933740572353,0.00017215357370538436
-0.2211001518087869,-0.2211001518087869,0.9999397865176718,0.00017250363782991712
-0.21877546960313338,-0.21877546960313338,1.0002841725784053,0.000172795425460212
-0.21759038151212734,-0.21759038151212734,1.000514728279098,0.00017130563906397718
-0.21563644919442596,-0.21563644919442596,0.9998343434070301,0.00017567809349677832
-0.21415942939493107,-0.21415942939493107,1.0002531346175614,0.00017364305980294435
-0.21319392572331708,-0.21319392572331708,1.00043422784568,0.00017146094800701798
-0.21129207392441457,-0.21129207392441457,0.9999800192810417,0.00017341668306542288
-0.2096537188765069,-0.2096537188765069,1.0000265520572627,0.00017178544699077803
-0.20707416999721318,-0.20707416999721318,1.0002612292462527,0.00017582145033056252
-0.205979145377205,-0.205979145377205,1.0001927911104016,0.00017175170459727648
-0.20438592186619645,-0.20438592186619645,0.999946809469453,0.00017423970075725794
-0.20293529855989617,-0.20293529855989617,1.0000093372550096,0.00017145331620666658
-0.20099331864330452,-0.20099331864330452,1.0001698341351701,0.00017317174615263936
-0.1991097276826622,-0.1991097276826622,0.9993943011475173,0.0001715243532047147
-0.19785949609504314,-0.19785949609504314,1.0002806877973507,0.00017446093537600292
-0.1960974058813008,-0.1960974058813008,1.0001798280880514,0.00017247539596411092
-0.19544422669350753,-0.19544422669350753,1.0005610366833382,0.00017261473737746976
-0.19370493568858366,-0.19370493568858366,0.999923044543624,0.00017198004574967173
-0.19156019360598292,-0.19156019360598292,0.9993697173061232,0.00017172912714974242
-0.1897494677155919,-0.1897494677155919,1.000258519777701,0.00017621506063013754
-0.18817891914804932,-0.18817891914804932,0.9998210331693469,0.00017415975178500966
-0.18714992396926391,-0.18714992396926391,1.000045558005202,0.00017184029078590727
-0.1854000904269924,-0.1854000904269924,1.0003473947245136,0.0001733390395398664
-0.18413564205693547,-0.18413564205693547,0.9999725104061499,0.00017156347470276943
-0.18222195999187535,-0.18222195999187535,0.9999043865315407,0.00017286289028220841
-0.18036775040091016,-0.18036775040091016,0.9997619275123852,0.00017688804826278853
-0.17921352648481842,-0.17921352648481842,0.9997463478163537,0.00017147339113720593
-0.1776034707589133,-0.1776034707589133,1.0002109933086634,0.00017375211253325897
-0.17619563376210862,-0.17619563376210862,0.9998455842138589,0.00017248183769414625
-0.17365211200522027,-0.17365211200522027,0.99952824353573,0.00017246715425740867
-0.17230057909546304,-0.17230057909546304,0.9998291849059895,0.0001717966813277573
-0.1703765034377284,-0.1703765034377284,0.9996226999606723,0.00017469195921780687
-0.16914370245867758,-0.16914370245867758,1.0000304062344436,0.00017340686539263925
-0.1677116824517725,-0.1677116824517725,0.9998536311558514,0.0001729051505553249
-0.1657522731635254,-0.1657522731635254,1.0001334451258619,0.00017241412234478124
-0.16411970085755456,-0.16411970085755456,0.9995979362401541,0.0001761968070112405
-0.16217371530874516,-0.16217371530874516,1.0000994142672188,0.00017496645676127697
-0.16107696107428637,-0.16107696107428637,0.999870831513834,0.00017207372211484846
-0.159817671032215,-0.159817671032215,0.9991839219188821,0.00017886331599310118
-0.1583295102631382,-0.1583295102631382,1.0002013737044904,0.00017261855834079543
-0.15704258850091718,-0.15704258850091718,1.0000896514719433,0.00017173896635873392
-0.15473539924205398,-0.15473539924205398,1.0002431958569598,0.00017221497357513678
-0.153570098583441,-0.153570098583441,1.0001605215920255,0.00017182618505488264
-0.15173704494154663,-0.15173704494154663,1.000104065248068,0.00017496076741937224
-0.15053980467564543,-0.15053980467564543,1.0001263086945238,0.00017251080146608308
-0.148816540234111,-0.148816540234111,1.000454539050118,0.0001727960773894949
-0.14693674678128446,-0.14693674678128446,0.999452482926783,0.00017162918892314367
-0.1452676071319729,-0.1452676071319729,0.9997688006981921,0.0001720262415608749
-0.1438828242928139,-0.1438828242928139,0.9995127174583616,0.00017567714295089754
-0.1427014147309819,-0.1427014147309819,1.0000372420550443,0.00017375073791601084
-0.14167474895657506,-0.14167474895657506,1.0002079446211865,0.00017348355565173658
-0.13975458961285767,-0.13975458961285767,1.0005614925396533,0.00017220543670350732
-0.13878609665553085,-0.13878609665553085,0.9999189866284967,0.0001718485968646002
-0.1362062377469556,-0.1362062377469556,1.0004076258991383,0.0001723919293042775
-0.13508104500870105,-0.13508104500870105,0.9998023108296593,0.0001755925896031952
-0.13387777472744347,-0.13387777472744347,1.0004255172723444,0.00017374687407048045
-0.13194026096680317,-0.13194026096680317,1.0000497675951823,0.0001721683925072389
-0.13023172936736954,-0.13023172936736954,0.9998955466633543,0.0001726664828281146
-0.12833294215088245,-0.12833294215088245,0.9994824220082148,0.00017150141226728006
-0.12694215844021528,-0.12694215844021528,1.0001785924585618,0.00017474033666648917
-0.12484005178630468,-0.12484005178630468,0.9996903859917978,0.0001717835707728696
-0.12407597608253126,-0.12407597608253126,0.9999192235934873,0.00017260816502845657
-0.12234522177604959,-0.12234522177604959,1.000433422061365,0.00017330678106791648
-0.12036284893765696,-0.12036284893765696,0.9996288561816498,0.00017175449444860213
-0.11852240804219036,-0.11852240804219036,1.0000795252633174,0.00017634163738359854
-0.11697851847056881,-0.11697851847056881,1.000674188733473,0.00017451154723239977
-0.11595078324171482,-0.11595078324171482,0.999952497639082,0.000171904124536591
-0.1145199929123919,-0.1145199929123919,1.0000062879742162,0.00017821345725824335
-0.11312668309401488,-0.11312668309401488,1.0000316714150579,0.00017210678877329892
-0.11157894573843805,-0.11157894573843805,1.0000259137582124,0.0001720558407102885
-0.1093059844301024,-0.1093059844301024,0.9993957871044985,0.00017202636115886877
-0.10826525026132003,-0.10826525026132003,0.9999999826348202,0.00017170945388943125
-0.10646046102701803,-0.10646046102701803,1.0002401406014272,0.00017417131791896837
-0.10526251117844368,-0.10526251117844368,0.9998755544190088,0.00017262949562947482
-0.10295260513448738,-0.10295260513448738,0.9996539429980877,0.00017271468383750323
-0.10149022374753258,-0.10149022374753258,0.9995235008430825,0.00017130868468683835
-0.09953696832453715,-0.09953696832453715,1.000299969274822,0.00017562438779784997
-0.0981377774682187,-0.0981377774682187,0.9999898105186009,0.0001732959167406155
-0.09734835378403658,-0.09734835378403658,0.9999278014267989,0.00017175369051707692
-0.09561496021779022,-0.09561496021779022,1.0003477797060414,0.0001731489982621358
-0.09406895450738376,-0.09406895450738376,0.9998181746634686,0.00017183427194004424
-0.09129702724021627,-0.09129702724021627,1.0006389016370973,0.00017204654909449307
-0.09012114794022637,-0.09012114794022637,0.9999004978198185,0.0001756610640993472
-0.08869482909503859,-0.08869482909503859,1.0003576718070863,0.00017367425866366784
-0.0870142155297799,-0.0870142155297799,0.999390469260215,0.00017233821871626316
-0.08533727592948707,-0.08533727592948707,1.0002650485242839,0.00017257642250296227
-0.08329342472497955,-0.08329342472497955,0.9995969974656915,0.00017157517745014663
-0.08208334669907344,-0.08208334669907344,1.00015543745715,0.00017183991349221727
-0.0801480413378158,-0.0801480413378158,0.9999213366527318,0.00017454042547357688
-0.07917088235699339,-0.07917088235699339,0.9994101945352879,0.00017251876262382174
-0.07706822338877828,-0.07706822338877828,0.9996954780468338,0.00017245011583063034
-0.07519322831576573,-0.07519322831576573,1.0001291311315668,0.00017133257458936112
-0.07325556366849924,-0.07325556366849924,1.0002340491431698,0.00017691604327492054
-0.07188494126530713,-0.07188494126530713,1.000092173636311,0.00017406685890988124
-0.07081222666238318,-0.07081222666238318,0.9999386632152707,0.00017175598819437328
-0.06930090439782362,-0.06930090439782362,0.9999253809513334,0.0001732675239535788
-0.0680349380869302,-0.0680349380869302,0.999815464914217,0.0001715664131724812
-0.06637330156372627,-0.06637330156372627,0.9998484033087978,0.00017244609875810983
-0.06443228953939979,-0.06443228953939979,0.9998311772737107,0.00017698914953039044
-0.06336481675243703,-0.06336481675243703,1.0001402375539032,0.0001717172461205881
-0.06188406212386326,-0.06188406212386326,1.000144813784678,0.0001736266790939156
-0.06035963717149571,-0.06035963717149571,0.9999465598056316,0.00017252508268068866
-0.05805500834903796,-0.05805500834903796,0.9990068545387374,0.00017268195014614646
-0.05658892533829203,-0.05658892533829203,1.0005412286136046,0.00017137362581171148
-0.05464169619008317,-0.05464169619008317,1.0006668262614533,0.00017528946885038467
-0.05315935599282966,-0.05315935599282966,0.9999131520343282,0.00017324907125417465
-0.052111126569798216,-0.052111126569798216,1.0009506444117409,0.0001724692244345004
-0.0496778542001266,-0.0496778542001266,1.0000635185437767,0.00017244942432724354
-0.04801960531694931,-0.04801960531694931,0.9997275798882675,0.0001761079733182546
-0.046073673334467456,-0.046073673334467456,1.00012601598621,0.00017486143229885348
-0.04519379018456675,-0.04519379018456675,1.0001077298223624,0.00017195740390942244
-0.04410098827065667,-0.04410098827065667,1.000337788113163,0.00017900240928227926
-0.04229301119921729,-0.04229301119921729,1.0001424170988982,0.00017230493909428844
-0.041482949680357706,-0.041482949680357706,1.0001827397242824,0.00017208357177926243
-0.03891763138162787,-0.03891763138162787,0.9998874357865922,0.00017292861464130333
-0.037738014726346594,-0.037738014726346594,0.9999926310941756,0.00017153011562786262
-0.03650128711233265,-0.03650128711233265,1.000442716521507,0.00017430778313227182
-0.03460974327972508,-0.03460974327972508,0.9997722415421488,0.0001730863977546056
-0.03323211498791352,-0.03323211498791352,1.0006919517589226,0.00017166929977772264
-0.031059773988090456,-0.031059773988090456,0.9996591688670463,0.00017293777424700344
-0.029756008483673213,-0.029756008483673213,0.9999991063393324,0.00017129909797314568
-0.02837129627878312,-0.02837129627878312,1.0000078340734497,0.0001766496492424412
-0.026981178810819982,-0.026981178810819982,0.9998383189530958,0.00017365792054155148
-0.025895876772119665,-0.025895876772119665,0.9992829083672005,0.00017141227247353448
-0.023988703272334534,-0.023988703272334534,0.9997230023221159,0.00017357534041484353
-0.022686490337218857,-0.022686490337218857,1.0001164586107716,0.0001718574962212206
-0.020419819420931164,-0.020419819420931164,1.000239780536058,0.00017266940877537764
-0.01897997887135716,-0.01897997887135716,0.9992280852191582,0.00017544994787437203
-0.017778389154409525,-0.017778389154409525,1.0001391485626026,0.0001737104133248091
-0.015839841873093972,-0.015839841873093972,1.0000124645700672,0.00017221013657707152
-0.014510216673079413,-0.014510216673079413,0.9998213039524956,0.00017196362764565118
-0.012468138318217825,-0.012468138318217825,1.0006439834768135,0.00017255828252449472
-0.011218283106427408,-0.011218283106427408,0.9998215645438885,0.00017137457141121627
-0.009042576977662975,-0.009042576977662975,1.000258411902249,0.00017456055343895383
-0.008144453044224065,-0.008144453044224065,1.000351705074134,0.00017318783794884887
-0.0067169487476348875,-0.0067169487476348875,1.000342165599899,0.00017283740030843325
-0.004539665182528551,-0.004539665182528551,1.00034967503941,0.00017177970204432187
-0.0027093739932752214,-0.0027093739932752214,1.000255458521177,0.00017617058502803165
-0.0008785618229012471,-0.0008785618229012471,0.9998469797628946,0.00017447379083370437
0.0001493303534516599,0.0001493303534516599,1.0000132324657627,0.00017181507553173635
0.0015792606929608155,0.0015792606929608155,1.0004382277611952,0.0001781750984825133
0.0029735114701907152,0.0029735114701907152,1.0004001676327896,0.00017209140420115717
0.004520451994903851,0.004520451994903851,1.0002874026328419,0.00017211414986234282
0.006793422270129667,0.006793422270129667,1.0000884150990612,0.0001720906964877247
0.007834802929573925,0.007834802929573925,1.000273407834022,0.0001717013593359753
0.009638797869411065,0.009638797869411065,0.9996406508268452,0.00017412628398228016
0.010837813866965007,0.010837813866965007,1.0001766289909124,0.00017263596277709408
0.01314713483225205,0.01314713483225205,0.9997834764851025,0.00017277090232376656
0.01460993058863096,0.01460993058863096,1.0003661837061875,0.00017135940341459117
0.016562513173994375,0.016562513173994375,0.9999938733142463,0.00017568706467011418
0.018040593947080196,0.018040593947080196,0.9997953568214335,0.00017354818559833584
0.01900661401305115,0.01900661401305115,0.9996628315097527,0.00017143126896521365
0.020906953952362528,0.020906953952362528,1.0003521145681984,0.00017341578773805312
0.02254554887404083,0.02254554887404083,1.0001292747098711,0.00017180845385527283
0.02512594447180163,0.02512594447180163,1.0000500044774587,0.00017559061589482455
0.02622146391950082,0.02622146391950082,1.0000115236880043,0.00017176550283253854
0.02781216431831126,0.02781216431831126,0.9998752817759462,0.00017417801639278203
0.029266826240927912,0.029266826240927912,0.9998185250447387,0.0001714358555757812
0.03120433873773436,0.03120433873773436,1.0000678869834534,0.00017315361661804924
0.03309009395525209,0.03309009395525209,1.000353981411181,0.00017150650869609283
0.03433965717194951,0.03433965717194951,1.0005103537731634,0.00017442607950441684
0.03619334808827261,0.03619334808827261,1.0001805782339361,0.00017187036736581143
0.03692967841998325,0.03692967841998325,1.00009543527745,0.000172546926181158
0.03903120548275183,0.03903120548275183,1.0004632329635874,0.0001724639798761524
0.04090696712519275,0.04090696712519275,1.0009831339956166,0.0001714098555206756
0.042842698784079404,0.042842698784079404,1.000387827845241,0.0001769316689519641
0.044215480315324386,0.044215480315324386,1.0001622531857006,0.00017398948512489443
0.04528762847330654,0.04528762847330654,0.9998672116470162,0.00017177875316026935
0.046798281009250785,0.046798281009250785,0.9998252540066368,0.0001733033467738748
0.048065764023340306,0.048065764023340306,0.9999493932178473,0.00017157989651036127
0.04997493630435201,0.04997493630435201,1.0001960721154695,0.00017291695062682886
0.051832708795700455,0.051832708795700455,0.9994783637041642,0.00017680020609780835
0.05298722905426985,0.05298722905426985,1.0002323972675917,0.00017147506293622042
0.05459544780969736,0.05459544780969736,1.000273739779098,0.0001736545308070564
0.0560053522225644,0.0560053522225644,0.9997214401646624,0.0001724665825200334
0.058547672795248216,0.058547672795248216,1.0003915523386442,0.0001725018947027264
0.05955520778661594,0.05955520778661594,1.0003241164606804,0.0001714630633350507
0.061457771917048376,0.061457771917048376,0.9998569075804559,0.00017532833413277216
0.06288625934830634,0.06288625934830634,1.0001065937329976,0.00017319024131973295
0.06368467931242776,0.06368467931242776,0.9996765227990825,0.00017169840709666448
0.06594209142931504,0.06594209142931504,0.9999837093664595,0.00017290257828887597
0.06764065010574996,0.06764065010574996,0.9998546747472388,0.0001717707749866241
0.06972948709953926,0.06972948709953926,0.9997625553242292,0.00017634603918875068
0.0708847759240598,0.0708847759240598,0.9998466966260023,0.0001748336391460911
0.07199848762102193,0.07199848762102193,0.9999477418742249,0.0001788629036740559
0.0738064012133691,0.0738064012133691,0.999992470211178,0.0001722385617898445
0.07436551839273306,0.07436551839273306,0.9997227177198316,0.0001716756897373821
0.07667389627604279,0.07667389627604279,1.0007154575611146,0.00017320765946445032
0.07815777284704381,0.07815777284704381,1.0004559787367984,0.00017169206375335428
0.07934398155412055,0.07934398155412055,1.0002363751327432,0.00017386248736923768
0.08116516775771743,0.08116516775771743,1.0000301174360415,0.00017212750037623516
0.08229675851180218,0.08229675851180218,0.9997699227956689,0.0001725173013407841
0.08484934801454073,0.08484934801454073,0.9995871639438889,0.0001726506873344804
0.08619939600321232,0.08619939600321232,0.9997066212233214,0.00017148347965316603
0.08772694499421049,0.08772694499421049,1.0003979803916088,0.00017666256327283745
0.08911361681748531,0.08911361681748531,1.0000396981642576,0.00017359250999433767
0.08995109610623331,0.08995109610623331,1.0000242342469028,0.00017177429142872861
0.09169087834452512,0.09169087834452512,1.0000835255045957,0.0001732710535990506
0.09319177757715806,0.09319177757715806,1.0003741081203525,0.00017208554060721063
0.09540943778192741,0.09540943778192741,1.0000402786925995,0.00017240177723632037
0.097121085706749,0.097121085706749,0.9996926745743584,0.00017532660939762528
0.09832099456471041,0.09832099456471041,0.9995279520494929,0.00017373857057786962
0.10026057472568936,0.10026057472568936,0.9998644773029145,0.00017213481353648777
0.10158938622262212,0.10158938622262212,0.9997654537031417,0.0001719632078719108
0.10363151725832723,0.10363151725832723,1.0001786158034054,0.00017262523860154811
0.10464786209704471,0.10464786209704471,0.9998098157784936,0.00017119320134444363
0.10668464189511724,0.10668464189511724,0.9997124925054683,0.00017511706043195113
0.10784060778823915,0.10784060778823915,1.0004681386184944,0.00017307234377634745
0.10888903999948525,0.10888903999948525,1.0001944537696128,0.00017234618763333078
0.11131759853160475,0.11131759853160475,1.0000151244711102,0.00017232818236289003
0.112920429843507,0.112920429843507,1.000372772842178,0.00017165270507508453
0.11462500960988109,0.11462500960988109,0.9997789592423281,0.00017591939542466723
0.11579002285870957,0.11579002285870957,1.000211342282269,0.00017429926618084098
0.11689370246167527,0.11689370246167527,1.000282175874311,0.00017813113398702766
0.1187463662296068,0.1187463662296068,0.9992909770167326,0.00017222547539893674
0.11971954766122508,0.11971954766122508,1.0003514032905862,0.00017188672248577306
0.12231890211842256,0.12231890211842256,1.0000403487700322,0.00017265086826877474
0.12342735478596296,0.12342735478596296,1.0005545431275003,0.0001713577850673335
0.12495127304719063,0.12495127304719063,0.999860695916543,0.00017450093221409432
0.12655331257119543,0.12655331257119543,1.000101832349254,0.000172514534976335
0.1282771810700069,0.1282771810700069,0.9995361826200566,0.0001726761149995481
0.1301650082139531,0.1301650082139531,1.0003427212262104,0.00017152815135221413
0.1318691394320922,0.1318691394320922,1.0001026688850074,0.00017535442925724294
0.13371276807665708,0.13371276807665708,1.0004799517864766,0.00017315562630395776
0.1346230992297933,0.1346230992297933,1.0005288311410574,0.00017192147495009445
0.13618464417086215,0.13618464417086215,0.99960111554654,0.00017311865655028283
0.13785699633881449,0.13785699633881449,1.0000549147907822,0.0001718274156960466
0.1403001253725961,0.1403001253725961,0.9999911166079635,0.00017246706169412479
0.14191149744583526,0.14191149744583526,0.999824433476121,0.00017533952408863588
0.14302699108375236,0.14302699108375236,1.0001645071963645,0.00017315575305253876
0.14504813338135136,0.14504813338135136,0.9999902640373559,0.00017284672979368283
0.14635912213343544,0.14635912213343544,0.9997512880552204,0.00017175438382711607
0.14866620806496939,0.14866620806496939,0.9996303026416407,0.00017256933805594247
0.14982043876880197,0.14982043876880197,1.0000053949745156,0.00017114265348768285
0.15167159849006567,0.15167159849006567,0.9998696944752137,0.00017504639927879524
0.15285725696521696,0.15285725696521696,1.000394330913784,0.00017251492611185834
0.1545932643515698,0.1545932643515698,1.000196417381128,0.00017199602065651648
0.15674076516806962,0.15674076516806962,1.000028155603991,0.00017170815423222082
0.1585480237255979,0.1585480237255979,1.000204636470252,0.00017617393305369402
0.1601208953637979,0.1601208953637979,0.9997088051697137,0.00017412681875202178
0.16115037198760546,0.16115037198760546,1.0002833833902565,0.0001718653503884734
0.16251320679075434,0.16251320679075434,0.9998211953187692,0.00017347641477737016
0.16397538019518834,0.16397538019518834,1.0000162580966594,0.00017206250228175848
0.1654354837985011,0.1654354837985011,1.00028020189184,0.00017185065632599337
0.1675010165097774,0.1675010165097774,1.000617403901512,0.00017200909011997213
0.16857640602029278,0.16857640602029278,0.9995126244477838,0.00017646979090146607
0.16991780267635476,0.16991780267635476,0.9996298815249149,0.00017419894720171347
0.17164970390003872,0.17164970390003872,1.0000163577329775,0.0001717123150650141
0.17362286797069829,0.17362286797069829,1.0000899846079077,0.00017327265614284826
0.17534818533604266,0.17534818533604266,1.0008026981564426,0.00017153605725923576
0.17737009271077114,0.17737009271077114,1.0002981486635851,0.00017493521994570225
0.1789860522527306,0.1789860522527306,1.0006365031155566,0.0001732101249793077
0.17978467644788906,0.17978467644788906,0.9999772276361079,0.00017167533126209483
0.18204203131608665,0.18204203131608665,1.0002022849304708,0.00017298819348426556
0.18374033770305687,0.18374033770305687,1.0003368745981827,0.0001718106443320428
0.18582899756002008,0.18582899756002008,1.0000163452945423,0.00017627238468240718
0.1869853634838364,0.1869853634838364,0.9998634598066716,0.00017472994742264675
0.18809796164277942,0.18809796164277942,1.0006149345800612,0.0001788195074713275
0.18994676678048564,0.18994676678048564,0.9998110507698075,0.00017232000445777646
0.1912565278369584,0.1912565278369584,1.0004432821880365,0.00017180438599119786
0.19356329967195052,0.19356329967195052,0.9992963944203789,0.00017221360386565615
0.19462808620301075,0.19462808620301075,0.99995488524615,0.00017178374290176485
0.19615953742322745,0.19615953742322745,1.0001690231272222,0.00017469440347029597
0.19774977551278425,0.19774977551278425,1.0000811991219711,0.00017253839913963253
0.19912960129586282,0.19912960129586282,1.0002586573530372,0.00017218579286970497
0.20094925956582302,0.20094925956582302,1.0002249106545846,0.00017275098907981452
0.2022994780934823,0.2022994780934823,0.9998417690383183,0.00017156040268467607
0.20382518346450523,0.20382518346450523,1.0006161113555425,0.0001766061923399532
0.20521393625822384,0.20521393625822384,1.000257495368717,0.00017344086313185374
0.20605117856102878,0.20605117856102878,0.9999190849205066,0.000171779224987119
0.20767270306387217,0.20767270306387217,1.0004124749046575,0.00017312226413235772
0.20905517481660355,0.20905517481660355,0.9998118969747036,0.0001718560373000423
0.2109592623943172,0.2109592623943172,1.0005177692650822,0.00017295212239039316
0.2129675735392084,0.2129675735392084,0.9997148801483041,0.00017523617869850662
0.2142271167904255,0.2142271167904255,1.00018442604349,0.00017329566145468282
0.21593735423884935,0.21593735423884935,0.9999184096166429,0.0001724967606209519
0.2172194887585647,0.2172194887585647,1.0000311330733274,0.0001714997022117822
0.21953928336079115,0.21953928336079115,0.9998191632978642,0.0001729871298693107
0.22054543522535824,0.22054543522535824,1.0003769084862149,0.00017148393602335873
0.2222667627494957,0.2222667627494957,0.9999868545941993,0.00017458073824024666
0.22388049310757197,0.22388049310757197,1.000002962385881,0.00017207191106620562
0.22468822322334744,0.22468822322334744,0.9999740254294387,0.0001726189840213245
0.22694144298438915,0.22694144298438915,1.0000682464035722,0.00017294631384120795
0.22861232547220425,0.22861232547220425,0.9997670385252555,0.0001718090887470636
0.23040694592054933,0.23040694592054933,1.0008368580981872,0.00017662363328698038
0.23172092007735046,0.23172092007735046,0.999951191355296,0.0001742044885601057
0.2328182694669522,0.2328182694669522,1.0009061105838293,0.000176526909802695
0.23448526533611586,0.23448526533611586,1.0000589633746464,0.00017299891287038966
0.23559124860839803,0.23559124860839803,0.9997549039557848,0.00017223444573361634
0.23782546825168538,0.23782546825168538,1.0000497096818612,0.00017244431556839136
0.23948646533754073,0.23948646533754073,1.0003277795779513,0.00017133879869766068
0.24108937239216174,0.24108937239216174,1.000529354986907,0.00017439467462983938
0.24284103373647667,0.24284103373647667,1.0000553014688571,0.00017189537514086448
0.2448319547715073,0.2448319547715073,1.0001267442900383,0.00017326201627934756
0.24651216380880214,0.24651216380880214,0.9993381216669736,0.00017178872259925054
0.24796888744313036,0.24796888744313036,1.0001751568412958,0.00017527858936653147
0.24981251960562076,0.24981251960562076,0.9993156779084836,0.00017167999036202085
0.25072341053164565,0.25072341053164565,1.0001308513862184,0.0001732759799700033
0.2522840811376227,0.2522840811376227,0.999589034897736,0.00017307245824822948
0.2539572176850925,0.2539572176850925,1.0002684878632224,0.000171861788470206
0.25593751665219316,0.25593751665219316,0.9999660106128738,0.00017231743641268467
0.2578050279378658,0.2578050279378658,1.00006542038208,0.00017533660479818642
0.2588940624438692,0.2588940624438692,0.9995459062941503,0.00017146115542873404
0.26079607386054704,0.26079607386054704,1.0003621223701613,0.00017364951337118847
0.2619143483403604,0.2619143483403604,1.0005994309002832,0.00017212259428555027
0.2644888948139851,0.2644888948139851,0.9999718242280713,0.00017291060489783633
0.2656508893182036,0.2656508893182036,0.9997695509024389,0.0001711393001735244
0.2673677080616471,0.2673677080616471,0.9994277046143848,0.00017483424132414663
0.26884046164705067,0.26884046164705067,0.9998839397094688,0.0001729895303123533
0.270169102386717,0.270169102386717,0.9996681653494314,0.00017160172242186364
0.27256238751797357,0.27256238751797357,1.0003760783869162,0.00017170492611836766
0.27430847951327453,0.27430847951327453,0.9998099056415404,0.00017607510169445693
0.2759267177381844,0.2759267177381844,1.0006339205308254,0.00017414318274778026
0.2770172811222437,0.2770172811222437,0.9997831617706374,0.00017203371993265517
0.2782150935505342,0.2782150935505342,0.9993769430915098,0.00017330901108817648
0.279898346234404,0.279898346234404,0.999793591818969,0.0001718198728480448
0.28116626052942595,0.28116626052942595,1.0000857331478388,0.00017231652209954572
0.2836249022286211,0.2836249022286211,0.9997922163398117,0.0001767304767280687
0.2849352995173831,0.2849352995173831,0.9994837538463092,0.00017167716061803292
0.2864150204411999,0.2864150204411999,0.999770331386862,0.00017345958931254914
0.287941295930068,0.287941295930068,0.9999105543230471,0.0001724684858534343
0.29024416359170574,0.29024416359170574,0.999948356274152,0.00017272135851369115
0.29159115300353733,0.29159115300353733,1.0000993655481176,0.0001716607217993001
0.29321496271513753,0.29321496271513753,1.0003612288706953,0.00017523452108703848
0.2949655512871686,0.2949655512871686,0.9995580585497607,0.0001718370960028787
0.2956267578774714,0.2956267578774714,1.0001221282666273,0.00017291680369444878
0.2976456253185461,0.2976456253185461,0.9999040876089959,0.00017309852536431282
0.29940377889361114,0.29940377889361114,1.000806835700238,0.00017130173396121405
0.3016162584965059,0.3016162584965059,0.9998515581313324,0.00017688177474783898
0.3029167735890951,0.3029167735890951,1.0004039642508227,0.0001745031421524052
0.3040185462057707,0.3040185462057707,0.9998793406996829,0.00017719453711176924
0.3056898787777754,0.3056898787777754,1.0000930963739751,0.00017310476639446066
0.30681837654774424,0.30681837654774424,1.0001073868128911,0.0001720482354725925
0.3093790799837734,0.3093790799837734,0.9999678771249126,0.0001729000215056565
0.310561450082605,0.310561450082605,1.0006162516979464,0.00017162785577721248
0.31179789634625193,0.31179789634625193,1.0000335465318793,0.00017427263389041924
0.31368982508502086,0.31368982508502086,0.9993480719184952,0.00017301500740301757
0.315022508684342,0.315022508684342,0.999262907257459,0.00017134602454417654
0.3170491686221794,0.3170491686221794,1.0001853932689928,0.0001726264218837431
0.3183995592451538,0.3183995592451538,0.9997993136354231,0.00017148347406596224
0.3199234194435121,0.3199234194435121,1.0002047921797235,0.00017656112056107292
0.32131425382685846,0.32131425382685846,0.9998812533062653,0.00017345562066315757
0.3221512600823189,0.3221512600823189,0.9998820686979022,0.000171737979650526
0.32388921676465543,0.32388921676465543,0.9996129118264317,0.00017322408638287232
0.32539181356696645,0.32539181356696645,1.0002033453533132,0.0001720931257624572
0.32760738652432336,0.32760738652432336,1.0006464715951098,0.00017251725557989494
0.329207742329163,0.329207742329163,0.9995046351622257,0.00017574680965489522
0.33032710675906857,0.33032710675906857,0.999940589083241,0.00017331609595591378
0.3320373268223193,0.3320373268223193,0.9999667325146072,0.0001724758955149944
0.3336610259204463,0.3336610259204463,1.000054076419982,0.00017177291619710814
0.3358308234193828,0.3358308234193828,0.9996485778249852,0.00017257387014733632
0.3368484862250625,0.3368484862250625,1.0002121527564045,0.00017118040492259334
0.3385585754265776,0.3385585754265776,0.9994821028493893,0.0001748041474641717
0.339979708721512,0.339979708721512,0.9995581863028897,0.00017215817943775925
0.3407887699337152,0.3407887699337152,0.9994823628640568,0.00017255182081228512
0.3435166698989633,0.3435166698989633,0.9998276330331436,0.0001723683105792455
0.34512001616385535,0.34512001616385535,1.0000033411726128,0.00017166483842133586
0.34682399222365345,0.34682399222365345,1.0003208813720168,0.00017589215955461553
0.3479911780545081,0.3479911780545081,0.9999450438343309,0.00017426992979618347
0.34939016180724136,0.34939016180724136,1.000350290606617,0.00017351055378137442
0.3510947528084216,0.3510947528084216,1.000190577799892,0.0001718156830610686
0.35237360421087943,0.35237360421087943,1.0002806638349895,0.0001723620996180089
0.3548059259141155,0.3548059259141155,0.999784525967284,0.00017196430601133515
0.35613495719226196,0.35613495719226196,1.0001982873117967,0.0001716782644357887
0.35799867838431965,0.35799867838431965,0.9997072547516839,0.00017387017828736042
0.35940237558606897,0.35940237558606897,1.0001349382321734,0.0001725239633361764
0.3619483046953974,0.3619483046953974,1.0000180375319796,0.00017254408437393417
0.3633001685178897,0.3633001685178897,0.9996858194884537,0.00017155975204349047
0.3652238154121733,0.3652238154121733,0.9997708376701482,0.00017514005737772018
0.36645656570617574,0.36645656570617574,1.0000385443484414,0.00017354149408953487
0.367524329029402,0.367524329029402,1.0001387958989725,0.0001727414914325868
0.3696520030825923,0.3696520030825923,1.000037208052354,0.0001722002537840511
0.37104247317111005,0.37104247317111005,1.0002714929509098,0.00017177031049667946
0.37313238262286175,0.37313238262286175,1.0001582894403764,0.0001768249059180916
0.37428123343925107,0.37428123343925107,0.9996106775454889,0.0001752040432289975
0.37570237007312246,0.37570237007312246,1.0000909209484172,0.00017367336703253121
0.37738804471155163,0.37738804471155163,0.9998865402107157,0.00017231973344272446
0.37906021004528156,0.37906021004528156,0.9996768531885604,0.00017260000804876036
0.3811057687831635,0.3811057687831635,1.000564470898513,0.00017157123503183967
0.38203134287468854,0.38203134287468854,1.0001437902654486,0.00017178241911566192
0.38386872346673045,0.38386872346673045,1.0001019822976656,0.00017503905182580522
0.38505824118692544,0.38505824118692544,0.9998799057662403,0.00017245537120853883
0.38679205576045206,0.38679205576045206,1.0000124989707624,0.00017199834979767726
0.3889413924094697,0.3889413924094697,1.0001851950167011,0.0001716864420085986
0.3907463459559949,0.3907463459559949,1.0000356656860816,0.00017610131268996527
0.3923207610168902,0.3923207610168902,0.9999987613141681,0.00017409698920798576
0.39335056181298567,0.39335056181298567,0.9995013699900103,0.00017180908782883072
0.39471112730388996,0.39471112730388996,0.9998319288593386,0.00017351739015904517
0.39617573568975784,0.39617573568975784,0.9997826454600693,0.0001720477896029274
0.3977130858518649,0.3977130858518649,0.9996579385281453,0.00017203603615623282
0.40002183786491513,0.40002183786491513,0.9991438439386767,0.00017656791071848628
0.40128835006689767,0.40128835006689767,1.0000938409478244,0.00017152606288845155
0.40289381835827953,0.40289381835827953,0.9999966009408577,0.00017358225619281054
0.40430681485013337,0.40430681485013337,1.0005623404496244,0.00017238663445168836
0.40684523994641497,0.40684523994641497,0.9999292835720837,0.00017299739093030043
0.40789537811651827,0.40789537811651827,0.9993152519001297,0.0001709044096913305
0.4100906066239986,0.4100906066239986,0.9997346533886852,0.0001753632871719207
0.41124064428004203,0.41124064428004203,1.0000510843159995,0.00017311166919714322
0.41228896004831767,0.41228896004831767,1.000339003257471,0.00017245010785902053
0.41472034676044134,0.41472034676044134,0.9997290278683888,0.00017243541488679343
0.41638076281378744,0.41638076281378744,1.000077548545363,0.00017586933934022993
0.41832646872135226,0.41832646872135226,0.999639680109596,0.00017465146608309953
0.4194217234973621,0.4194217234973621,0.9999883559817893,0.00017207107446460927
0.42068037546705456,0.42068037546705456,1.0001436415372567,0.00017852942971665654
0.42229108184183134,0.42229108184183134,1.000117049795226,0.00017188329818943924
0.42358080993726616,0.42358080993726616,0.9999188872541929,0.00017225160747991438
0.42576242086433924,0.42576242086433924,1.0000789225596058,0.00017225262718050823
0.42682784535281826,0.42682784535281826,0.9996585832209925,0.0001718561842180984
0.4283574797322217,0.4283574797322217,0.9997260375909338,0.0001746536871600611
0.4299506672512507,0.4299506672512507,0.9999534919499327,0.00017251147849264874
0.43160528441512724,0.43160528441512724,0.9997156290005365,0.00017193613990141
0.433339012417855,0.433339012417855,0.9998344136377616,0.0001728203932669067
0.43488492235992454,0.43488492235992454,0.9998069300545639,0.00017134614753317611
0.43620982194406677,0.43620982194406677,0.9997389212696387,0.00018593812303483202
0.43741457170035575,0.43741457170035575,0.9997837187418502,0.00017336428235889184
0.4382513400494645,0.4382513400494645,0.9996489949535183,0.00017172277701097864
0.4399883853569918,0.4399883853569918,0.999275405889702,0.00017320877504455864
0.4414918296963151,0.4414918296963151,0.9999286745241627,0.0001720535329841358
0.443706357316114,0.443706357316114,0.9997058750125472,0.00017245716312305526
0.4453082825551974,0.4453082825551974,0.9990539186017043,0.00017560142053124524
0.44642709517502227,0.44642709517502227,1.0000834700579282,0.00017322235784789943
0.4481372969174117,0.4481372969174117,1.0004098150128518,0.00017254837412645832
0.4497607605320809,0.4497607605320809,1.0002966960224495,0.00017181635383505068
0.4519304730791191,0.4519304730791191,0.9997337187922023,0.00017250386945662097
0.4529487934640201,0.4529487934640201,1.0007937961424165,0.0001712289973712042
0.4546134626143612,0.4546134626143612,0.9998854441797912,0.0001746898694882614
0.4560789233917603,0.4560789233917603,1.0002248656647148,0.00017217224724129005
0.4568893144700269,0.4568893144700269,0.9995814135053103,0.0001725518316869475
0.4596162034016743,0.4596162034016743,1.0002164413612433,0.00017230935943350468
0.46121980776661076,0.46121980776661076,0.9999534672532688,0.00017162994706563874
0.4629234808817273,0.4629234808817273,1.0003418993995623,0.00017589673084312775
0.4640917543976684,0.4640917543976684,0.999941481896243,0.00017425599296006704
0.4654894274965045,0.4654894274965045,0.9999625197214417,0.0001735034193485201
0.4671952061507909,0.4671952061507909,0.999689411489437,0.00017185732777767076
0.4684726945728471,0.4684726945728471,0.9997672061958853,0.00017235978953772016
0.4709052305370278,0.4709052305370278,0.99965936934506,0.00017197275719860254
0.4722350060132158,0.4722350060132158,1.0002612857134017,0.00017173924747620648
0.473717144618422,0.473717144618422,1.0003029805284265,0.0001737000799943076
0.4752390990928689,0.4752390990928689,0.9997266742018116,0.00017259546347616744
0.4775460750759521,0.4775460750759521,1.000234794334173,0.0001727368377572707
0.47901052395172883,0.47901052395172883,1.0001663983079125,0.0001712888048325107
0.4809604201713228,0.4809604201713228,0.9994409560973821,0.00017549973004777597
0.48244062785015557,0.48244062785015557,0.9994911831358065,0.00017338666808344003
0.48340767230984055,0.48340767230984055,0.9994014268260812,0.00017144159623944355
0.4853049963247031,0.4853049963247031,0.9994132301249383,0.00017333369104164417
0.48670211308999567,0.48670211308999567,0.9996806539884073,0.00017130237140635385
0.4889242996396206,0.4889242996396206,0.999479837176741,0.0001773262748503429
0.49021309103409294,0.49021309103409294,0.999809500350303,0.00017505856961651402
0.4913187104692042,0.4913187104692042,0.9995664348529694,0.00017773414278897956
0.49299512697034514,0.49299512697034514,0.9999837283995442,0.0001735665488387077
0.4941152564708318,0.4941152564708318,1.0002427376426257,0.00017211170637927147
0.49668672751431586,0.49668672751431586,0.9998107072968289,0.00017287745869592542
0.497739013080718,0.497739013080718,1.0006956263634914,0.00017177746539172065
0.4990556572716741,0.4990556572716741,0.9998430470055762,0.00017421071252765146
